EAEA40015162 1   30010    010 100 0 00004211011301 0000001 000000000000001
EAEA40056161    110000    000 0 0 0 00004411000101 001   1 1 0000000000001
EAEA401291611    11000    000 0 0 0 0000221100010000000  00000000000000002
EAEA40141163    121000    000 110 0 01001111000101 1 1 1 1 0000001 0000001
EAEA40157161     10000    000 0 0 0 00005411000191 0000001 000000000000001
EAEA401851651  1 310011   110 0 0 0 00004211000191 1 00  00000000000000001
EAEA402351621  0 20000    010 10100 00004411000101 0000001 1 00000000001 4
EAEA40247162     11010    000 100 0 00004311000191 0000001 000000000000001
EAEA40312161    111010    010 0 0 0 00006431000101 1 00  1 1 0000000000001
EAEA40353164     11000    000 0 0 0 00002411000101 0000  1 000000000000001
EAEA40414161     11000    0010110 1100006311011301 1 00  1 001 1 000000001
EAEA40422162     21101    000 0 0 0 01002312000191 0000  1 0000001 0000003
EAEA40436161  1  11010    010 0 0 0 0000613100010000000  00000000000000001
EAEA40450161     10101    000 0 0 0 00004311000101 00000000000000000000001
EAEA404971631 1 130010    010 100 0 00004411000101 001 1 1 000000000000001
EAEA405051621    101011   000 100 0 00006411100191 0000001 000000000000001
EAEA40526162    120000    0010100 0 00006411000191 0000  00000000000000001
EAEA40593161     10000    000 0 0 0 00001411000191 0000  1 000000000000001
EAEA40655162     11101    000 0 0 0 00005211000191 0000  1 00001 000000001
EAEA40664161 1   10000    000 0 0 0 00003411000190000000000000000000000001
EAEA40670162 1   20000    000 0 0 0 0000631100019000000  00000000000000001
EAEA40724161     30010    000 0 0 0 00004411000191 0000  1 000000000000001
EAEA40739161     201011   101011100 0000322201029011 00  00001 1 000000001
EAEA407461611    11110    000 0 0 0 00001411000101 0000  1 000000000000001
EAEA40767161 1   11001    000 0 0 0 00004111000101 0000  011 0000000000001
EAEA40780161 1   21010    000 110 0 00005411000191 0000  1 1 001 001 00001
EAEA40795163     10010    010 100   0000141100019000000  1 010000000000001
EAEA40800161  1  11010    000 0 0 0 00004211000101 0000  1 000000000000003
EAEA40821161     10000    000 0 0 0 00006411000191 00000000000000000000001
EAEA40865161     20100    0110100 0 10004311000191 0000  00000000000000001
EAEA40876161     31110    000 0 0 0 0000345100010000000  1 000000000000001
EAEA40925161     200011   100 0 0 0 0000331100019000000  00000000000000003
EAEA40986161     20000    000 0 0 0 00003411000191 00000000000000000000001
EAEA40994162     10000    010 0 0 0 00003411100191 001 001 000000000000001
EAEA410101621    11000    000 0 0 0 01004411100191 1 001 1 0000001 0000001
EAEA41084165 11  21000    000 100 0 000014110102000001 001 000000000000001
EAEA41096161     11000    010 0 0 0 00003211000191 1 00  1 1 0000000000002
EAEA41111161     11000    000 0 0 0 01004311000191 0000  000000001 0000001
EAEA41124163  1 031010    000 0 0 0 10006231011301 1 00  1 1 0101000000004
EAEA41152163     20000    000 0 0 0 00005411000190000000000000000000000001
EAEA41195161     30010    010 0 0 0 0000531100019000000  00000000000000001
EAEA41207161     20101    000 0 0 0 00005411000191 0000001 000000000000001
EAEA412741631    31111    100 100 0    033220 0301 0     01000000001 1 001
EAEA412891611    20000    000 0 0 0 0000601100019000000  01000000000000001
EAEA41325162     10000    000 0 0 0 00003411000191 0000  1 000000000000001
EAEA41333163  1  11010    000 0 0 0 00001411000101 0000  1 1 0   000000001
EAEA41361161     21100    00100 0 0 00004411000191 00000000000001000000001
EAEA41372163     11000    000 0 0 0 0000341100019001 00  00000000000000001
EAEA41386162111  21010    000 0 0 0 00002211000191 0000  1 000000000000001
EAEA41394161     21001    100 0 0 0 00001411000101 001 1 1 000000000000001
EAEA41431165 1   11010    010 0 0 0 1000231100010000000  0000001 000000001
EAEA41443161     10010    010 0 0 0 00006111000191 0000  0000001 000000001
EAEA43011162 1   10000    000 0 0 0 00006111000191 01000001000000000000001
EAEA43024161     10000    000 0 0 0 0000141100010000000  00000000000000001
EAEA430521641    30000    000 0 0 0 00003311000191 1 00  1 000000000000001
EAEA430781611    211011   100 100 1000002411000191 00000001000000000000001
EAEA43095163     3   11   100 0 0 0 10002411000191 0000001 000000000000001
EAEA43104161     11000    000 0 0 0 00006111000191 0000  1 000000000000001
EAEA431121651    110011   010 0 0 0 00002411000101 00000000000000000000001
EAEA43138163    1300011   0011110 0 10001211000191 1 00001 00001 000000004
EAEA43145161     21101    000 0 0 0 00003411000191 0000  1 000000000000001
EAEA43166161     20000    000 0 0 0 00003311000101 0000  1 000001000000001
EAEA43177161     10000    000 0 0 0 00006411000191 0000  1 1 0000000000001
EAEA43181161     20000    000 0 0 0 00005411000101 1 01  01000000000000001
EAEA43206164     20010    000 0 0 1000006111000191 00000000000000000000001
EAEA43255162     31000    000 0 0 0 00004311000101 0000  00000000000000001
EAEA43264161     21010    000 0 0 0 00006211000101 0000  00000000000000001
EAEA43270161     20100    000 0 0 0 00005311000191 1 00  001 0000000000004
EAEA43292161     10000    000 0 0 0 00004411000191 0000  1 1 0000000000001
EAEA43334162     21000    000 0 0 0 00003311000101 00000000000000000000001
EAEA43357161 1   31000    000 0 0 0 00003211000101 0000  1 000000000000001
EAEA433901630 1  30101 1  000 100 0 00006311000101 0000  011 0000000000001
EAEA43459163     20000    000 0 0 0 00003411000191 0000  011 0000000000002
EAEA435221611   120101    000 0 0 0 00004411000101 0000  1 000000000000001
EAEA435481631    211011   100 0 0 0 00005311000191 011 1 1 00001 000000003
EAEA43550163    130010    010 110 1000006411010101 001 010100001 000000001
EAEA4356916     130100    000 0 0 0 00004411000191 0000  001 0000000000001
EAEA43597161     30000    010 0 0 0 00006311000191 0000  1 1 0000000000001
EAEA436351631    31000    100 0 0 0 00006411000191 1 00  1 000000000000001
EAEA43684163     20000    000 0 0 0 00003411000191 0000001 000000000000001
EAEA43707162     10000    000 110 0 00006211000191 1 1 1 1 000000000000001
EAEA43715161     20000    000 0 0 0 00001311000101 0000  1 000000000000001
EAEA43730161     11000    000 0 0 0 00006211000191 0000  1 000000000000001
EAEA43742162     20000    000 0 0 0 00003211000191 0000  1 1 0000001 00001
EAEA43774161     10000    000 0 0 0 00003311000191 0000001 000000000000001
EAEA43789165 1   110111   000 0 0 0 00002411000101 0000  000000000000001 2
EAEA43791163  1  11000    000 110 101000341100010010000  0000001 001 00001
EAEA43809163     40000    000 0 0 0 00006411000191 1 000000000000000000002
EAEA43840161    110010    010 100 0 00001211000101 00000000000000000000001
EAEA43858161     31000    000 0 0 0 0000241100010000000  00000000000000001
EAEA43872162 00  20010    000 0 0 0 00006411000191 0000001 000000000000001
EAEA438861621    110011   000 0 0 0 00001411000191 0000  1 000000000000001
EAEA439131611111111000    000 100 0 00004411000191 001 1 1 00001 1 0000001
EAEA439371611   110010    000 0 0 0 0000331100019000000  00000000000000001
EAEA43982163    110010    000 0 0 0 01001311000101 1 1 00001 00001 0000001
EAEA44017161     21000    00  110 0 000013110001 000000  0 000000000000001
EAEA44033162     20000    000 0 0 0 00003411000191 00000001000000000000002
EAEA44058162 1   30001 1  000 0 0 0 00002211000191 0000  1 000000000000001
EAEA44094161 1   11000    000 0 0 0 00003444000191 0000  1 1 00000000001 2
EAEA44126162     20000    000 0 0 0 00003311000191 0000001 000000000000001
EAEA44144161     211010   00100 0 0 00006111000191 001 1 1 000000000000001
EAEA44171163    120010    000 100 0 00003311000191 001 0000000000000000001
EAEA44213162    120001    000 0 0 0 00002411000191 00000000000000000000001
EAEA44249164  1  31001 1  000 100 0 10002311000191 00000001000000000000003
EAEA4428216111  120110    010 100 0 00006411000101 0100  0100001 010000001
EAEA44298161     20000    000 0 0 0 00006411000101 0000  001 0000000000001
EAEA44310162     30010    000 0 0 0 00006211000101 00000000001 00000000001
EAEA44351162     20000    000 0 0 0 0000331100019011 000000000000000000001
EAEA44368163  1  101011   0111100 1100002411000191 0000  1 00001 000000002
EAEA44396161     10000    000 0 0 0 00002411000101 001 1 1 000000000000004
EAEA44453163     31001    000 0 100 10006411000191 0000  00000000000000001
EAEA44515163 11  200011   000 0 0 0 0000441100010000000  01000000000000001
EAEA45034163     4   1    10  0 0 0 0000631100010000000  00000000000000001
EAEA45041163 1   110011   000 0 0 0 0000501101010000000  0000001 1 0000001
EAEA4505716111   11010    010 0 0 0 00002411000101 00000001000000000000001
EAEA450621621    20000    000 0 0 0 00003411000191 0000001 000000000000001
EAEA45125163 1   100011   000 0 0 0 00004311000191 00000001000000000000001
EAEA451581631111131101    000 11101110006311010201 1 0100011 001 001 00004
EAEA45186161     20001    000 0 0 0 00002311000191 0000  0000001 000000001
EAEA45194161     11001    100 0 0 0 00006411000191 00000001000000000000001
EAEA45214163 1   30010    010 0 0 0 00003411000100000000001000000000000002
EAEA45236161     10010    010 0 0 0 00006311000191 0000  001 0000000000001
EAEA45248163     20010    000 0 0 0 00002411000190000000001000000000000001
EAEA45275161     2110111  000 0 0 0 00006311000191 0000  1 000000000000001
EAEA45283161   1 211011   000 100 0 0000631100010000000  00001 01000000002
EAEA45303164  1  30000    010 0 0 0 0000621100019000000  00000000000000001
EAEA453111621 1  30000    000 0 0 0 00006411000191 1 1 0001000000000000001
EAEA453241631    200011   000 0 0 1000003311000101 0000001 000000000000001
EAEA45346162     11101    000 0 100 00003211000191 00011 1 1 0000000000001
EAEA45395161     10001    000 0 0 0 00005211000191 0000001 000000000000001
EAEA45400164 1   31110    000 0 0 0 01001411000191 00010001000000000000004
EAEA45437161111  11010    000 0 0 0 00006411000191 001 001 000000000000001
EAEA45454162     31001    000 0 0 0 00004411000191 00011 1 000000001 00001
EAEA45476162     20010    010 0 0 0 0000531100019000000  01000000000000001
EAEA45498161     11010    000 0 0 0 00005211000191 0000  1 000000000000001
EAEA45527165    140111 1  110 0 0 0 00001411000191 1 00001 000000000000001
EAEA45531161    120110    010 0 0 1000006411000101 00000001000000000000001
EAEA45588161     10000    000 0 0 0 00002411000191 0000  00000000000000001
EAEA45628162     310011   100 0 0 0 00004311000191 0000001 000000000000001
EAEA45630162 1  120010    000 100 0 00005311000191 001 001 000000000000001
EAEA45642163     100111   100 10100 10003411000191 001 001 1 001 000000001
EAEA45663162 1   31001    100 100 0 00002411000191 0100001 000000000000001
EAEA45689162     20000    000 0 0 0 00002411000191 0000  00000000000000001
EAEA45751162     21100    000 0 0 0 00006411000191 00001 1 000000000000004
EAEA45812161     20000    000 0 0 0 00004411000191 0000  1 000000000000001
EAEA458661611    100011   000 10100 0000641100019000000001 000000000000001
EAEA45899162     20010    000 0 0 0 00004211000191 0000  1 000000000000002
EAEA4591816511111100011   100 0 0 0 00001411000101 0000001 000000000000001
MWMW000131610000020000    000 0 0 0 00005211011201 001 001 000000000000001
MWMW00136161     11101    100 0 100 00004311000191 0000001 000000000000002
MWMW00148161000001100100001010100 1010006411011501 1 1 1 00011 1 000000001
MWMW001501610000020000    000 0 0 0 0000641110019000000  1 000000000000001
MWMW00169162111 13100111  100 100 0 01006111001301 001 1 1 00001 1 1 00003
MWMW001751611    110011   100 0 0 0 00006331000191 00000000000000000000001
MWMW00183162     20001    000 0 0 0 00001311000191 0000001 000000000000001
MWMW00197161000003 000    000 0 0 0 00002411000191 00000000000000000000001
MWMW00217161  1  211011   000 0 0 0 00005331100191 001   1 000000000000001
MWMW002251620000011100    000 0 0 0 00002011000191 1 00  1 1 0000000000002
MWMW00258164    110000    000 0 0 0 00002411000191 0000  00000000000000001
MWMW00272162     21100    000 0 0 0 00005211000191 00000000000000000000002
MWMW00286162     10000    000 0 0 0 00001411000191 0000  1 1 0000000000001
MWMW0030616100100201010000000 110 0 10005211000191 0000001 000000000000001
MWMW003191610000010000    000 0 0 0 00003411000190000001 01010000000000001
MWMW0032716100000201010000000 0 0 0 00003411000191 0000  1 1 0000000000001
MWMW0033116111   10000    000 0 0 0 00005411000101 0000  1 000000000000001
MWMW00355162    111000    01100 0 1000004411000191 0000  1 000000000000001
MWMW00364161     20001    100 0 0 0 00005011000191 00000001000000000000004
MWMW003701621    200011   000 0 0 0 0000101100010010000  1 000000000000001
MWMW00388163     31101    000 0 0 0 00004411000191 0000  1 1 0000000000001
MWMW00392163010104  10    000 110 11 0004111011191 0 0000011 000100001 1 1
MWMW00408161     10101    000 0 100 00006411000191 1 1 1 1 1 1 1 000000001
MWMW00416163     21000    000 0 0 0 00001211000101 0000  1 0000001 0000001
MWMW004291621    20001    000 0 0 0 00002411000191 00000000000000000000001
MWMW00457161     10010    000 0 0 0 0000641100019000000  1 000000000000001
MWMW004621621    31101 1  100 100 0 00003411000191 0000001 000000000000001
MWMW004731620    20001    000 0 0 0 00005331000191 0000001 1 1 01000000001
MWMW004851621111021010    010 0 0 0 00005311000191 001 1 1 001 1 00001 1 1
MWMW00503161     201011   000 0 0 0 00004411000191 0000  1 000000000000001
MWMW00511162 1 1 210011   100 100 0 00005411000191 0000001 000000000000001
MWMW00524162 1111210011   010 10100 00001411000191 0100001 000001000000001
MWMW0053916400   20110    000 0 0 0 00006411000191 1 00001 000000000000001
MWMW00546161     20000    000 0 0 0 00004411000191 001 1 00000000000000001
MWMW00552161 1   11010    010 0 0 0 00001411000101 0000001 000000000000002
MWMW00580164     20100    000 100 1100003331000191 0000  001 0000001 00001
MWMW00595162     30101    000 0 0 110000341100019000000001 1 0000000000001
MWMW00612163     20100    000 0 0 0 00003411000191 0000001 1 0000000000001
MWMW00638162 1   10000    000 10101000006351001191 0000  1 000000000000001
MWMW00645163  1  20010    010 0 100 0000321101010000000  01000001001 00002
MWMW00653161  1  21000    000 0 0 0 00003311000101 001 0001000000000000001
MWMW006771610000010100    000 0 0 0 00001411000101 1 00  00000001000000001
MWMW00699165 11  10010    010 0 0 0 10001311000191 001 001 001 0000001 011
MWMW007181631000011101    000 0 0 0 00002411000101 0000  001 0000000000001
MWMW00726162     10000    000 0 0 0 00005411000191 001 001 000000000000001
MWMW00744165  1 110010    010 110 0 00006411000191 0000000100001 0000000 1
MWMW007711641    200011   100 0 0 0 00004311000191 0000001 1 0000000000002
MWMW00807161     30110    000 0 0 0 00006311000101 0000  00000000000000001
MWMW0083016201000201010000000 0 0 1100003311010201 0000  001 001 0000001 2
MWMW008631610000010010    010 0 0 0 00005311000191 0000  01000000001 00001
MWMW00874163  1  21010    010 0 0 0 0000122100010000000000000001 0000001 1
MWMW0089116311   210011   100 0 0 0 10004411000191 1 1 1 1 000000000000001
MWMW00947161  1  10010    000 0 0 0 0000101100019000000  1 000000000000001
MWMW0095116500000100011000000 0 0 0 00006051000190000000000000000000000001
MWMW00968162    110000    000 0 0 0 00003311000191 0000001 000000000000001
MWMW00979161     10000    000 0 0 0 0000131100019000000  00000000000000001
MWMW01017161     20000    000 0 0 0 00001411000190000000000000000000000001
MWMW01033161     211010000000 0 0 0 0000441100010000000  00000000000000001
MWMW01040161     11100    000 0 0 0 0000531100010000000  1 000000000000001
MWMW010611610000010100    000 0 0 0 0000331100019000000000000001 1 0000001
MWMW0108616100000101010000000 0 0 0 00003411000191 000000000000000000001 1
MWMW01094161     20001    000 0 0 0 00001411100191 1 00  00000000000000001
MWMW011181610000021000    000 0 0 0 00005011000191 001   1 000000000000001
MWMW0112616300000100011000000 0 0 0 00001311000101 1 1 001 000000000000001
MWMW01144163  1  10000    000 0 0 0 00003221000191 0000  1 1 0000000000001
MWMW011601610000020000    000 0 0 0 00003011000191 1 1 1 00000000000000001
MWMW0119316100000300010000100 0 0 0 00004111000110000000000000000000000001
MWMW012001620000020000    000 0 0 0 0000541100019000000001 000001000000001
MWMW01249161    111010    000 0 0 0 00003311000191 0000  00000000001 00001
MWMW01276161     10010    000 0 0 0 00003255000191 0000001 000000000000001
MWMW01302161    120000    000 0 0 0 00002411000101 0000  1 0000000000    1
MWMW013231610000011110    000 0 0 0 00003411000101 1 001 00000000000000001
MWMW01335161     30101    100 0 0 0 00005211000191 0000  1 000000000000001
MWMW01347161     10100    000 0 0 0 00003411000191 0000  1 000000000000001
MWMW01351161     10000    000 0 0 0 00005311000191 0000  1 000000000000001
MWMW014041610000010000    000 0 0 0 0000622100019000000  00000000000000001
MWMW01420164  0  3110111  100 110 1 10005254000191 001 1 0000001 000000001
MWMW01438162     20001    000 0 0 0 00005411000191 0000  1 1 0000000000003
MWMW0146616100000100010000000 0 0 0 00003411111101 001 001 000000000000001
MWMW01528163     31001    100 0 0 0 00003411000191 0000001 000000000000001
MWMW015421610000010000    000 0 0 0 00003311000191 0000  00000000000000001
MWMW01591161     20101    000 0 0 0 00001331000101 0000  00000000000000001
MWMW01608162     20100    000 0 0 0 00004411000191 1 00  1 000000000000001
MWMW01629161     20000    000 0 0 0 00004111000191 0000  1 000000000000001
MWMW016341611    21010    000 0 0 0 00002311000191 1 00  1 000000000000001
MWMW01657165  1  101011   000 0 0 0 00002411000101 1 00  1 1 0000000000001
MWMW01673162   1 210011   000 0 100 00003411000191 0000001 000000000000001
MWMW01685163 1   101011   000 0 0 0 00001211000101 1 1 001 00001 000000001
MWMW016901610000010010    000 0 0 0 0000231100010000000  00000000000000001
MWMW01701164     31101    000 0 0 0 00006411000191 1 1 1 1 0000001 0000002
MWMW017361611    301011   000 100 0 00003411000101 0000  01000000000000001
MWMW01750161     20000    000 0 0 0 0000641100010000000  00000000000000003
MWMW0176916100000201010000000 0 0 0 00004111000100000000000000000000000001
MWMW01824161     20000    000 0 0 0 00002411100191 001 1 011 0000000000001
MWMW0184616100000300010000100 0 0 0 00003221000191 0000  1 000000000000001
MWMW01852161  1  21010    010 0 0 0 00001311000191 0000  1 000000000000001
MWMW01867161 1   21010    010 100 0 00001131010101 000000011 0000000000001
MWMW01895162     200011   000 100 0 00004211000101 00000000000000000000001
MWMW01906162     300011   100 0 0 0 00002411000191 0000001 000000000000001
MWMW01927163 1   3  01    100 100 0 10004311000191 0000001 00001 000000001
MWMW01943162     20001    000 0 0 0 00003311000191 001 0000000000000000001
MWMW019701651111120010    010 0 0 0 00005411000111 1 00  00000000000000001
MWMW0199216100000300010000000 0 0 0 00003311000101 001 1 1 000000000000004
MWMW02008161     10111    000 0 0 0 00004411000101 1 00  1 1 0000000000001
MWMW02016161     20000    000 0 0 0 0000601100019000000  1 000000000000001
MWMW02041161     20000    010 0 0 0 00003211000191 0000  00000000000000001
MWMW02057165 1   101011   000 0 0 0 1000341100019000000001 000000000000001
MWMW020731610000010000    000 0 0 0 00001211000111 00000000000000000000001
MWMW020901610000021000    000 0 0 0 00005311000191 0000001 1 0000000000001
MWMW02117161    110101    10    0   000064110001 1 0 00001 000000000000001
MWMW02125161  1  10110    010 0 0 0 00004311000191 0000  01010000000000001
MWMW02140161 1  110000    010 10100 1000641100010000000  1 00001 000000001
MWMW021581610000010000    000 0 0 0 00003211000190000000000000000000000001
MWMW021611610000010000    000 0 0 0 0000341100019000000001 000000000000001
MWMW02172163     10101    000 0 0 0 00005411000191 0000  1 000000000000001
MWMW02186162     20001    000 0 0 0 00004211000101 00000000000000000000001
MWMW02222163     210011   10100 0 0 00004411000101 0001011 001 00000000001
MWMW02236165 1  120101 1  1010100 0 10006221010301 0100001 00001 000000001
MWMW022481610000010000    000 0 0 0 00002211000191 001 0000000000000000001
MWMW02269165     10100    010 0 0 0 00001411000101 001 0000000000000000001
MWMW02275165 1 1131101 1  000 100 1000006351000101 011 1 011 0000000000001
MWMW02283161     20000    0011110 0 00003411000191 0000001 00001 000000001
MWMW02311161 1   30001    000 0 0 0 00001211000191 0000001 000000000000001
MWMW023241610000010000    000 0 0 0 0000531100019000000  00001 1 000000001
MWMW023391610000011000    000 0 0 0 00003411000190000000000000000000000001
MWMW023671610000010000    000 0 0 0 00001411000190000000000000000000000001
MWMW023781631    11101    000 100 0 00005411000191 0000  0100001 000000001
MWMW02380165 1   11010    000 110 1100004411000101 0000  1 000001000000001
MWMW02400163     20010    010 0 0 0 00001411000101 0000  1 000000000000001
MWMW024651610000010000    000 0 0 0 00006311000191 0000  00000000000000001
MWMW024761621    30000    000 0 0 0 0000531100019000000  1 000000000000001
MWMW02482165 1   20101 1  0110100 0 1000141200019000000  1 001 1 000000001
MWMW02531161     10001    000 0 0 0 00002211000101 0000  1 1 0000000000001
MWMW02543162     10000    000 0 0 0 00005311000191 0000  001 0000000000001
MWMW025701610000010000    000 0 0 0 00003411000191 1 000000000000000000001
MWMW02592161 11  20000    000 110 110000421101030010000000000001 000000001
MWMW0261516200000310010000000 0 0 0 00003411000191 1 011 011 0000000000001
MWMW02663161     20101    000 0 0 0 00002431000190000000000000000000000003
MWMW026741610000020000    00100 0 0 1000141100019000000  1 1 00011 0000001
MWMW02689165 11  11010    010 0 0 0 00003451000191 0000001 00001 000000001
MWMW02702161     11010    000 0 0 0 10005311000191 1 00  001 0000000000001
MWMW027101610000010000    00110 100 00003411000191 1 1 1 0000001 000000001
MWMW02723162   1 11101 1  010 100 0 00001411000101 1 00001 0000000000001 1
MWMW0273516511   41010    010 0 0 0 00001411000191 0000  1 1 0000000000003
MWMW02751161   1 20000    000 0 0 0 00005411000191 00000000000000000000003
MWMW02768163  1  300011   000 0 0 0 00002411000191 00000000000000000000001
MWMW02779162     20101    000 0 0 0 10004311000191 1 00  1 1 0000000000001
MWMW02784163     21010    010 100 0 00006441000101 0000  1 1 001 001 00001
MWMW027961651111120000    100 0 0 0 00006211000191 0000001 000000000000001
MWMW02804162   1 20001    100 0 0 0 00001411000191 1 1 0001000000000000001
MWMW0281216100000201011000000 0 0 0 00006411000191 1 00  1 1 0000000000001
MWMW0284516100000110010000000 0 0 0 010054110001900001 1 1 0000001 0000001
MWMW028531611 1 120001    000 0 0 1011004211011201 1 0000000001011 0000001
MWMW028661610000010000    000 0 0 0 00004311100191 1 00  1 1 0000000000001
MWMW02877163     20010    000 0 0 0 10003211000101 0000  00000000000000001
MWMW028811610000010000    000 0 0 0 00005011000191 1 00  00000000000000001
MWMW02899162  1  210111   000 100 0 00003122000191 0000001 000001000000001
MWMW02905165 1   11010    0110100 0 00004251000101 001 0000000000000000001
MWMW0292616500000210010000000 0 0 0 00002351000191 0000001 000000000000001
MWMW029321631    20000    000 100 0 10003411000191 0000001 1 0000000000001
MWMW029591651 11 21111 11 001010100 10006422011191 0000001 000000000000001
MWMW02960163  11121010    000 100 0 10006311011101 0000001 1 001 000000011
MWMW0297116100000100010000000 0 0 0 00002211000191 1 00  00000000000000001
MWMW02987163     11101    100 100 1100005111000101 0000  1 000001000000003
MWMW029931610000011000    00100 0 0 00003211000191 1 00  00000000000000001
MWMW0300516100000111010000000 100 0 00006011000191 1 000000001 1 000000001
MWMW03026161  1  11010    000 0 0 0 00006411000191 0000  1 000000000000001
MWMW03032161     11000    000 0 0 0 00003411000191 0000  00000000000000001
MWMW03044161   1 20000    100 0 0 0 00003411000191 001 001 000000000000001
MWMW03060163     20000    000 0 0 0 00003411000191 0000001 000000000000001
MWMW03071162 1   10100    000 0 0 0 00006411000191 001 001 1 0000000000003
MWMW0309316300000300010000100 0 0 0 00004411000191 1 1 001 000000000000001
MWMW031191610000010000    000 0 0 0 0000441100019000000001 000000000000001
MWMW031311610000020000    000 0 0 0 00004211000191 0000  001 0000000000001
MWMW0315516100000300010000000 0 0 1100003 11000191 0000  1 000000000000001
MWMW03170161 01  21000    000 0 0 0 00003151000191 0000  1 000000000000002
MWMW03188162 1   11001    10100 0 1100005311000191 001   1 1 0000000000001
MWMW031921631 1  30001    101010100 0000341100019001 00000000001 000000003
MWMW0320416400000100110000000 0 0 0 00002411000191 1 00001 00000000001 003
MWMW0321216100000211011000000 0 0 0 00003311000191 00000001000000000000001
MWMW03220163  1  21110    000 0 0 0 0000341100010000000  00000000000000001
MWMW032451620000010010    000 0 0 1100002411000191 0000  1 00001 000000001
MWMW03253162 1   21000    000 0 0 1100005331000191 0000  00000000000000001
NWNW30020161     20000    000 0 0 0 0000231100019000000  1 010000000000001
NWNW30045161  1  20000     01011100 00002211000191 0000001 1 0000000000001
NWNW30053161     20001    000 0 0 0 000034110001900001 001 000000000000001
NWNW300661621    21100    000 0 0 0 0000642100019001 00  00000000000000001
NWNW30077161     20101    000 10100 00001411000191 00000000000000000000001
NWNW300811611    10010    010 0 0 0 00003411000101 0000  1 1 0000000000002
NWNW30099162   0131101    101011110 00003311010191 0000001 00001 000000001
NWNW301371611    20010    000 0 0 0 00005311000191 0000  1 1 0000000000001
NWNW30149161     20000    000 0 0 0 00001411000191 0000001 000000000000001
NWNW30154161     11100    000 0 0 0 00003311000191 0000  00000000000000001
NWNW3018216311  1310011   1010100 101000611100011  0001001 00001 001 00001
NWNW30198161     11110    000 0 0 0 0000622100019001 00  001 0000000000004
NWNW30205161 1   20010    010 0 0 0 10006441000191 001   01000000000000001
NWNW30218161     10000    000 0 0 0 00003411000101 0000001 000000000000001
NWNW30226161     21000    000 0 0 1000004311000191 0000  00000000000000001
NWNW302321611    20100    001010101010002431111201 011 1 1 1 001 000000001
NWNW30244161     20101    000 0 0 0 00005421000191 0000001 1 0000000000001
NWNW302601621    20000    00100 0 0 00001211100191 00000000000000000000001
NWNW30271163 1   21111    100 0 0 0 00006411000191 1 1   1 1 0000000000001
NWNW30293161     10000    010 0 0 0 00006411000191 0000  1 1 0000000000001
NWNW30315161     10000    000 0 0 0 00004311000191 1 00  1 000000000000001
NWNW30328163101  100011   0010100 100000141100019010100001 1 0000000000001
NWNW30330161     10000    000 0 0 0 00004411000191 0000  1 000000000000001
NWNW30363161     21000    000 0 0 1100002411000191 0000  1 00001 000000001
NWNW303741611111121010    0010100 1100005311000101 0000  1 00001 001 00001
NWNW30389162     10011    000 0 0 0 00004411000191 0000  1 1 0000000000003
NWNW30391161     1010111  100 10100 00004311000191 00000000000000000000001
NWNW30409163     20000    000 0 0 0 0000641100019001 00  00000000000000001
NWNW30417161 1   10000    000 0 0 1000001411000191 0000  001 0000000000001
NWNW30425161     21101 1  000 0 0 1100002411000101 0000  1 1 00000000001 1
NWNW30433163     21000    000 110 0 00004411001191 01001 0000001 000000001
NWNW304611640111130101    10100 0 0 00002411000191 1 1 0000000000000000002
NWNW30486161 1  121110    00100 0 101000104100019000000  1 000000000000002
NWNW30502161     20000    000 0 100 00001421000191 0000001 00001 000000002
NWNW30523161     20010    000 0 0 0 00006411000191 1 00  1 1 0000000000001
NWNW305351611    10010    000 0 0 0 00002211000101 0000  1 1 0000000000002
NWNW305471611    10000    0011110 1101001211000191 0000001 001 001 1 00001
NWNW30551163     41001    100 0 0 0 00003411000101 0000001 1 0000000000001
NWNW30568163     200011   000 100 0 000034110001001001 0001000000000000002
NWNW30579161     20100    000 0 0 1100005411000101 0100  00010000000000001
NWNW305841611    10000    000 0 0 0 0000431100019000000  1 000000000000001
NWNW30596161     11010    000 0 0 0 00006411000101 0000  00000000000000001
NWNW30603161     10100    000 0 0 0 00006411000101 0000  00000000000000001
NWNW306111611    20000    000 0 0 0 0000331100019000000  001 0000001 00001
NWNW30624164 1  1210011   001111110 11002311000191 0000001 00011 001 00001
NWNW3063916       0000    000 0 0 0 00005311000190000000000000000000000001
NWNW30646162     10001    000 0 0 0 00006411000191 0000  0100001 000000001
NWNW30652161 1   11000    000 100 0 00002221000101 0000  1 1 0000000000001
NWNW30667161     31010    000 100 0 00006322110191 001   1 000000001 00001
NWNW30678163     310011   100 0 0 0 0000341100019000000  1 000000000000001
NWNW30680161     10000    000 0 0 0 00004311000191 0000001 000000000000001
NWNW30706161     111011   000 0 0 0 00001421000191 0000  1 000000000000001
NWNW30719163     21001    000 0 0 0 00106411000101 0000001 000000000000001
NWNW30727161 00  21001    000 100 0 00006411000191 0000001 000000000000001
NWNW30731163     20100    000 0 0 0 0000441100019000000  1 000000000000001
NWNW307431611    20010    010 0 0 0 00004411001191 1 00001 000001000000001
NWNW30764162 1  1110011   10100 0 1100005311011191 0000000000001 000000002
NWNW30770162     21001    000 0 0 0 0000541100019000000  01000000000000001
NWNW30788164 1   20000    0110100 0 01004411000191 1 00001 0000001 0000001
NWNW30808161     21000    000 0 0 0 00003311000191 0000  1 000000000000001
NWNW30816161     10001    000 0 0 0 00002411000191 0100001 00001 0000001 1
NWNW30829162 1   20010    000 100 0 00005411000191 0000  1 1 0000000000011
NWNW30873162     11000    000 100 0 00006411000191 0000  1 00001 000000001
NWNW30885162    120100    1010100 0 10006451000191 001 001 00001 000000001
NWNW30901162 11112100111  101111111110001411011301 1 001 01001 1 001 00004
NWNW30922161 1   110011   010 100 0 00002422000191 0000001 000000000000002
NWNW30936161     11001    000 0 0 0 00005411000191 0000001 000000000000002
NWNW30948163 1   20000    000 100 0 00003311000191 00000001000000000000001
NWNW30950164     110011   000 0 0 0 00004411000191 0000001 000000000000001
NWNW309691621    300011   0010100 0 00004431000191 1 00001 000000000000001
NWNW31005162 1   20000    000 10110 00004322000191 1 1 1 011 1 00000000001
NWNW310181621    301010   100 0 0 0 00006111000191 0000  1 000000000000001
NWNW31032162     20010    000 100 0 000054210001900001   1 000000000000002
NWNW310441631    201011   000 0 0 0 00005411000191 00001 1 000000000000001
NWNW310601620    20000    000 0 0 0 00001311000191 1 00001 000000000000001
NWNW310711621    20101    100 0 0 0 00003411000191 0100001 1 00001 0000001
NWNW31087161     20000    000 100 0 0000341100019000000  1 000000000000001
NWNW311061611    20001    000 0 0 0 00004411000191 001 001 00001 000000001
NWNW31119161     11000    100 0 0 100000641100019000000  00000000000000001
NWNW31127162 1 1 21110    010 110 1100005311000191 1 00  1 1 0000000100001
NWNW31143161     20000    000 0 0 0 00001411000191 0000  1 000000001 00001
NWNW31155162     20001    000 0 0 0 00004411000101 0000001 1 0000000000001
NWNW31164161     10000    000 0 0 0 0000431100019000000  00000000000000001
NWNW31170161     21000    000 0 0 1100001311000101 0000  1 000000000000001
NWNW31192161     11010    000 100 0 00003211000191 0000  1 000000000000001
NWNW31204162     10000    000 0 0 0 00004211000191 0000  1 010000010000001
NWNW31212162     210011   100 0 0 1100003411000191 001 001 1 0000000001001
NWNW31220161     21000    000 0 0 0 00001411000191 0000  011 0000000000001
NWNW31238161     10000    000 0 0 0 00002411100191 1 1 001 1 0000000000001
NWNW312451621 1  20001    0010110 0 0000441100019000000  01000000000000001
NWNW31253161     11010    000 0 100 00006311000191 0000  1 000000000000001
NWNW31277162     300011   100 0 0 0 000054110001900011 001 0000000000001 1
NWNW312991631    20001    0010110 0 00003411000191 1 00001 1 001 000000002
NWNW31301161     10010    000 0 0 0 00002411000191 1 1 001 1 0000000000001
NWNW313221621    20101 0  100 0 0 0 00001411000191 0000  1 000000000000001
NWNW31336161  1  20010    000 0 0 0 00002411000101 00001 00000000000000001
NWNW313501631    2100110  100 0 0 0 0000331100019001 00001 1 0000000000002
NWNW313691641 11131101 1  10101010100000341101019    0100    0000000000003
NWNW31375161     201011   00100 0 0 0000631510019000000  01000000000000001
NWNW313971641  1 401011   1010100 101000332101119000000  1 1 0100000000004
NWNW31403162     20001    11100 0 0 1000541100019000000  0000001 000000001
NWNW31424161     10010    000 0 0 0 00004411000191 0000001 000000000000001
NWNW31439162  0  201010   000 0 100 00002411000191 0000  1 010000000000001
NWNW314461641    20000    100 0 0 0 00004411000191 0001001 000000000000001
NWNW31467162     11000    000 0 0 0 00006411000191 0000  1 000000000000001
NWNW31478162     20010    000 0 0 0 00003331000191 1 00  1 1 001 000000001
NWNW320581631    3110111  100 100 0 00006421011190100000000000000000000002
NWNW32061164     300011   000 0 0 0 00004311000191 0000  1 000000000000001
NWNW32072161     10000    000 0 0 1000001411000191 0000  1 1 0000001 00001
NWNW32086161     11010    010 0 0 1000004411000191 0000  1 1 0000000000002
NWNW32094162     10000    01100 100 00004411000190000000001000000001 1 002
NWNW32118161     11010    000 0 0 0 00006411000191 0000  1 1 0000000000001
NWNW32144161     20001    100 0 0 0 00001411000191 0000001 000000000000001
NWNW321591610    11000    000 0 0 0 00002411100191 0000  1 000000000000001
NWNW32160162     30001    100 0 0 0 00002411000111 00000001000000000000001
NWNW32171163 1  1300011   101010100 00003411011311 1 000001000000001 00001
NWNW3219316111   41010    100 100 1001001311000191 001 001 0000001 0000001
NWNW32200163     10000    000 100 0 00005411000191 001 001 00001 000000001
NWNW32213162     21010    010 0 0 0 00006411000191 1 00  001 0000000000001
NWNW3222116411 1 10001    100 0 0 0 0000411100010000000  00000000000000001
NWNW32249161     20000    000 0 0 0 00005411000191 0000  1 000000000000001
NWNW32265161     30000    000 100 0 00006311011211 1 00  00000001000000001
NWNW32276161     10000    000 0 0 0 0000621100019000000  1 000000000000001
NWNW32298161 0   10000    000 0 0 0 00001411000191 0100001 1 0000000000001
NWNW32302161     20000    00100 0 0 00002411000191 1 00  1 1 0000000000001
NWNW323351621    20101    10100 100 10004411000191 1 0000001 0000000000001
NWNW32347162 1   21101 11 1011110 110000633110019000000  1 00001 000000002
NWNW32368161 1   11010    000 0 0 1000002411000191 1 00  1 1 0000000000001
NWNW32384162     11000    000 0 0 0 00004421000191 0000001 000000000000001
NWNW32412161     201011   100 100 0 0000241100019000000001 000000000000001
NWNW32420161     10010    000 0 0 0 0000431100019  0000  00000000000000001
NWNW324381611    20001    000 0 0 0 00002411000191 0000001 000000000000001
NWNW32445162     11101    000 0 0 100000541100019000000  1 00001 000000001
NWNW324811630  0 10010    010 0 101000006441000191 0000  1 1 0000000000001
NWNW325071631    3110111  10100 0 0 00005231000191 0100  001 000000001 1 4
NWNW32515161     30101 1  101010101001004111011211 001 1 1 0000001 0000002
NWNW32530164 1   200011   100 0 0 0 10004411000190000000001000000000000001
NWNW32542161     20001    00110 0 1000001421000101 001 0000000000000000001
NWNW32556162 1  1210011 1 100 100 0 10004311011311 001 000100001 000000001
NWNW32591161     210011   100 0 0 0 00004411100191 0000  1 00001 000000001
NWNW32608161     10100    000 100 0 00002411000191 1 00001 00001 000000001
NWNW3262916211   31001    00  10100 00005411000191 1 1 1 00000000000000001
NWNW32634163     30000    010 0 0 0 00006411000191 1 00  1 000000000000001
NWNW32641162     20000    001010100 00004441000191 0000001 000000000000001
NWNW32662161 11  21110    010 110 1100004311000101 1 00  1 1 001 000000001
NWNW32673161 0  011000    000 0 0 0 0000641100019000000  00000000000000001
NWNW32685161     10000    000 0 0 0 00001411000191 0000001 000000000000001
NWNW32701161 1   11010    0010110 1100005411000191 1 00  1 1 001 000000001
NWNW32736161     20000    00100 0 0 00004211000191 0000  1 000000000000001
NWNW32750161     10000    000 110 0 0000321100019000000  1 1 0000000000001
NWNW32769161     20000    000 0 100 0000641100019000000001 000000000000001
NWNW32775162  1 0311011   10100 0 0 00001411000191 0000000000001 000000001
NWNW3278316411  1310011   101110100 00003411000191 1 1 000000001 000000001
NWNW32797163 1   20001    0010110 0 10004311011191 1 00001 1 001 000001003
NWNW32803161     10000    000 0 0 0 00002411000191 0000001 000000000000001
NWNW328241631    31101    100 100 0 00003411000191 0000  1 000000000000001
NWNW32846162 00  20101    0011110 1100006411000191 0000001 00001 000000002
NWNW328671621    20001    1010100 0 00004411000191 0000001 000000000000001
NWNW32878162     21000    000 0 0 0 00003411000191 0000  1 000000000000001
NWNW32895162     10101    0010100 0 00003411000191 0000  1 000000000000001
NWNW32906162 0   210011   100 0 0 0 0000421100019000000  1 000000000000001
NWNW32919161     20000    100 0 0 100000233100019000000  00000000000000001
NWNW329431631111130101    000 0 100 00003411000191 001 001 00000000001 1 1
NWNW32955161     20000    000 0 0 0 00001411000191 001 1 1 1 0000000000001
NWNW32964161     201011   100 0 0 110000541100019000000  1 000000000000001
NWNW330061651   141010    010 10100 100044211111901000100011 0001010000002
NWNW330191621 1 131000     00 0 0 0 00005411000101 0000  00000000000000001
NWNW33027163 1   21010    000 110 1100004411000191 1 00  1 000000000000001
NWNW330311611   021101    000 0 0 0 00006411000191 1 00  1 1 0000000000001
NWNW33043161     11000    000 0 0 0 0000611100019000000  00000000000000001
NWNW33055164     300011   101010100 00006411000190000000001000001000000001
NWNW33064162     210011   110 0 0 0 00003311000191 0000001 000000000000001
NWNW33070163     30001    100 100 0 00003311000191 1 1 001 001 1 000000003
NWNW33088162111 120100    100 100 1100002411011201 1 1 001 000000000000001
NWNW33107161     31000    0010100 0 00004421000191 1 1 001 1 0000000000001
NWNW33115161     20001    000 0 0 0 0000341100010000000  00000000000000001
NWNW33128161     11010    000 0 0 0 00003411000191 00    1 1 0000000000001
NWNW33130162     20101    0010100 0 00002411000101 001 001 000000000000001
NWNW33451161 1  111000    000 0 0 0 00003411000191 0000  1 000000000000001
NWNW33468162  1 131100    000 0 0 0 00005211000191 0000001 000000000000001
NWNW34489161 00  20100    00100 100 00004411000191 001 001 000000000000001
NWNW34504161     20000    000 0 0 0 00004411000190000000000000000000000002
SOSO10034161     10001    000 0 0 0 00001411000191 1 00001 1 0000000000001
SOSO10041162 1   30010    0110100 0 00004311000191 001 001 000000000000001
SOSO101861621    10010    000 100 0 00006311000191 0000001 1 0000000000001
SOSO102221631    20000    010 100 0 00005321000191 0000  1 000000000000001
SOSO10248161     20000    000 0 0 0 00006321000191 0000  1 000000000000001
SOSO10303161     11100    000 0 0 0 00001411000191 00001 00000000000000001
SOSO10311163 111121100    000 0 0 0 00006321000191 001 1 00000000000000002
SOSO10346161     21001    100 0 0 0 0000531100019000000001 000000000000001
SOSO10378161 1   20000    000 0 0 0 00002211000191 0000  00000000000000001
SOSO10400163     20000    000 100 0 0000431100019000000  00000000000000001
SOSO10413162     20000    000 0 0 0 00001321000190000000000000000000000001
SOSO10465161     200011   000 0 0 0 00006211000101 1 00  0000001 000000001
SOSO104981621    10000    01100 0 0 00006311000191 1 1 0001000000000000001
SOSO10519161     11110    000 100 0 00002211011101 001 1 01000000000000003
SOSO10527161     10000    000 0 0 0 00003411100191 0000  0000001 000000001
SOSO10531161     20001    000 100 0 00003411100191 1 1 001 000000000000001
SOSO105431611    30001 1  100 100 0 00001111010101 001 0000000000000000002
SOSO10570161     10010    000 0 0 0 0000241100019000000  1 000000000000002
SOSO10628161     10000    000 0 0 0 0000241110019000000  00000000000000001
SOSO10630161     20000    000 0 0 0 00003311000190000000000000000000000001
SOSO10642161     20000    000 0 0 0 0000331100019000000  00000000000000001
SOSO10656161     20000    000 0 0 0 00002311000190000000000000000000000001
SOSO10674162     20000    000 0 0 0 000033110001900001 0000000000000000001
SOSO10689161     20000    000 0 0 0 00004411000191 0000001 000000000000001
SOSO10735162 1   301011   100 100 100000333101019000000  1 010000000000002
SOSO1078416111 0 10000    000 0 0 0 0000141111020000000  00001 00000000001
SOSO10796161     20000    000 0 0 0 0000341110019000000  00000000000000001
SOSO10804163     10010    000 0 0 0 00003311000191 001 001 000000000000001
SOSO10838163     30100    000 0 0 0 00005411000191 1 1 001 000000000000001
SOSO108451611    20101    000 0 0 0 00004411000191 001 0000000000000000001
SOSO10853161     11000    000 0 0 0 00006311000191 0000  00000000000000001
SOSO10881163     11010    0110100 1000001411000101 00000000000001000000001
SOSO10899162     20000    000 0 0 0 0000331100019000000  00000000000000001
SOSO10918161     20110    000 0 0 0 00002411000101 0000  00001 00000000001
SOSO10959161     20000    000 0 0 0 00003411000191 0000  1 000000000000001
SOSO10993162     10000    000 0 0 0 00003311000191 00000000000000000000001
SOSO11069161     20010    00100 0 0 00004411000100000010000000000000000001
SOSO11075162 1   20111   101100 0 0 10001112000101 001   00001 00001 01011
SOSO111021611    11010    000 0 0 0 00003211000191 0000  1 000000000000001
SOSO11147161     21000    000 0 0 0 00001411000191 0000  1 000000000000001
SOSO111511641    30000    0011110 0 00003311010191 001 001 1 001 000000001
SOSO11208161     10000    000 0 0 0 00002411000191 0000001 000000000000001
SOSO11216162     30000    000 0 0 0 0000341110019000000  00000000000000001
SOSO11234161     21000    010 0 0 0 00004011000191 0000  1 000000000000001
SOSO11241163     31101    100 0 0 0 10002411000191 1 00001 000000000000001
SOSO11257163     20001    001010100 00004411000191 00000000000000000000001
SOSO112621620    11010    000 0 0 0 00005311000191 1 00  1 000000000000001
SOSO11273161     10000    000 0 0 0 00002311000190000000000000000000000001
SOSO11305163     3000111  1010100 0 10001321010201 001 000100001 000000001
SOSO1132616111   11010    000 0 0 0 00001411000101 0000001 000000001 00001
SOSO11344161     11000    000 0 0 0 0000441100019000000  00000000000000001
SOSO113591621    10000    000 0 0 0 00004431000191 0000  00000000000000001
SOSO11387162 1   10101    000 110 0 00003411000191 001 000000001 000000001
SOSO11393163     20010    000 0 0 0 0000641100019000000  00000000000000001
SOSO114071641    20001   1000 0 110 10004411000191 1 000000000000000000001
SOSO11415163 1   20001    001111110 10003411000191 1 1 001 1 0000000000001
SOSO11474161     20010    000 0 0 0 0000441100019000000001 000000000000001
SOSO11491162     20001    0010100 0 00003211000191 0000001 000000000000001
SOSO11504164     4100111 1100 100 0 10003431000191 1 1 0001000000000000004
SOSO1152016511   101011   010 0 0 0 00002411000101 0000001 1 1 1 000000001
SOSO116001611111140000    010 1111111000621100019000000  1 001 1 0000001 4
SOSO11613161     21010    010 0 0 0 00001311000101 0000  1 000000000000001
SOSO11621161     210011   000 0 0 0 00005331000191 001 001 000000000000001
SOSO11637161     10000    000 0 0 0 00005321000191 00011 1 0000001 0000001
SOSO11654161     11000    000 0 0 0 00006411000101 0000  1 000000000000001
SOSO11665161     10000    000 0 0 0 000064110001900001 0000000000000000001
SOSO11676165 1   11010    010 0 0 0 00006041000101 000000010000000000001 1
SOSO11682163   1 200011   000 0 0 1000001411000101 0000  011 0000000000001
SOSO11717161     20001    000 0 0 0 00005211000191 0000  1 1 0000000000001
SOSO11733161     10010    000 0 0 0 00002411000101 001 001 000000000000001
SOSO11758161     20000    000 0 0 0 00006311000190000000000000000000000001
SOSO11786163 1   10010    000 0 0 0 00005411000191 001 001 000000000000001
SOSO11794161     11010    000 100 0 00004211010191 0000  1 000000000000002
SOSO11819161     10000    000 0 0 0 00003411000191 001 001 000000000000001
SOSO11870162     10001    000 0 100 00002411000191 0000001 000000000000001
SOSO11888161 10  100011   000 0 0 0 00005411000191 0000001 000000000000001
SOSO119031651    3010111 1100 100 0 0000341211119001 01001 000000000000001
SOSO11911161     11100    100 0 0   00004211000191 00000001000000000000001
SOSO119241631    3110111 1100 0 0 0 00006311000101 0000  1 000000000000001
SOSO11952163     20111    000 0 0 1100004411100191 1 1   1 1 0000010000004
SOSO11978161     10001    100 110 0 00003411100191 0000001 00001 000000001
SOSO11980163 1  120000    001010100 10003431000191 001 001 00001 000000002
SOSO120131611 0  300011   100 0 0 0 00004411000191 001 001 000000000000001
SOSO12021165     2  10    00100 0 0 00006221000101 0000  01000000000000001
SOSO12037161     20000    100 0 0 1000004311000190000000000000000000000001
SOSO12049162    1200011   000 110 1110003311000191 001   1 00001 000100001
SOSO12076161 1   21000    000 0 0 0 00005451000191 0000  1 000000000000001
SOSO12082165     21111    000 100 0 00006311000101 1 00001 001 1 000000001
SOSO12098163     10000    000 0 0 0 00005411000191 0000  1 1 0000000000001
SOSO121221620    20000    000 0 0 0 00006411000190000000000000000000000002
SOSO12150162     30001    000 0 0 0 00006321000191 0000  00000000000000001
SOSO12169165     3100111  100 100 0 10006211000101 1 1 1 1 1 001 00001 013
SOSO12175161     20100    000 0 0 0 00003211000191 0000  01000000000000001
SOSO12197161     20000    000 0 0 0 0000331100019000000  00000000000000001
SOSO12261162     11000    000 100 0 00004311000101 001 001 001 010000001 1
SOSO12272161     20000    000 0 0 0 00005411000191 001 001 000000000000001
SOSO12306162    120000    000 10100 00006211000190000000001000000000000002
SOSO12319162     31001    0010100 0 00004311000191 0000001 000000000000001
SOSO12343162     20100    000 0 0 0 00001311100191 1 00001 000000000000001
SOSO12355161     10000    000 0 0 0 00002311000191 001 001 000000000000001
SOSO12364161     10000    000 0 0 0 00002311000190000000000000000000000001
SOSO12370161     10000    000 0 0 0 00002411000191 0000  1 000000000000001
SOSO12392161     10000    000 0 0 0 00002411000190000000000000000000000001
SOSO12441161     10000    000 0 0 0 0000331100019000000  1 000000000000001
SOSO12462163 1   21010    000 0 0 0 00001411000101 00000000000000000000001
SOSO124731621    21000    0011110 0 10003311000191 0000  1 00001 000000001
SOSO12490161     21001    00100 0 0 00006411000191 001 0000000000000000001
SOSO12524162   1110000    000 10100 0000532100019000000  1 000000000000002
SOSO12552161     20000    000 0 0 0 00003311000190000000000000000000000001
SOSO12567162     210011   000 0 0 0 00006311000190000000000000000000000001
SOSO12595162     11000    000 0 0 0 0000241100010000000  00000000000000001
SWSW20010163 1   101011   100 100 0 00002311010191 1 00001 1 0000000000001
SWSW200961641    2110111 1001010101110003431011401 1 00001 00001 001 00001
SWSW20146161     21000    010 0 0 0 0000441110019000000  1 1 0000000000001
SWSW20167161     10000    000 0 0 0 00004411100191 0000  00000000000000001
SWSW20178162  1  20010    000 0 0 0 00003411000191 001 001 000000000000001
SWSW2019516311111210011   000 0 0 0 00003311000191 1 1 001 00001 000000001
SWSW202071651   1101011111000 110 0 00001111000301 001 001 1 0001000000001
SWSW20228161   1 301011   100 100 0 00003311000191 0000001 000000000000001
SWSW20230162  1  211011  1010 100 1000003311011301 0000  1 000001000000001
SWSW202631641   131101    101   1010     4110  10      001   001 00  00001
SWSW202741631    2100111  1010100 1010006411001191 001 0000000000000000001
SWSW20394163    130101 1  110 100 1010001311000191 1 00001 1 1 00000000001
SWSW204271621    30001    100 0 0 0 10003311000191 1 00  1 00001 001 00001
SWSW20431163 11  20101    000 0 0 100000641100019000100  0001001 000000002
SWSW204551621    31101    101 0 0 0 00003411000191 0000  1 00001 000000001
SWSW20464161 1   10000    000 100 0 00002411000191 0000001 00001 000000001
SWSW20500165     110011   000 100 0 00006111000101 00011 010000001 001 001
SWSW20521165     11010    000 100 0 00004321000101 001 1 01000000001 00004
SWSW20549161     21101 1  100 100 0 00001411000191 001 1 1 000000000000001
SWSW20576161     20000    00100 0 100000625100019000000  1 000000000000001
SWSW20598163     10000    000 0 0 0 00004311000101 0000001 000000000000001
SWSW20614163     21001    100 0 0 0 0000441100019000000  00000000000000001
SWSW2062216211  0310011   0011110 0 0000441100019001 00  0100001 0000001 2
SWSW2063616411  130010    010 100 0 00004321011291 0000001 000000000000001
SWSW20669163 1   10010    000 0 0 0 00001211000101 0000  1 1 0000000000001
SWSW207291631    310011   101011101000006411011411 00001 1 1 001 000000001
SWSW20741161     2        000 0 0 0 0000441100019  0000001 0000000000    1
SWSW20757161     20010    010 0 0 0 0000141100010010000001 000000000000001
SWSW207621641    30110    0110100 0 00005311011301 1 1 001 00001 000000001
SWSW20773162     10001    000 0 0 0 00001411000101 0000  1 000000000000001
SWSW207901611    200011   000 0 0 0 00003411000191 0000001 1 0000000000001
SWSW20805161     10000    000 100 0 0000331100019000000  00000000000000001
SWSW20818161 1   10001    000 100 0 00002131000191 001   1 000000001 00001
SWSW20826161     10000    000 0 0 0 00001321000191 0000001 000001001 00001
SWSW20844161 1   11010    000 0 0 0 00006411000191 0000  1 000000000000001
SWSW208591611    10010    000 0 100 00101231000101 1 00  1 1 0000000000002
SWSW20860162 1  110010    000 100 0 0000141100019000001001 00001 000000002
SWSW20871163  11121101 11 1011110 0 10004111011201 001 011 001 1 001 00001
SWSW20893162     201011   100 10100 0000622100019000000001 000000000000001
SWSW20904165 1  13010111  001110101000001011010511 001 1 1 00001 000000001
SWSW20920161    111111    000 100 0 0000341100019000000  1 000000000000001
SWSW209381641111 3110111  100 110 1100003411000191 1 00001 1 001 000000001
SWSW20945161     11010    000 110 0 00002411000191 0000  1 001 1 000000001
SWSW20953162     300011   100 0 0 0 0000331101010010000001 000000000000004
SWSW209661641   04100111  100 10101000006311000191 0000  00000000000000001
SWSW20981163     210011   1010100 110000141100019000000  1 00001 001 00001
SWSW21028162     11000    000 0 0 0 000034110001900011 1 1 000000000000001
SWSW21030163 1   21010    010 100 0 10004411000191 0000  1 000000000000004
SWSW21089165    1300011 1 101011100 10005411010201 001 001 00001 000000003
SWSW21162161     10001    000 0 0 0 00003411000191 0000001 00001 000000001
SWSW21185162     11111    100 0 0 0 00004411000191 001 1 1 000000000000001
SWSW212021641111 41101 11 101010101010015121010191 0000  1 000000000000001
SWSW21210161     11000    000 0 0 0 0000321100019000000  1 000000000000001
SWSW212471611    30001    000 0 0 0 00006211000191 0000001 000000000000001
SWSW21251161     1100111  000 0 0 0 00004411000191 0000001 000000000000001
SWSW21279162     21101 11 0010110 0 010032110112100001 001 001 1 1 1 001 3
SWSW21296161     20000    001010100 10003411000191 001 001 000000000000001
SWSW21320161     200011   001010100 00001411110191 001 001 000001000000001
SWSW21345161     11000    100 0 0 0 00001415000191 0000  1 000000000000001
SWSW21353162     21110    000 100 0 00006321000101 0000  1 000000000000001
SWSW21366161     21001    100 0 0 0 00002411000191 0000001 000000000000001
SWSW21377163     201011   000 100 0 0000441101130000000  00000000001 00001
SWSW21381161     11000    000 0 0 0 0000331100019000000  1 000000000000001
SWSW21401161 1   21101    000 0 0 0 00003411000191 0000  1 1 0000000000001
SWSW21414161  1  20000    000 0 0 0 0000203100019000000  1 000000000000003
SWSW21436161 11  10010    0010100 0 0000641100019000000001 000001000000001
SWSW2145016      111111   000 0 0 0 0000641100010001 00  00000000000000001
SWSW21469163    130000    000 100 0 0000141100010001 00  011 001 000000001
SWSW21483161     10100    000 0 0 0 00001411000191 0000001 000000000000001
SWSW21526162 1  120000    101111100 000054110001900001 001 00001 000000001
SWSW21532161111 1200011   000 0 0 0 00001311000191 0000001 1 0000000000001
SWSW2154416311  130110    011111110 10005411000191 1 00001 00001 000000001
SWSW21587161     10000    000 0 0 0 00003411000191 0000001 000000000000001
SWSW21606162     10001 1  000 100 0 00005411000191 1 00  00000000000000001
SWSW21619161     21010    000 0 0 1100006311000191 0000  1 1 001 000000001
SWSW21643161111 110000    000 0 0 0 00002411000191 00000000000000000000001
SWSW21655162     30000    010 0 0 0 0000131100119010100000000001 000000001
SWSW216641631    10000    000 0 100 0000541100019010100  1 1 001 000000003
SWSW21670162     10010    010 0 0 0 00003311000101 1 00  1 1 0000000000001
SWSW21724163    120001    000 0 0 0 00002411000291 0000001 1 001 000000002
SWSW217391631  1130000    100 10111000004344010100100000000000000000000001
SWSW21752163     10000    000 10100 00004411000191 0000  1 000001000000001
SWSW21778164     20010    000 0 0 0 0 001311000191 00000001000000  0000003
SWSW21780161     10000    000 0 0 0 00002411000191 0000001 000000000000001
SWSW21795163111111  10    010 100 0 00006431000191 0000001 0000000000001 2
SWSW21800161 1   11001    100 0 0 1000006451100191 0000001 000000000000001
SWSW21898161     10100    000 0 0 0 00004321000191 0000  1 000000000000001
SWSW21909165     20010    010 0 0 0 0000401100019000000  1 000000000000001
SWSW21917163 11 121101111 1010110 1100006311010211 1 1 001 1 0 1 001 00002
SWSW21925161     10101    000 0 0 0 00001411000191 0000  00000000000000001
SWSW220191621    20010    010 0 0 0 00004411000191 00000000000000000000001
SWSW22031162     30001    000 0 0 0 00004311000191 00000001000000000000002
SWSW22043161  1  10101    000 0 0 0 00002311000191 0000001 000000000000001
SWSW22128161  1  20000    000 0 0 0 0000441100019000000  00000000000000001
SWSW22142162 1   20001    1010110 110000641101020000000001 000000000000001
SWSW22189161     300011111000 100 0 00004411011201 0000001 000000000000001
SWSW2222416201   200011   000 0 0 0 00005311000191 000000000000000000001 2
SWSW22246163 00 020110    000 0 0 0 00001311000191 1 1 1 00000000000000001
SWSW22252163     300011   110 100 0 00005311000191 0000  1 000000000000003
SWSW22267164     20000    010 0 0 0 00005411000191 0000  1 000000001 00001
SWSW22280163111  30100    000 0 0 0 0000611100010010000  1 000000000000001
SWSW222951621    300011   110 0 0 0 00005211000101 1 00  1 000000000000002
SWSW22313163 11113000111  100 110 0 00005411011301 001 000100001 000000002
SWSW22349162     11111    000 100 0 00005311011101 0000  00000000000100002
SWSW22398161     11000    000 0 0 1100002411000101 0000  1 000000000000001
SWSW22402161     20001    000 0 0 0 00003441000191 0000001 1 0000000000001
SWSW22410161     10101    000 0 0 0 00006311000190000000000000000000000001
SWSW224511631    20101    000 100 0 10003311000101 1 1 001 1 001 1 0000001
SWSW22468161     20010    000 0 0 0 0000541100019000000  1 000000001 00002
SWSW22509162     21001 0  000 110 1100003311000191 0000  00000000001 00001
SWSW22517161111  10000    000 110 0 0000211100019000000  1 000000000000001
SWSW225331621    111111   010 0 0 0 0000611100019000000  1 000000000000001
SWSW22558161     20110    010 0 0 0 00005411000101 0000  1 000000000000001
SWSW22561161 111110010    00110 0 1110004411000301 0000  1 001 1 001 00001
SWSW22594161 1   20000    000 0 0 0 00003411000191 0000  1 000000000000001
SWSW22605163     21001    100 0 0 0 00002311000191 00000001000000000000001
SWSW22626163111 0311011   1010110 1100004321000191 0100001 00001 000000012
SWSW22644161     10001    000 0 0 0 00004311100191 0000001 000000000000001
SWSW22671163     31010    0110100 0 00001111010301 1 1 001 0000001 0000002
SWSW22720163  1  41101    100 0 0 0 00003411000190000000001000000000000001
SWSW22745162    120000    000 100 0 00004411000191 1 00001 000000000000001
SWSW22753161     11010    000 0 0 0 00003421000101 0000  1 00001 000000001
SWSW22766165 11  41001000 100 11101100001311000191 0000001 000000000000012
SWSW227811611   120101111 1010110 0 10004431011401 1 00001 1 001 001 00001
SWSW227991631    31001    000 0 0 0 00004311000191 1 000000000000000000001
SWSW22801163  1  10100    00100 0 1000004411000101 001   00000000000000001
SWSW22850161     20000    000 100 0 0000411101010010000  1 00001 000000001
SWSW22869162     2100111  1010100 0 10003311010191 0001011 000001000100003
SWSW22875162    120010    0110110 0 10001421011411 1 00001 001 1 000000004
SWSW22897161     11010    010 0 0 1100005311000191 0000  1 000000000000001
SWSW22973162   1 11100    000 100 0 0000241100019000000  1 000000000000001
SWSW22990161     30001    1011110 1110005411000191 001 0000000001000000002
SWSW23008162     20000    00100 0 0 00005331000191 0000  1 000000000000001
SWSW23029162     1100111  100 0 0 0 00003411000191 1 00001 00001 000000003
SWSW23057161     10000    000 0 0 0 00005211000191 0000  1 000000000000001
SWSW23062162     11010    010 0 0 0 00003411100191 0000  1 000000000000001
SWSW23073163  1  21110    000 110 1101005111000191 001 011 1 01001 00001 1
SWSW23085165    020000    000 0 0 0 00002411000191 00000000000000000000001
SWSW23090161     100011   000 0 0 0 00002411000191 0000001 000000000000001
SWSW23109164    131001    1011110 1110003211001211 0000001 1 1 1 000000001
SWSW23125161     11000    000 0 0 0 00 01211000101 0000  1 000000000000001
SWSW23133161    110101    0011110 1100001421000191 0001001 1 1 1 001 00001
SWSW231401611 1  10001    000 0 0 0 00006411000190100000000000000000000004
SWSW23194161     10000    000 0 0 100000441100019000000  00000000000000001
SWSW23222165     20000    000 0 0 1000006311000101 0000  1 000000000000002
SWSW23250163     11001    100 0 0 0 00001411000191 0000001 000000000000001
SWSW23303161     200011   000 0 1010000034410001901000000011 0000000000001
SWSW23339163  1 11111111  000 0 0 0 00001421110101 001 0000000000000000001
SWSW23346163     20000    000 0 0 1000002321000191 0000  1 000000001 00001
SWSW23352163     20111    010 100 0 00006411000191 0000  1 000000001 00001
SWSW23367163     211011   000 110 0 00005411000191 0000001 00001 001 00001
SWSW23380161 1   20000    000 0 0 0 00003311000101 0000  001 0000000000001
SWSW23400161     300011   000 0 0 0 00005421000191 0000001 000000000000001
SWSW23449164     2000111 11010100 0 00001411100191 001 001 00001 000000001
SWSW23454161     20101    000 0 0 0 00004411000101 1 00001 000000000000001
SWSW23476161     20000    000 0 0 0 00003411000191 001 1 1 1 0000000000001
SWSW23482161     201011   000 0 0 100000513100019000000  01001 000000001 2
SWSW23519162     20001    000 0 0 0 00005411000191 0000  1 000000000000001
SWSW23527164 0   11011    000 0 0 0 010061541001900001   011 1 001 1 01001
SWSW23531162 1  031101    000 110 1110005411010191 0000  1 000000000000001
SWSW23543164     11010    000 0 0 1000006311000191 001   1 000000000000001
SWSW235551611 1  110011   000 0 0 0 00003211000191 0000  1 1 0000000000002
SWSW23564163 1   10010    010 0 0 100000232100010010000  00000000000000001
SWSW23570162     20010    010 0 0 1000003311000191 0000  00000000000000001
SWSW23588161 1   301011   100 0 100 00001441010201 001 1 011 0000000000003
SWSW23607161     20001    000 0 0 0 00001411000190000000000000000000000001
SWSW23630161     11010    000 0 0 0 00003411000191 0000  1 00001 000000002
SWSW23642163     30100    0010100 0 00004221000101 0000001 00001 000000004
SWSW236631611    10000    000 0 0 0 00006411000191 000000000000000000001 1
SWSW236891611    20010    010 0 100 00006211000191 0000001 000000000000001
SWSW23691163     30001    100 10100 00002311000191 0000001 0000000000001 2
SWSW23702162     200011   000 0 0 0 00005411000101 0000  01000000000000001
SWSW23710161     100011   000 0 0 1000005411000191 0000001 00001 000000001
SWSW23735163    1310011   101010101000006311000191 001 1 1 000001000000002
SWSW23747164     110111   00100 0 0 00005211000191 1 00  1 1 0000001 00001
SWSW23751161     10000    000 0 0 0 00003311000191 00000001000000000000001
SWSW23768161 1   21111 1  000 0 0 0 00006451000101 001 0000000000000000001
SWSW23812162     20001    10100 100 00004411100191 0000  1 1 0000000000001
SWSW23838163     3110111  100 0 0 0 00002411000101 00000001000000000000001
SWSW23845161     20010    000 100 0 0000341100019000000  00000000000000001
