EA40015EA41817 9 82020
EA40141EA411 911 7 810
EA40185EA417 814 6 819
EA40304EA416 718 4 710
EA40345EA4191415 610 9
EA40414EA420 420 4 416
EA40450EA413 815 91020
EA40469EA410 414 41418
EA40475EA4161015 71211
EA40497EA4151113 51216
EA40505EA419 719 7 616
EA40518EA420 420 4 416
EA40526EA41120111216 8
EA40560EA419 615 4 413
EA40619EA420 420 41212
EA40627EA4 8 913101413
EA40631EA420 917 81016
EA40655EA418 817 5 720
EA40664EA414 813 4 612
EA40670EA4181214 41516
EA40692EA419 619 5 617
EA40724EA4161014 6 416
EA40746EA4141712101512
EA40767EA418 8   51417
EA40813EA415 7   7 516
EA40821EA416 417 4 516
EA40849EA420 814 7 620
EA40865EA420 420 4 816
EA40876EA416 718 4 711
EA40958EA4171814101316
EA40972EA413 514 4 511
EA40986EA419 813 410 9
EA40994EA4201020 4 418
EA41002EA418 820 4 919
EA41010EA4141115 91415
EA41035EA416 614 4 718
EA41047EA4 420 51013 8
EA41051EA4171118 4 615
EA41096EA41320 8 820 8
EA41103EA4101512161311
EA41124EA420 419 4 413
EA41146EA420 420 4 419
EA41152EA420 420 4 420
EA41167EA4161216 41616
EA41207EA420 518 4 516
EA41215EA4141814101614
EA41274EA420 816 4 816
EA41309EA411 912 61210
EA41317EA420 520 4 415
EA41325EA41414131213 8
EA41333EA416 620 4 611
EA41340EA417 419 4 419
EA41358EA4131215 61314
EA41361EA410 7 9 410  
EA41372EA4 820 8 61412
EA41386EA4151313101313
EA41427EA413 820 4 620
EA41431EA416 420 4 416
EA41443EA418 915 5 613
EA43024EA414 816 7 817
EA43039EA420 920 4 519
EA43052EA4161214 4 7 4
EA43078EA413 814 4 612
EA43095EA417 814 4 812
EA43104EA4161113 51215
EA43138EA420 519 5 418
EA43145EA413 416 4 611
EA43153EA420 516 4 518
EA43255EA416 416 4 4 7
EA43292EA420 916 41116
EA43334EA416 914 5 915
EA43357EA420 619 4 918
EA43373EA4171615 41713
EA43390EA420 816 4 410
EA43426EA420 420 4 418
EA43459EA415 416 4 415
EA43522EA417  1210 414
EA43569EA419 419 4 419
EA43583EA41213 91111 7
EA43597EA417 61210 611
EA43602EA420 420 4 419
EA43610EA420 419 4 419
EA43707EA420 420 8 419
EA43715EA419 416 4 517
EA43730EA4161215 41616
EA43742EA4 915 91717 9
EA43774EA420 520 6 418
EA43789EA420 915 8 712
EA43791EA4181519 61517
EA43825EA419 419 41416
EA43858EA420 618 4 416
EA43861EA415 713 7 917
EA43872EA413 516 4 414
EA43886EA420 520 4 419
EA43900EA418 716 4 514
EA43913EA4181018 41810
EA43921EA415 416 4 416
EA43937EA413 614 4 510
EA43965EA4 919 72020 5
EA43976EA4201020 71315
EA43982EA420 520 4 818
EA44009EA4201620141616
EA44033EA4 9 7 8 4 8 7
EA44040EA4131015 7 717
EA44072EA416 615 41211
EA44126EA417 416 4 412
EA44144EA417 415 4 414
EA44159EA417 916 5 611
EA44160EA420 820 4 416
EA44171EA4131614121110
EA44193EA420 520 4 414
EA44213EA420 420 4 417
EA44249EA413 917 7 917
EA44254EA4 7 813111112
EA44265EA4141115 5 712
EA44282EA420 720 4 716
EA44298EA415 617 4 417
EA44351EA4 71410121218
EA44379EA420 418 4 416
EA44404EA4 720 42020 8
EA44412EA413 420 6 8 6
EA44481EA417 517 4 413
EA44515EA4161013 8 916
EA44528EA419 715 61014
EA45034EA416 416 4 416
EA45041EA4 81810151816
EA45062EA417 716 5 417
EA45133EA4 6 4 6 4 4 8
EA45158EA418 618 4 718
EA45172EA418 616 4 614
EA45186EA420 920 41018
EA45194EA4161013 81012
EA45201EA411 413 4 819
EA45236EA410 912 81116
EA45275EA4161314111920
EA45283EA414 816 7 6 7
EA45303EA4131312 81512
EA45311EA420 420 4 416
EA45324EA419 718 6 518
EA45378EA419 620 4 616
EA45400EA419 517 41212
EA45437EA418 818 5 716
EA45498EA417 814 6 813
EA45506EA4141217 61115
EA45527EA420 410 4 417
EA45531EA416 813 81218
EA45555EA418 617 4 516
EA45570EA4 516 7 816 8
EA45630EA4171516 82012
EA45702EA420 716 4 614
EA45747EA4171717 41512
EA45768EA4171214 71011
EA45796EA4171217 4 714
EA45881EA4201020 41216
EA45987EA4191416 912 9
MW00065MW118 717 41114
MW00065MW41217 7 615 5
MW00136MW120 818 4 516
MW00136MW415 815 5 512
MW00148MW1151216 5 814
MW00148MW4191316111812
MW00150MW120 419 4 418
MW00150MW416 820 4 420
MW00175MW1181014 61219
MW00183MW11018 5131913
MW00183MW4 91211111314
MW00197MW4 9 715 61013
MW00225MW114 520 6 620
MW00225MW415 816 91115
MW00233MW1 91910161312
MW00233MW416 7101313 7
MW00258MW118 616 4 514
MW00272MW110 418 4 419
MW00286MW413 615 71416
MW00306MW1141113 612 9
MW00306MW416 418 4 419
MW00319MW119 919 4 519
MW00327MW116 812 41012
MW00327MW419 617 5 411
MW00331MW419 420 4 420
MW00355MW118 418 4 419
MW00355MW415 417 4 419
MW00364MW420 816 6 617
MW00370MW117 912 91313
MW00370MW4191319 4 820
MW00388MW117 417 4 617
MW00392MW1201020 61216
MW00408MW120 619 5 615
MW00408MW419 718 5 516
MW00416MW1201010 4 412
MW00429MW114 816 41017
MW00434MW118 520 4 517
MW00434MW418 618 6 716
MW00441MW410 8 911 817
MW00462MW1191016 71212
MW00462MW415 714 7 811
MW00503MW120 419 4 420
MW00503MW4161018 61018
MW00524MW4201116 71413
MW00539MW116 514 51218
MW00539MW418 514 41018
MW00546MW112 813 4 812
MW00546MW41020 9 614 7
MW00552MW1201017 61214
MW00567MW118 715 4 413
MW00567MW419 515 5 517
MW00578MW118 715 4 413
MW00578MW419 515 5 517
MW00580MW1 91410171514
MW00595MW116 416 5 415
MW00595MW414 417 4 814
MW00604MW117 516 4 8 8
MW00604MW4181117 4 915
MW00612MW120 419 4 419
MW00620MW119 918 4 518
MW00620MW4181116 4 515
MW00638MW111 811 5 912
MW00638MW416 617 5 619
MW00645MW4 81711 712 9
MW00653MW1 91514181719
MW00653MW4 81413171717
MW00666MW1121211 616 8
MW00666MW4131211 61410
MW00677MW112 716 4 819
MW00681MW120 520 5 620
MW00681MW419 420 4 420
MW00699MW420 419 5 617
MW00718MW120 620 4 420
MW00718MW417 417 4 918
MW00726MW420 520 4 517
MW00732MW1171016 4 611
MW00744MW112 418 4 414
MW00771MW117 816 71114
MW00771MW419 818 6 915
MW00807MW4111012 41413
MW00828MW117 817 6 518
MW00828MW4121513 61310
MW00830MW1 9 914 51112
MW00830MW418 719 4 517
MW00856MW413 917 61017
MW00863MW119 418 4 419
MW00874MW414 716 4 617
MW00889MW1151115 4 818
MW00889MW4 7 6 6 4 7 5
MW00891MW1191014 5 615
MW00891MW4161216101118
MW00902MW120 620 4 420
MW00923MW420 420 4 420
MW00947MW1171112 41113
MW00947MW417 713 4 714
MW00951MW120 817 41012
MW01009MW1 9 620 9 618
MW01017MW119 616 4 616
MW01017MW419 619 5 419
MW01033MW411 611 4 7 8
MW01061MW1191613 415 7
MW01061MW4181213 41210
MW01072MW119 419 4 419
MW01094MW120 620 4 615
MW01105MW4141015 41014
MW01126MW1161015 4 914
MW01126MW4181210 41410
MW01144MW120 420 4 420
MW01171MW112 717 4 610
MW01171MW417 420 4 418
MW01200MW119 618 4 718
MW01200MW416 715 7 915
MW01254MW113 915 61213
MW01276MW119 519 6 418
MW01282MW117 416 6 714
MW01282MW415 415 4 413
MW01302MW116 418 4 412
MW01302MW417 615 4 411
MW01323MW116 413 61011
MW01323MW418 815 7 814
MW01335MW11510 9 9 9 8
MW01335MW414 619 4 519
MW01347MW115 815 6 914
MW01347MW416 915 41014
MW01368MW1191012 6 7 9
MW01396MW116 417 5 812
MW01404MW116 816 4 914
MW01404MW418 918 4 617
MW01412MW414 516 91317
MW01453MW4121411101713
MW01466MW117 815 41110
MW01466MW410 912 4 7 9
MW01481MW11018 9131811
MW01481MW420 616 7 610
MW01499MW1121811 91710
MW01499MW4 913 9 81610
MW01528MW1121511 71710
MW01556MW11120 8111912
MW01574MW112 814 5 819
MW01574MW4141117 4 419
MW01589MW112 814 5 819
MW01589MW4141117 4 419
MW01591MW116 912 5 917
MW01608MW117 415 7 415
MW01629MW114 915 41414
MW01629MW4 918101016 7
MW01634MW114 713 4 410
MW01634MW418 416 4 515
MW01673MW118 420 6 919
MW01673MW411 416 8 920
MW01701MW4131013 811 9
MW01714MW420 620 6 520
MW01722MW1131810 510 9
MW01736MW1141116 51416
MW01736MW419 720    20
MW01748MW119 518 4 718
MW01769MW118 420 4 416
MW01797MW4141314    16
MW01803MW1131116 6 912
MW01811MW1201018 51319
MW01811MW4201220 81420
MW01824MW116 616 410 9
MW01846MW113 714 4 614
MW01846MW414 915 61115
MW01852MW420 620 5 618
MW01867MW117 815 6 416
MW01867MW418 818 6 518
MW01895MW116 815 4 812
MW01895MW4181016 61212
MW01906MW1191120 4 915
MW01927MW119 518 4 914
MW01927MW414 711 610 9
MW01943MW1161116 41014
MW01955MW411 814 61017
MW01970MW41016 7 917 6
MW01988MW120 420 4 714
MW02008MW1171415 41111
MW02008MW419 818 4 916
MW02016MW1161114 41313
MW02016MW4201218 4 820
MW02034MW120 419 41820
MW02041MW112 515 4 615
MW02057MW119 518 4 917
MW02073MW1141015 7 814
MW02117MW1121910 91912
MW02125MW115 615 41116
MW02140MW1161417 71611
MW02158MW120 820 4 416
MW02161MW1201017 41015
MW02172MW1 418101217 5
MW02172MW4101010 910 8
MW02186MW116 914 7 517
MW02214MW116 413 4 417
MW02214MW411 612 5 414
MW02222MW119 718 41016
MW02222MW4201120 6 820
MW02236MW119 718 41016
MW02236MW419 917 51013
MW02248MW118 417 4 710
MW02269MW1201016 81217
MW02269MW4151611 9 812
MW02275MW1201016 81217
MW02275MW4151611 9 812
MW02283MW1121115 6 716
MW02303MW416 916 41614
MW02311MW1101213 810 8
MW02311MW417 417 4 617
MW02324MW117 420 4 718
MW02324MW414 718 5 818
MW02339MW418 420 4 420
MW02346MW1131412 6 416
MW02346MW412 519 4 417
MW02367MW117 819 5 820
MW02367MW420 620 4 518
MW02378MW119 614 4 514
MW02378MW418 617 4 816
MW02380MW1201216101014
MW02380MW418 816 4 814
MW02465MW117 917 4 816
MW02482MW116 817 6 915
MW02531MW120 420 51620
MW02543MW117 518 4 611
MW02543MW418 418 4 414
MW02570MW1 71011121216
MW02588MW116 614 5 614
MW02588MW414 814 5 714
MW02592MW1 8 913 71113
MW02592MW411 814 61017
MW02607MW1181020 5 511
MW02607MW4151512 61113
MW02630MW420 420 4 420
MW02642MW118 417 6 820
MW02656MW116 817 4 814
MW02656MW412 617 6 614
MW02691MW11616111215 7
MW02702MW1 9 614 6 412
MW02702MW411 416 7 714
MW02723MW1151114 7 7 9
MW02735MW1201118 51414
MW02747MW1201118 51414
MW02751MW114 414 4 813
MW02751MW414 913 71115
MW02768MW1151114 7 7 9
MW02784MW1161617121014
MW02784MW4161718 41318
MW02796MW116 81512 9 9
MW02804MW119 616 4 614
MW02812MW116 714 4 416
MW02812MW4141116 51211
MW02838MW417 619 4 819
MW02845MW117111512 917
MW02845MW417 619 4 819
MW02853MW117 416 4 518
MW02866MW4181318 61511
MW02877MW119 616 4 412
MW02877MW420 616 6 414
MW02881MW1 519 41118 4
MW02905MW120 519 4 516
MW02905MW417 715 4 914
MW02926MW118 518 4 917
MW02932MW120 418 4 417
MW02932MW418 614 61018
MW02944MW120 418 4 417
MW02944MW418 614 61018
MW02960MW120 520 41020
MW02971MW1201020 4 816
MW02971MW414 82012 816
MW02987MW119 916 5 715
MW02987MW418 518 4 614
MW02993MW116 417 41017
MW03005MW116 417 41017
MW03005MW412 416 4 414
MW03026MW116 815 4 815
MW03026MW420 520 5 618
MW03032MW116 815 4 815
MW03032MW418 520 4 618
MW03044MW1201416 4 914
MW03044MW4161316111110
MW03071MW115 814 61115
MW03119MW118 418 4 920
MW03119MW413 419 4 819
MW03131MW1151017 71314
MW03155MW1 612 9 410 6
MW03155MW410 511 4 610
MW03170MW114 617 4 614
MW03188MW120 718 5 417
MW03188MW419 519 4 419
MW03192MW1121614 81612
MW03192MW412 814 4 614
MW03204MW113 814 61013
MW03204MW410 416 4 814
MW03212MW118 713 4 4 8
MW03212MW418 814 6 610
MW03238MW116 615 6 816
MW03245MW116 418 4 419
MW03245MW413 518 4 719
MW03253MW120 416 4 412
NW30020NW2 420 42020 4
NW30020NW4 520 42020 4
NW30053NW418 420 4 418
NW30066NW3151516 61213
NW30066NW4181016 4 916
NW30077NW3111611101411
NW30081NW420 820 4 420
NW30099NW3 720 61420 5
NW30099NW420 420 4 419
NW30149NW117 818 5 717
NW30149NW4 71114 71119
NW30154NW212 812 91611
NW30176NW4101710 91110
NW30198NW416 616 4 415
NW30205NW320 420 4 619
NW30205NW418 4   8 820
NW30218NW117 418 4 420
NW30226NW417 419 4 714
NW30232NW114 414 5 514
NW30244NW415 614 5 612
NW30259NW217 518 4 714
NW30271NW317 615 41217
NW30271NW419 417 5 516
NW30287NW316 616 4 417
NW30287NW415 615 4 619
NW30293NW41120 8121513
NW30307NW115 714 41214
NW30315NW01120 61714 5
NW30328NW219 620 6 620
NW30328NW414 615 5 615
NW30330NW4151014 81116
NW30342NW019 615 5 713
NW30363NW315 618 4 420
NW30363NW419 718 4 419
NW30374NW415 617 4 618
NW30389NW1 620 91216 8
NW30389NW415 615 4 517
NW30409NW316 918 5 716
NW30409NW4171614 81011
NW30417NW315 617 4 618
NW30417NW419 519 4 419
NW30425NW317 715 4 916
NW30433NW217 817 4 614
NW30433NW4121012 91516
NW30440NW3101710 91110
NW30440NW4 91610 715 8
NW30458NW4 9131113 8 8
NW30461NW017 720 7 917
NW30461NW417 618 4 618
NW30472NW3 620 91216 8
NW30472NW4 920 8141412
NW30486NW3101512 813 8
NW30486NW41020 91217 5
NW30494NW1151512101213
NW30502NW215 817 61115
NW30502NW414 814 4 716
NW30510NW315 614141020
NW30535NW0 620 91216 8
NW30535NW414 514 4 515
NW30547NW316 518 8 920
NW30551NW118 815 5 712
NW30551NW4171113 5 913
NW30568NW420 520 4 417
NW30579NW313 616 5 519
NW30579NW417 616 5 617
NW30584NW120 520 4 417
NW30584NW4 52011112014
NW30596NW21517131015 4
NW30611NW117 617 6 515
NW30611NW413 613 5 514
NW30624NW217 617 6 515
NW30624NW4 91410121610
NW30652NW4121611 81413
NW30667NW1121611 81413
NW30667NW412 614 7 714
NW30678NW3121010 9 610
NW30678NW410 812 9 711
NW30680NW117 417 4 617
NW30680NW419 717 7 916
NW30706NW115 817 61115
NW30706NW419 820 51220
NW30719NW117 420 4 418
NW30727NW217 420 4 418
NW30727NW418 718 4 419
NW30743NW412 912 81011
NW30764NW416 815 8 815
NW30770NW210 9111010 9
NW30792NW017 717 4 414
NW30792NW413 414 4 414
NW30808NW2151016 8 814
NW30808NW419 617 7 416
NW30816NW215 816 4 414
NW30816NW420 419 4 418
NW30829NW120 420 4 418
NW30829NW4201216 4 617
NW30834NW31217101316 4
NW30841NW213 614 5 515
NW30841NW414 713 61111
NW30862NW117 816 5 713
NW30862NW414 415 5 419
NW30873NW416 519 4 520
NW30890NW317 518 4 516
NW30914NW118 618 5 516
NW30914NW4121013 81217
NW30922NW220 916 4 615
NW30922NW414 720 5 418
NW30948NW019 718 4 716
NW30948NW419 514 4 413
NW30950NW216 417 4 418
NW30969NW216 719 4 420
NW30969NW418 820 4 520
NW31018NW417 918 5 519
NW31026NW3171216 81412
NW31026NW418 919 7 713
NW31032NW216 515 5 417
NW31032NW418 515 5 416
NW31059NW320 919 4 513
NW31071NW117 715 4 920
NW31087NW015 516 4 918
NW31087NW418 518 7 719
NW31093NW118 419 5 517
NW31093NW416 618 4 615
NW31106NW416 916 5 913
NW31119NW419 616 51117
NW31127NW1171714191112
NW31131NW416 715 4 713
NW31143NW4191417 418 9
NW31155NW320 418 4 420
NW31155NW417 516 5 717
NW31164NW317 518 5 819
NW31220NW213 515 5 714
NW31238NW220 420 4 419
NW31253NW118 520 4 619
NW31266NW416 816 710 6
NW31277NW214 719 5 520
NW31277NW420 519 4 717
NW31281NW117 618 4 618
NW31281NW418 520 4 719
NW31299NW0 91014 7 811
NW31299NW412 911 7 718
NW31301NW317 518 7 714
NW31301NW41217 9111810
NW31314NW320 618 4 615
NW31314NW419 719 4 518
NW31322NW320 420 4 418
NW31322NW420 420 4 420
NW31336NW219 817 5 717
NW31348NW1171011 61211
NW31348NW417 415 4 515
NW31350NW1121012101211
NW31350NW4121211101212
NW31369NW420 519 4 620
NW31375NW116 51911 618
NW31375NW417 718 9 718
NW31383NW120 520 4 420
NW31383NW417 518 7 820
NW31397NW4181012 8 616
NW31403NW21320 81517 4
NW31403NW419 818 4 418
NW31424NW413 912 51016
NW31439NW220 420 4 419
NW31439NW419 417 4 420
NW31452NW4161114 41016
NW31495NW2201612 515 7
NW32040NW2171013 71112
NW32040NW418 814 4 813
NW32061NW3131611101115
NW32061NW420 420 4 418
NW32072NW3181214 91010
NW32072NW420 520 4 412
NW32086NW318 418 6 620
NW32086NW420 420 4 420
NW32094NW414 820 4 418
NW32118NW311 418 5 420
NW32126NW41216 9 71015
NW32132NW3131614 414 6
NW32132NW41014 7 5 8 9
NW32144NW413 514 6 712
NW32159NW411 514 91017
NW32160NW3151112 91018
NW32160NW4151014 81013
NW32171NW418 620 4 620
NW32187NW119 418 41318
NW32187NW420 420 4 618
NW32193NW3111115 81618
NW32200NW21617 7 713 4
NW32213NW220 618 4 418
NW32213NW4191018 4 420
NW32221NW420 818 4 416
NW32237NW2142011131911
NW32237NW4171314 71214
NW32249NW2171512101420
NW32282NW413 815 8 915
NW32298NW4 610 9 51011
NW32302NW411 810 6 618
NW32310NW320 720 4 618
NW32310NW4171019 4 618
NW32323NW118 419 6 620
NW32323NW416 418 5 817
NW32335NW220 520 5 619
NW32335NW420 616 4 618
NW32347NW318 718 4 417
NW32347NW418 518 4 617
NW32351NW318 719 4 417
NW32351NW420 819 4 719
NW32368NW215 814 5 912
NW32368NW4121112101111
NW32379NW415 915 4 611
NW32384NW419 914 4 611
NW32396NW416 820 4 420
NW32412NW116 815 4 414
NW32412NW4 8 418 4 416
NW32420NW3 712 91213 9
NW32420NW4 91012 91112
NW32438NW419 616 4 619
NW32445NW315 717 51010
NW32445NW413 914 9 812
NW32453NW315 518 4 417
NW32481NW4 420 5 820 8
NW32499NW318 518 4 416
NW32499NW416 518 4 417
NW32507NW320 420 4 420
NW32515NW320 520 4 518
NW32515NW419 420 4 619
NW32530NW2121613131311
NW32530NW4111412131210
NW32542NW312 817 71216
NW32542NW415 715 61015
NW32556NW4 9 417 6 719
NW32563NW414 515 4 415
NW32589NW315 419 7 419
NW32608NW4131710101411
NW32634NW217 816 4 816
NW32634NW419 715 6 817
NW32641NW418 616 4 616
NW32657NW317 413 4 813
NW32657NW418 817 4 416
NW32673NW416 814 5 716
NW32685NW214 913 51112
NW32685NW420 620 4 520
NW32690NW216 515 5 6 9
NW32690NW416 91312 918
NW32701NW4111512141711
NW32722NW219 418 4 418
NW32722NW416 517 4 418
NW32736NW21219 8161313
NW32736NW4121712141312
NW32748NW4101711171910
NW32750NW215 512 4 510
NW32750NW411 714 8 6 7
NW32769NW314 515 91116
NW32769NW417 617 6 820
NW32797NW3 81311131312
NW32797NW4 91113 81111
NW32839NW2 420 41616 7
NW32839NW4 710 9 811 8
NW32852NW216 618 5 619
NW32852NW4171613 81210
NW32878NW1101611131510
NW32880NW213 411 4 616
NW32880NW4 416 51414 4
NW32906NW2111112 9 7 9
NW32906NW4111111111410
NW32919NW320 518 4 715
NW32919NW417 416 4 915
NW32931NW220 820 6 617
NW32931NW4 9 81210 720
NW32943NW418 714 6 620
NW32955NW2121713 717 8
NW32955NW4151815 82013
NW32964NW214 818 61118
NW32964NW417 517 5 617
NW32970NW3 711 9 61115
NW32970NW420 420 4 420
NW32988NW219 517 8 819
NW32988NW418 418 51219
NW32992NW2131116 91116
NW32992NW411 81410 715
NW33006NW215 514 5 818
NW33006NW416 620 4 817
NW33019NW3111711  1314
NW33019NW420 420 4 420
NW33027NW4171114 91113
NW33031NW218 717 4 418
NW33031NW419 915 5 715
NW33043NW216 816 41314
NW33043NW413 512 4 513
NW33055NW3121411 712 8
NW33064NW313 4 8 5 811
NW33070NW4161112 5 913
NW33088NW3131112 910 9
NW33088NW4 8 6 7 4 8 6
NW33092NW2 71611 91312
NW33092NW410 8 7 613 9
NW33107NW412 812 91012
NW33115NW219 716 41219
NW33115NW419 619 4 617
NW33128NW416 518 4 620
NW33130NW21413 61314 4
NW33130NW4 820 42020 4
NW33447NW418 420 4 419
NW33451NW215 616 4 615
NW33451NW417 719 4 418
NW33468NW218 418 4 919
NW33468NW415 714 5 515
NW34489NW217 617 4 415
NW34489NW418 517 4 616
NW34504NW3 420 7202013
NW34504NW4 52011152011
SO10016SO418 617 4 419
SO10034SO416 515 5 819
SO10041SO410 8161414 6
SO10073SO420 420 4 420
SO10085SO419 617 4 717
SO10090SO419 716 4 611
SO10109SO4 616 71115 8
SO10117SO4131414 710 9
SO10125SO416 917 5 616
SO10133SO415 410 81212
SO10158SO420 813 41610
SO10172SO4181410111013
SO10186SO417 915 41311
SO10194SO4171917162017
SO10214SO418 420 4 416
SO10222SO4 9 613 4 812
SO10236SO414 913 4 811
SO10269SO416 514 4 510
SO10283SO411 513 4 412
SO10303SO416 616 61014
SO10311SO412 714 41615
SO10324SO419 820 4 615
SO10339SO4191019 51117
SO10346SO418 718 5 518
SO10367SO4121514 913 6
SO10378SO418 420 4 519
SO10380SO419 615 41012
SO10395SO4 71313111311
SO10421SO4191418 612 9
SO10437SO4 812131116 6
SO10454SO416 816 5 415
SO10465SO4111415 61613
SO10482SO4   814 71617
SO10506SO419 518 4 518
SO10519SO4191119 5  12
SO10527SO420 420 4 419
SO10531SO4161116 5 620
SO10543SO4 91413111610
SO10564SO416 916 5 614
SO10570SO413 914 5 815
SO10592SO4 420 42020 8
SO10615SO417 816 4 415
SO10628SO414 416 4 416
SO10630SO411 511 5 814
SO10642SO420 420 4 416
SO10656SO419 615 4 812
SO10674SO413 612 41216
SO10723SO4 710 7 512 6
SO10747SO420 817 4 510
SO10768SO418 718 5 617
SO10784SO4 418 412 810
SO10796SO420 415 9 820
SO10812SO4121512151416
SO10820SO41219 51120 4
SO10838SO4111213 41311
SO10845SO419 420 4 615
SO10866SO4181016 41014
SO10881SO417 412 8 612
SO10905SO418 917 4 817
SO10918SO418 820 41412
SO10926SO417 718 4 515
SO10932SO4121013 71211
SO10959SO419 418 4 416
SO11001SO419 815 6 816
SO11014SO415 914 71014
SO11036SO42010   91211
SO11050SO414 9 9 6 5 6
SO11069SO4161114 41110
SO11075SO420 518 4 813
SO11110SO418 820 6 520
SO11168SO413 514 4 912
SO11179SO414 418 4 613
SO11208SO417 816 6 416
SO11216SO4161216 616 8
SO11229SO420 420 4 518
SO11257SO416 816 8 616
SO11262SO415 414 4 513
SO11290SO417 917 4 617
SO11326SO41320 8141816
SO11393SO4 420 42020 4
SO11407SO418 411101112
SO11415SO414 419 8 420
SO11430SO4201819161620
SO11442SO4141114 51614
SO11456SO415 914 41019
SO11474SO416 916111514
SO11489SO4111212 811 9
SO11512SO420 619 4 418
SO11545SO416  13 8 615
SO11553SO4 420 41620 4
SO11566SO415 513 4 417
SO11577SO418 416 4 416
SO11581SO4131712111512
SO11665SO420 420 4 818
SO11676SO4121310 513 5
SO11725SO413 813 4 713
SO11733SO414 914101311
SO11740SO4201613 61813
SO11758SO417 818 41116
SO11761SO419 420 4 418
SO11772SO4 4 7 7 8 9 4
SO11786SO416 812 5 710
SO11794SO417 815 41310
SO11806SO418 914 4 717
SO11819SO4141011 4 813
SO11831SO416 515 4 416
SO11843SO416 91410 615
SO11855SO415 914 615 9
SO11870SO418 619 4 817
SO11892SO414 414 5 415
SO11903SO414 420 6 416
SO11939SO416 417 61013
SO11952SO417 419 4 819
SO11978SO411 516 5 814
SO11980SO4141013 71113
SO11995SO420 420 4 420
SO12000SO419 519 4 518
SO12013SO418 519 6 717
SO12021SO4191615 4 515
SO12049SO419 416 8 820
SO12054SO415 816 41414
SO12076SO416 413 4 514
SO12082SO4 8 4 8 4 4 7
SO12101SO414 81010 7 9
SO12114SO420 420 5 520
SO12122SO414 419 4 420
SO12136SO4171117 61114
SO12150SO4191412 51611
SO12169SO420 620 4 420
SO12183SO4 910 6131812
SO12197SO416 516 5 817
SO12209SO4191114 51211
SO12217SO4 820 51516 8
SO12225SO416 415 4 416
SO12233SO417 515 7 714
SO12240SO420 817 4 615
SO12261SO420 416 61513
SO12272SO416 516 4 716
SO12294SO41317 91014 7
SO12306SO415 419 4 418
SO12319SO419 520 4 518
SO12327SO410111312 912
SO12331SO411 614 51412
SO12343SO418 613 61115
SO12355SO418 419 4 419
SO12370SO4 820101116 6
SW20035SW4121414131312
SW20068SW416 615 5 719
SW20079SW416 615 8 719
SW20084SW417 517 4 518
SW20096SW418 620 4 420
SW20103SW415101610 913
SW20124SW414 519 4 614
SW20152SW4 420 4192016
SW20167SW4131015 5 714
SW20178SW420 518 4 414
SW20195SW418 416 4 416
SW20215SW4121913 81311
SW20230SW4 717 8151711
SW20256SW4201315 71212
SW20263SW418 418 4 418
SW20274SW420 520 4 618
SW20309SW420 420 4 620
SW20317SW419 717 4 913
SW20340SW417 616 71316
SW20358SW419 719 5 519
SW20372SW416 415 4 415
SW20386SW413 420 4 420
SW20419SW415 519 7 417
SW20427SW416 917 51318
SW20431SW420122011 614
SW20455SW412 81612 919
SW20492SW419 419 4 419
SW20500SW418 618 4 420
SW20521SW420 613 6 416
SW20537SW4142014 41418
SW20549SW420 720 4 418
SW20554SW420 520 4 919
SW20576SW414 816 4 418
SW20598SW420 717 4 916
SW20601SW415 816 81112
SW20622SW4131311 41211
SW20636SW418  19 4 413
SW20669SW416 817 6 616
SW20675SW41017 4 611 6
SW20683SW416 615 51112
SW20697SW4191613 813 9
SW20741SW413 912 4 610
SW20757SW413 912 4 610
SW20773SW419 819 5 918
SW20790SW419 618 5 518
SW20805SW420 820 4 418
SW20818SW420 420 4 416
SW20826SW4171417 71817
SW20860SW4101312 5 8 8
SW20887SW416 910 5 716
SW20904SW4141111 81711
SW20912SW418 714 6 615
SW20945SW420 818 4 818
SW20953SW416 716 41013
SW20977SW420 420 4 414
SW20981SW420 517 4 819
SW21007SW417 620 4 820
SW21030SW417 814 7 612
SW21074SW4 8 413 4 616
SW21089SW420 819 8 720
SW21162SW412 712 7 910
SW21173SW415 910 4 518
SW21185SW420 417 4 420
SW21202SW417 817 6 918
SW21210SW420 420 6 820
SW21223SW4201020 5 919
SW21235SW419 416 4 916
SW21268SW414 616 4 815
SW21284SW417 617 4 514
SW21296SW419 620 4 419
SW21320SW416 418 5 418
SW21338SW416 418 4 416
SW21345SW419 619 5 420
SW21366SW413 416 4 416
SW21381SW418 613 4 715
SW21399SW411 811 5 713
SW21401SW411 417 4 412
SW21422SW4201216131412
SW21450SW4121213 71111
SW21469SW416 416 5 517
SW21475SW420 916 4 817
SW21483SW413 615 71017
SW21505SW417 816 4 619
SW21526SW420 420 4 420
SW21532SW417 517 4 516
SW21544SW420 420 4 420
SW21571SW419 516 4 412
SW21587SW420 720 6 420
SW21593SW418 420 4 419
SW21606SW413 815141117
SW21619SW417 420 4 414
SW21643SW420 720 6 420
SW21655SW416 51410 717
SW21664SW418 616 81018
SW21670SW420 420 81016
SW21703SW416 620 9 820
SW21724SW418 420 4 419
SW21746SW419 620 41416
SW21752SW417 617 7 417
SW21780SW415 418 4 420
SW21800SW417 419 4 518
SW21837SW41319 8 820 4
SW21898SW4161212 51617
SW21909SW41919 91520 8
SW21917SW420 619 4 515
SW21925SW41114 5101216
SW21961SW420 420 4 420
SW21972SW420 620 4 820
SW21986SW416 418 4 513
SW22006SW416 417 4 420
SW22019SW415 616 5 414
SW22043SW418 717 4 412
SW22163SW418 518 4 417
SW22189SW4201020 5 420
SW22203SW420 420 4 420
SW22224SW418 418 4 611
SW22246SW418 416 4 517
SW22252SW4 916 71220 8
SW22267SW416 716 41016
SW22300SW416 614 4 610
SW22313SW420 419 4 419
SW22349SW4111016 91819
SW22376SW419 518 4 515
SW22402SW420 618 4 419
SW22410SW420 418 4 616
SW22423SW416 718 4 417
SW22435SW417 417 4 420
SW22479SW420 420 4 420
SW22484SW412 516 5 418
SW22509SW420 420 4 415
SW22517SW418 61611 417
SW22525SW4131214 91011
SW22561SW416 516 5 617
SW22586SW413 713 6 917
SW22594SW417 418 7 519
SW22605SW4171020 713 9
SW22618SW418 718 4 419
SW22626SW418 718 4 419
SW22644SW420 417 4 617
SW22671SW4171213 61011
SW22687SW419 419 4 519
SW22693SW416 816 4 717
SW22720SW4121712 71010
SW22745SW4181414 81120
SW22753SW4181414 81120
SW22766SW4 91111 4 816
SW22781SW4121213 5 414
SW22799SW416 620 4 619
SW22869SW414 516 4 817
SW22883SW420 417 4 417
SW22897SW4 51710 91413
SW22962SW414 715 6 517
SW22973SW420 420 4 420
SW22985SW418 916 4 913
SW23008SW41220 41816 4
SW23016SW4101014 41718
SW23029SW4151411 513 7
SW23090SW417 418 4 518
SW23109SW417 418 4 518
SW23125SW420 420 4  18
SW23133SW419 417 4 717
SW23140SW419 419 4 519
SW23158SW4151015 41511
SW23172SW417 817 8 719
SW23186SW417 617 4 517
SW23194SW4181215 713 9
SW23236SW420 520 4 420
SW23248SW420 520 4 420
SW23250SW416 513 8 811
SW23324SW420 420 4 6 8
SW23352SW4141612 714 8
SW23367SW4131115 91412
SW23400SW420 817 4 513
SW23413SW415 619 4 518
SW23449SW413 416 5 819
SW23454SW419 517 5 514
SW23465SW420 420 6 819
SW23476SW420 820 81320
SW23482SW4141111101315
SW23519SW419 420 4 418
SW23527SW4171115 4 920
SW23543SW411 914101017
SW23564SW418 613 41214
SW23570SW4 816 92017 4
SW23588SW4161113 41413
SW23592SW416 415 4 814
SW23628SW410 816 6 810
SW23642SW4191314 71213
SW23689SW4191917 811 6
SW23691SW416 717 51318
SW23735SW4201820131719
SW23747SW418 617 5 818
SW23779SW418 418 4 417
SW23784SW420 820 4 820
SW23812SW4101213 71912
SW23820SW41320111415 7
SW23838SW418 420 4 417
SW23845SW4191117 81212
SW23866SW412 514 9 616
