EA40015EA120 0 0 0 0 0 0 0 0    00 00 
EA40056EA120 0 0 0 0 0 0 0 0    00 00 
EA40091EA120 0 110 0 0 0 0 0    00 00 
EA40108EA120 0 0 0 0 0 0 0 0    00 00 
EA40129EA120 0 0 0 0 0 0 0 0    00 00 
EA40157EA120 0 0 0 0 0 0 0 0    00 00 
EA40185EA120 0 0 0 0 0 0 0 0    00 00 
EA40247EA120 0 0 0 0 0 0 0 0    00 00 
EA40251EA120 0 0 0 0 0 0 0 0    10 10 
EA40304EA120 0 0 0 0 0 0 0 0    00 00 
EA40399EA120 0 0 0 0 0 0 0 0    00 00 
EA40401EA12110 0 0 0 0 0 0 0    00 00 
EA40414EA12110 0 0 0 0 0 0 0    00 00 
EA40422EA120 0 0 0 0 0 0 0 0    00 00 
EA40436EA120 0 0 0 0 0 0 0 0    00 00 
EA40450EA120 0 110 0 0 0 0 0    00 00 
EA40526EA120 0 0 0 0 0 0 0 0    00 00 
EA40560EA120 0 0 0 0 0 0 0 0    00 00 
EA40593EA120 0 0 0 0 0 0 0 0    00 00 
EA40606EA120 0 11110 0 0 0 0    00 00 
EA40631EA120 0 0 0 0 0 0 0 0    00 00 
EA40643EA120 0 0 0 0 0 0 0 0    00 00 
EA40655EA120 0 0 0 0 0 0 0 0    00 00 
EA40739EA120 0 0 0 0 0 0 0 0    00 00 
EA40746EA120 0 0 0 0 0 0              
EA40752EA120 0 11  0 0 0 0 0    00 00 
EA40767EA120 0 0 0 0 0 0 0 0    00 00 
EA40780EA120 0 0 0 0 0 0 0 0    00  0 
EA40795EA120 0 0 0 0 0 0 0 0    00 00 
EA40800EA120 0 0 0 0 0 0 0 0    00 00 
EA40813EA120 0 0 0 0 0 0 0 0    00 00 
EA40865EA120 0 0 0 0 0 0 0 0    00 00 
EA40876EA120 0 0 0 0 0 0 0 0    00 00 
EA40917EA120 0 0 0 0 0 0 0 0    00 00 
EA40958EA120 0 0 0 0 0 0 0 0    00 00 
EA40986EA120 0 0 0 0 0 0 0 0    00 00 
EA40994EA120 0 0 0 0 0 0 0 0    00 00 
EA41002EA120 0 0 0 0 0 0 0 0    00 00 
EA41010EA120 0 0 0 0 0 0 0 0    00 00 
EA41068EA120 0 0 0 0 0 0 0 0    00 00 
EA41084EA120 0 0 0 0 0 0 0 0    00 00 
EA41096EA12110 0 0 0 0 0 0 0    00 00 
EA41111EA12110 0 0 0 0 0 0 0    00 00 
EA41124EA120 0 0 0 0 0 0 0 0    10 10 
EA41152EA120 0 0 0 0 0 0 0 0    00 00 
EA41195EA120 0 0 0 0 0 0 0 0    00 00 
EA41207EA120 0 0 0 0 0 0 0 0    00 00 
EA41242EA120 0 0 0 0 0 0 0 0    00 00 
EA41274EA120 0 0 0 0 0 0 0 0    00 00 
EA41289EA120 0 0 0 0 0 0 0 0    00 00 
EA41325EA120 0 0 0 0 0 0 0 0    00 00 
EA41333EA120 0 0 0 0 0 0 0 0    00 00 
EA41361EA120 0 0 0 0 0 0 0 0    00 00 
EA41372EA120 0 0 0 0 0 0 0 0    00 00 
EA41386EA120 0 0 0 0 0 0 0 0    00 00 
EA41394EA120 0 0 0 0 0 0 0 0    00 00 
EA41427EA120 0 0 0 0 0 0 0 0    00 00 
EA41443EA120 0 0 0 0 0 0 0 0    00 00 
EA43011EA120 0 0 0 0 0 0 0 0    00 00 
EA43024EA120 0 0 0 0 0 0 0 0    00 00 
EA43039EA120 0 0 0 0 0 0 0 0    00 00 
EA43052EA120 0 0 0 0 0 0 0 0    00 00 
EA43067EA120 0 0 0 0 0 0 0 0    00 00 
EA43078EA120 0 0 0 0 0 0 0 0    00 00 
EA43095EA120 0 0 0 0 0 0 0 0    00 00 
EA43112EA120 0 0 0 0 0 0 0 0    00 00 
EA43138EA120 0 0 0 0 0 0 0 0    00 00 
EA43145EA120 0 0 0 0 0 0 0 0    00 00 
EA43153EA120 0 0 0 0 0 0 0 0    00 00 
EA43166EA120 0 0 0 0 0 0 0 0    00 00 
EA43181EA120 0 0 0 0 0 0 0 0    00 00 
EA43255EA120 0 0 0 0 0 0 0 0    00 00 
EA43264EA120 0 0 0 0 0 0 0 0    00 00 
EA43270EA120 0 0 0 0 0 0 0 0    00 00 
EA43334EA120 0 0 0 0 0 0 0 0    00 00 
EA43357EA120 0 0 0 0 0 0 0 0    00 00 
EA43390EA120 0 0 0 0 0 0 0 0    00 00 
EA43459EA120 0 0 0 0 0 0 0 0    00 00 
EA43493EA120 0 0 0 0 0 0 0 0    00 00 
EA43522EA120 0 0 0 0 0 0 0 0    00 00 
EA43548EA120 0 0 0 0 0 0 0 0    00 00 
EA43550EA120 0 0 0 0 0 0 0 0    00 00 
EA43569EA120 0 0 0 0 0 0 0 0    00 00 
EA43575EA120 0 0 0 0 0 0 0 0    00 00 
EA43583EA120 0 0 0 0 0 0 0 0    00 00 
EA43623EA120 0 0 0 0 0 0 0 0    00 00 
EA43635EA120 0 0 0 0 0 0 0 0    00 00 
EA43651EA120 0 0 0 0 0 0 0 0    00 00 
EA43684EA120 0 0 0 0 0 0 0 0    00 00 
EA43696EA120 0 0 0 0 0 0 0 0    00 00 
EA43707EA120 0 0 0 0 0 0 0 0    00 00 
EA43715EA120 0 0 0 0 0 0 0 0    00 00 
EA43730EA120 0 0 0 0 0 0 0 0    00 00 
EA43742EA120 0 0 0 0 0 0 0 0    00 00 
EA43756EA120 0 0 0 0 0 0 0 0    00 00 
EA43789EA120 0 0 0 0 0 0 0 0    00 00 
EA43791EA120 0 0 0 0 0 0 0 0    00 00 
EA43809EA120 0 0 0 0 0 0 0 0    00 00 
EA43817EA120 0 0 0 0 0 0 0 0    00 00 
EA43825EA120 0 0 0 0 0 0 0 0    00 00 
EA43840EA120 0 0 0 0 0 0 0 0    00 00 
EA43858EA120 0 0 0 0 0 0 0 0    00 00 
EA43861EA120 0 0 0 0 0 0 0 0    00 00 
EA43886EA120 0 0 0 0 0 0 0 0    00 00 
EA43913EA120 0 110 0 0 0 0 0    00 00 
EA43921EA120 0 0 0 0 0 0 0 0    00 00 
EA43937EA120 0 0 0 0 0 0 0 0    00 00 
EA43965EA120 0 0 0 0 0 0 0 0    00 00 
EA43998EA120 0 0 0 0 0 0 0 0    00 00 
EA44033EA120 0 0 0 0 0 0 0 0    00 00 
EA44040EA120 0 0 0 0 0 0 0 0    00 00 
EA44058EA120 0 0 0 0 0 0 0 0    00 00 
EA44072EA120 0 0 0 0 0 0 0 0    00 00 
EA44086EA120 0 0 0 0 0 0 0 0    00 00 
EA44126EA120 0 0 0 0 0 0 0 0    00 00 
EA44144EA120 0 110 0 0 0 0 0    00 00 
EA44159EA120 0 0 0 0 0 0 0 0    00 00 
EA44160EA120 0 0 0 0 0 0 0 0    00 00 
EA44171EA120 0 0 0 0 0 0 0 0    00 00 
EA44193EA120 0 0 0 0 0 0 0 0    00 00 
EA44237EA120 0 0 0 0 0 0 0 0    00 00 
EA44249EA120 0 0 0 0 0 0 0 0    00 00 
EA44254EA12110 110 0 0 0 0 0    00 00 
EA44282EA120 0 0 0 0 0 0 0 0    00 00 
EA44298EA120 0 0 0 0 0 0 0 0    00 00 
EA44302EA120 0 0 0 0 0 0 0 0    00 00 
EA44310EA120 0 0 0 0 0 0 0 0    00 00 
EA44347EA12110 0 110 0 0 0 0    00 00 
EA44351EA120 0 0 0 0 0 0 0 0    00 00 
EA44368EA120 0 0 0 0 0 0 0 0    00 00 
EA44379EA120 0 0 0 0 0 0 0 0    00 00 
EA44396EA120 0 0 0 0 0 0 0 0    00 00 
EA44404EA120 0 0 0 0 0 0 0 0    00 00 
EA44412EA120 0 0 0 0 0 0 0 0    00 00 
EA44453EA120 0 0 0 0 0 0 0 0    00 00 
EA44481EA120 0 0 0 0 0 0 0 0    00 00 
EA44515EA120 0 0 0 0 0 0 0 0    00 00 
EA44528EA120 0 0 0 0 0 0 0 0    00 00 
EA45034EA120 0 0 0 0 0 0 0 0    00 00 
EA45041EA120 0 0 0 0 0 0 0 0    00 00 
EA45057EA120 0 0 0 0 0 0 0 0    00 00 
EA45062EA120 0 0 0 0 0 0 0 0    00 00 
EA45085EA120 0 0 0 0 0 0 0 0    00 00 
EA45158EA120 0 0 0 0 0 0 0 0    00 00 
EA45214EA120 0 0 0 0 0 0 0 0    00 00 
EA45236EA120 0 0 0 0 0 0 0 0    00 00 
EA45248EA120 0 0 0 0 0 0 0 0    00 00 
EA45269EA120 0 0 0 0 0 0 0 0    00 00 
EA45275EA120 0 0 0 0 0 0 0 0    00 00 
EA45283EA120 0 0 0 0 0 0 0 0    00 00 
EA45303EA120 0 0 0 0 0 0 0 0    00 00 
EA45311EA120 0 0 0 0 0 0 0 0    00 00 
EA45324EA120 0 0 0 0 0 0 0 0    00 00 
EA45352EA120 0 0 0 0 0 0 0 0    00 00 
EA45395EA120 0 0 0 0 0 0 0 0    00 00 
EA45400EA120 0 0 0 0 0 0 0 0    00 00 
EA45437EA120 0 0 0 0 0 0 0 0    00 00 
EA45454EA120 0 0 0 0 0 0 0 0    00 00 
EA45476EA120 0 0 0 0 0 0 0 0    00 00 
EA45498EA120 0 0 0 0 0 0 0 0    00 00 
EA45506EA120 0 0 0 0 0 0 0 0    00 00 
EA45527EA120 0 0 0 0 0 0 0 0    00 00 
EA45531EA120 0 0 0 0 0 0 0 0    00 00 
EA45570EA120 0 0 0 0   0 0 0    00 00 
EA45588EA120 0 0 0 0 0 0 0 0    00 00 
EA45592EA120 0 0 0 0 0 0 0 0    00 00 
EA45607EA120 0 0 0 0 0 0 0 0    00 00 
EA45628EA120 0 0 0 0 0 0 0 0    00 00 
EA45630EA120 0 0 0 0 0 0 0 0    00 00 
EA45663EA120 0 0 0 0 0 0 0 0    00 00 
EA45674EA120 0 0 0 0 0 0 0 0    00 00 
EA45689EA120 0 0 0 0 0 0 0 0    00 00 
EA45735EA120 0 0 0 0 0 0 0 0    10 10 
EA45747EA120 0 0 0 0 0 0 0 0    00 00 
EA45751EA120 0 0 0 0 0 0 0 0    00 00 
EA45768EA12110 0 0 0 0 0 0 0    00 00 
EA45804EA120 0 0 0 0 0 0 0 0    10 10 
EA45812EA120 0 0 0 0 0 0 0 0    00 00 
EA45845EA120 0 0 0 0 0 0 0 0    00 00 
EA45866EA120 0 0 0 0 0 0 0 0    00 00 
EA45881EA120 0 110 0 0 0 0 0    00 00 
EA45899EA120 0 0 0 0 0 0 0 0    00 00 
EA45918EA120 0 0 0 0 0 0 0 0    00 00 
EA45932EA120 0 0 0 0 0 0 0 0    00 00 
EA45987EA120 0 0 0 0 0 0 0 0    00 00 
EA45993EA120 0 0 0 0 0 0 0 0    00 00 
MW00013MW12110 0 0 0 0 0 0 0    00 00 
MW00136MW120 0 0 0 0 0 0 0 0    00 00 
MW00150MW120 0 0 0 0 0 0 0 0    00 00 
MW00169MW120 0 0 0 0 0 0 0 0    00 00 
MW00175MW120 0 0 0 0 0 0 0 0    00 00 
MW00197MW120 0 0 0 0 0 0 0 0    00 00 
MW00217MW120 0 0 0 0 0 0 0 0    00 00 
MW00258MW120 0 0 0 0 0 0 0 0    00 00 
MW00286MW120 0 0 0 0 0 0 0 0    00 00 
MW00327MW120 0 0 0 0 0 0 0 0    00 00 
MW00355MW120 0 0 0 0 0 0 0 0    00 00 
MW00364MW120 0 0 0 0 0 0 0 0    00 00 
MW00370MW120 0 0 0 0 0 0 0 0    00 00 
MW00388MW120 0 0 0 0 0 0 0 0    00 00 
MW00408MW120 0 0 0 0 0 0 0 0    00 00 
MW00416MW120 0 0 0 0 0 0 0 0    00 00 
MW00429MW120 0 0 0 0 0 0 0 0    00 00 
MW00441MW120 0 0 0 0 0 0 0 0    00 00 
MW00457MW120 0 0 0 0 0 0 0 0    00 00 
MW00462MW120 0 0 0 0 0 0 0 0    00 00 
MW00503MW120 0 0 0 0 0 0 0 0    00 00 
MW00524MW120 0 0 0 0 0 0 0 0    00 00 
MW00546MW120 0 0 0 0 0 0 0 0    00 00 
MW00552MW120 0 0 0 0 0 0 0 0    00 00 
MW00580MW120 0 0 0 0 0 0 0 0    00 00 
MW00612MW120 0 0 0 0 0 0 0 0    00 00 
MW00645MW120 0 0 0 0 0 0 0 0    00 00 
MW00653MW120 0 0 0 0   0 0 0    00 00 
MW00718MW120 0 0 0 0 0 0 0 0    00 00 
MW00771MW120 0 0 0 0 0 0 0 0    00 00 
MW00830MW120 0 0 0 0 0 0 0 0    00 00 
MW00856MW120 0 0 0 0 0 0 0 0    00 00 
MW00863MW120 0 0 0 0 0 0 0 0    00 00 
MW00874MW120 0 0 0 0 0 0 0 0    00 00 
MW00891MW120 0 0 0 0 0 0 0 0    00 00 
MW00947MW120 0 0 0 0 0 0 0 0    00 00 
MW00968MW120 0 0 0 0 0 0 0 0    00 00 
MW00979MW120 0 0 0 0 0 0 0 0    00 00 
MW01033MW120 0 0 0 0 0 0 0 0    00 00 
MW01040MW120 0 0 0 0 0 0 0 0    00 00 
MW01061MW120 0 0 0 0 0 0 0 0    00 00 
MW01086MW120 0 0 0 0 0 0 0 0    00 00 
MW01105MW120 0 0 0 0 0 0 0 0    00 00 
MW01118MW120 0 0 0 0 0 0 0 0    00 00 
MW01144MW120 0 0 0 0 0 0 0 0    00 00 
MW01193MW120 0 0 0 0 0 0 0 0    00 00 
MW01200MW120 0 0 0 0 0 0 0 0    00 00 
MW01276MW120 0 0 0 0 0 0 0 0    00 00 
MW01302MW120 0 0 0 0 0 0 0 0    00 00 
MW01323MW120 0 110 0 0 0 0 0    00 10 
MW01335MW120 0 0 0 0 0 0 0 0    00 00 
MW01347MW120 0 0 0 0 0 0 0 0    00 00 
MW01351MW120 0 0 0 0 0 0 0 0    00 00 
MW01420MW120 0 0 0 0 0 0 0 0    00 00 
MW01438MW120 0 0 0 0 0 0 0 0    00 00 
MW01481MW120 0 0 0 0 0 0 0 0    00 00 
MW01542MW120 0 0 0 0 0 0 0 0    00 00 
MW01591MW120 0 0 0 0 0 0 0 0    00 00 
MW01629MW120 0 0 0 0 0 0 0 0    00 00 
MW01657MW120 0 0 0 0 0 0 0 0    00 00 
MW01673MW120 0 0 0 0 0 0 0 0    00 00 
MW01685MW120 0 0 0 0 0 0 0 0    00 00 
MW01690MW120 0 0 0 0 0 0 0 0    00 00 
MW01701MW120 0 0 0 0 0 0 0 0    00 00 
MW01736MW120 0 0 0 0 0 0 0 0    00 00 
MW01750MW120 0 0 0 0 0 0 0 0    00 00 
MW01775MW120 0 0 0 0 0 0 0 0    00 00 
MW01846MW120 0 0 0 0 0 0 0 0    00 00 
MW01852MW120 0 0 0 0 0 0 0 0    00 00 
MW01867MW12110 0 110 0 0 0 0    00 00 
MW01895MW120 0 0 0 0 0 0 0 0    00 00 
MW01906MW120 0 0 0 0 0 0 0 0    00 00 
MW01943MW120 0 0 0 0 0 0 0 0    00 00 
MW01970MW120 0 0 0 0 0 0 0 0    00 00 
MW01988MW120 0 0 0 0 0 0 0 0    00 00 
MW01992MW120 0 0 0 0 0 0 0 0    00 00 
MW02008MW120 0 0 0 0 0 0 0 0    00 00 
MW02041MW120 0 0 0 0 0 0 0 0    00 00 
MW02057MW120 0 0 0 0 0 0 0 0    00 00 
MW02073MW120 0 0 0 0 0 0 0 0    00 00 
MW02090MW120 0 0 0 0 0 0 0 0    00 00 
MW02125MW120 0 0 0 0 0 0 0 0    00 00 
MW02140MW120 0 0 0 0 0 0 0 0    00 00 
MW02158MW120 0 0 0 0 0 0 0 0    00 00 
MW02172MW120 0 0 0 0 0 0 0 0    00 00 
MW02222MW120 0 0 0 0 0 0 0 0    00 00 
MW02236MW120 0 110 0 0 0 0 0    00 00 
MW02269MW120 0 0 0 0 0 0 0 0    00 00 
MW02275MW12110 0 0 0 0 0 0 0    10 011
MW02311MW120 0 0 0 0 0 0 0 0    00 00 
MW02324MW120 0 0 0 0 0 0 0 0    00 00 
MW02367MW120 0 0 0 0 0 0 0 0    00 00 
MW02378MW120 0 0 0 0 0 0 0 0    00 00 
MW02380MW120 0 0 0 0 0 0 0 0    00 00 
MW02400MW120 0 0 0 0 0 0 0 0    00 00 
MW02465MW120 0 0 0 0 0 0 0 0    00 00 
MW02476MW120 0 0 0 0 0 0 0 0    00 00 
MW02482MW120 0 0 0 0 0 0 0 0    00 00 
MW02531MW120 0 0 0 0 0 0 0 0    00 00 
MW02543MW120 0 0 0 0 0 0 0 0    00 00 
MW02588MW120 0 0 0 0 0 0 0 0    00 00 
MW02592MW120 0 0 0 0 0 0 0 0    00 00 
MW02663MW12110 110 0 0 0 0 0    00 00 
MW02689MW120 0 0 0 0 0 0 0 0    00 00 
MW02702MW120 0 0 0 0 0 0 0 0    00 00 
MW02710MW120 0 0 0 0 0 0 0 0    00 00 
MW02723MW120 0 0 0 0 0 0 0 0    00 00 
MW02751MW120 0 0 0 0 0 0 0 0    00 00 
MW02768MW120 0 0 0 0 0 0 0 0    00 00 
MW02779MW120 0 0 0 0 0 0 0 0    00 00 
MW02784MW120 0 0 0 0 0 0 0 0    00 00 
MW02796MW120 0 0 0 0 0 0 0 0    00 00 
MW02804MW120 0 0 0 0 0 0 0 0    00 00 
MW02853MW120 0 0 0 0 0 0 0 0    00 00 
MW02899MW120 0 0 0 0 0 0 0 0    00 00 
MW02932MW120 0 0 0 0 0 0 0 0    00 00 
MW02944MW120 0 0 0 0 0 0 0 0    00 00 
MW02971MW120 0 0 0 0 0 0 0 0    00 00 
MW02987MW120 0 0 0 0 0 0 0 0    00 00 
MW03005MW120 0 0 0 0 0 0 0 0    00 00 
MW03026MW120 0 0 0 0 0 0 0 0    00 00 
MW03032MW120 0 0 0 0 0 0 0 0    00 00 
MW03044MW120 0 0 0 0 0 0 0 0    00 00 
MW03127MW120 0 0 0 0 0 0 0 0    00 00 
MW03170MW120 0 0 0 0 0 0 0 0    00 00 
MW03188MW120 0 0 0 0 0 0 0 0    00 00 
MW03192MW120 0 0 0 0 0 0 0 0    00 00 
MW03204MW120 0 0 0 0 0 0 0 0    00 00 
MW03220MW120 0 0 0 0 0 0 0 0    00 00 
MW03253MW120 0 0 0 0 0 0 0 0    00 00 
NW30020NW12120 0 0 0 0 0 0 0    00 00 
NW30053NW120 0 0 0 0 0 0 0 0    00 00 
NW30066NW120 0 0 0 0 0 0 0 0    00 00 
NW30077NW120 0 0 0 0 0 0 0 0    00 00 
NW30099NW120 0 0 0 0 0 0 0 0    00 00 
NW30121NW120 0 0 0 0 0 0 0 0    00 00 
NW30137NW120 0 0 0 0 0 0 0 0    00 00 
NW30149NW120 0 0 0 0 0 0 0 0    00 00 
NW30154NW120 0 0 0 0 0 0 0 0    00 00 
NW30182NW120 0 0 0 0 0 0 0 0    00 00 
NW30198NW120 0 0 0 0 0 0 0 0    00 00 
NW30218NW120 0 0 0 0 0 0 0 0    00 00 
NW30226NW120 0 0 0 0 0 0 0 0    00 00 
NW30244NW120 0 0 0 0 0 0 0 0    00 00 
NW30259NW120 0 0 0 0 0 0 0 0    00 00 
NW30260NW120 0 0 0 0 0 0 0 0    00 00 
NW30271NW120 0 0 0 0 0 0 0 0    00 00 
NW30293NW120 0 0 0 0 0 0 0 0    00 00 
NW30307NW120 0 0 0 0 0 0 0 0    00 00 
NW30315NW120 0 0 0 0 0 0 0 0    00 00 
NW30330NW120 0 0 0 0 0 0 0 0    00 00 
NW30342NW120 0 0 0 0 0 0 0 0    00 00 
NW30363NW120 0 0 0 0 0 0 0 0    00 00 
NW30389NW120 0 0 0 0 0 0 0 0    00 00 
NW30391NW120 0 0 0 0 0 0 0 0    00 00 
NW30409NW120 0 0 0 0 0 0 0 0    00 00 
NW30425NW12110 0 0 0 0 0 0 0    00 00 
NW30433NW120 0 0 0 0 0 0 0 0    00 00 
NW30440NW120 0 0 0 0 0 0 0 0    00 00 
NW30458NW120 0 0 0 0 0 0 0 0    00 00 
NW30461NW120 0 0 0 0 0 0 0 0    00 00 
NW30486NW12110 0 110 0 0 0 0    00 00 
NW30494NW120 0 0 0 0 0 0 0 0    00 00 
NW30502NW120 0 0 0 0 0 0 0 0    00 00 
NW30523NW120 0 0 0 0 0 0 0 0    00 00 
NW30535NW120 0 0 0 0 0 0 0 0    00 00 
NW30547NW120 0 0 0 0 0 0 0 0    00 00 
NW30568NW120 0 0 0 0 0 0 0 0    00 00 
NW30584NW120 0 0 0 0 0 0 0 0    00 00 
NW30596NW120 0 0 0 0 0 0 0 0    00 00 
NW30603NW120 0 0 0 0 0 0 0 0    00 00 
NW30611NW120 0 0 0 0 0 0 0 0    00 00 
NW30624NW120 0 0 0 0 0 0 0 0    00 00 
NW30646NW120 0 0 0 0 0 0 0 0    00 00 
NW30652NW120 0 0 0 0 0 0 0 0    00 00 
NW30680NW120 0 0 0 0 0 0 0 0    00 00 
NW30695NW120 0 0 0 0 0 0 0 0    00 00 
NW30706NW120 0 0 0 0 0 0 0 0    00 00 
NW30719NW120 0 0 0 0 0 0 0 0    00 00 
NW30727NW120 0 0 0 0 0 0 0 0    00 00 
NW30731NW120 0 0 0 0 0 0 0 0    00 00 
NW30764NW12110 110 0 0 0 0 0    00 00 
NW30770NW120 0 0 0 0 0 0 0 0    00 00 
NW30788NW120 0 0 0 0 0 0 0 0    00 00 
NW30808NW120 0 0 0 0 0 0 0 0    00 00 
NW30816NW120 0 0 0 0 0 0 0 0    00 00 
NW30834NW120 0 0 0 0 0 0 0 0    00 00 
NW30873NW120 0 0 0 0 0 0 0 0    00 00 
NW30922NW120 0 0 0 0 0 0 0 0    00 00 
NW30936NW120 0 0 0 0 0 0 0 0    00 00 
NW30948NW120 0 0 0 0 0 0 0 0    00 00 
NW30950NW120 0 0 0 0 0 0 0 0    00 00 
NW30969NW120 0 0 0 0 0 0 0 0    00 00 
NW31005NW120 0 0 0 0 0 0 0 0    00 00 
NW31018NW120 0 0 0 0 0 0 0 0    00 00 
NW31026NW120 0 0 0 0 0 0 0 0    00 00 
NW31032NW120 0 0 0 0 0 0 0 0    00 00 
NW31044NW120 0 0 0 0 0 0 0 0    00 00 
NW31060NW120 0 0 0 0 0 0 0 0    00 00 
NW31071NW120 0 0 0 0 0 0 0 0    00 00 
NW31087NW120 0 0 0 0 0 0 0 0    00 00 
NW31106NW120 0 0 0 0 0 0 0 0    00 00 
NW31119NW120 0 0 0 0 0 0 0 0    00 00 
NW31127NW120 0 110 0 0 0 0 0    00 10 
NW31131NW120 0 0 0 0 0 0 0 0    00 00 
NW31155NW120 0 0 0 0 0 0 0 0    00 00 
NW31164NW120 0 0 0 0 0 0 0 0    00 00 
NW31170NW120 0 0 0 0 0 0 0 0    00 00 
NW31192NW120 0 0 0 0 0 0 0 0    00 00 
NW31204NW120 0 0 0 0 0 0 0 0    00 00 
NW31212NW120 0 0 0 0 0 0 0 0    00 00 
NW31220NW120 0 0 0 0 0 0 0 0    00 00 
NW31245NW120 0 0 0 0 0 0 0 0    00 00 
NW31266NW120 0 0 0 0 0 0 0 0    00 00 
NW31277NW12120 0 0 0 0 0 0 0    00 00 
NW31281NW120 0 0 0 0 0 0 0 0    00 00 
NW31299NW120 0 0 0 0 0 0 0 0    00 00 
NW31301NW120 0 0 0 0 0 0 0 0    00 00 
NW31322NW120 0 0 0 0 0 0 0 0    00 00 
NW31336NW120 0 0 0 0 0 0 0 0    00 00 
NW31369NW120 0 0 0 0 0 0 0 0    00 00 
NW31375NW120 0 0 0 0 0 0 0 0    00 00 
NW31397NW120 0 0 0 0 0 0 0 0    00 00 
NW31403NW120 110 0 0 0 0 0 0    00 00 
NW31424NW120 0 0 0 0 0 0 0 0    00 00 
NW31439NW120 0 0 0 0 0 0 0 0    00 00 
NW31446NW120 0 0 0 0 0 0 0 0    00 00 
NW31478NW12130 110 0 0 0 0 0    00 00 
NW31480NW120 0 0 0 0 0 0 0 0    00 00 
NW32033NW120 0 0 0 0 0 0 0 0    00 00 
NW32058NW120 0 0 0 0 0 0 0 0    00 00 
NW32061NW120 0 0 0 0 0 0 0 0    00 00 
NW32072NW120 0 0 0 0 0 0 0 0    00 00 
NW32086NW120 0 0 0 0 0 0 0 0    00 00 
NW32094NW120 0 0 0 0 0 0 0 0    00 00 
NW32118NW120 0 0 0 0 0 0 0 0    00 00 
NW32126NW120 0 0 0 0 0 0 0 0    00 00 
NW32132NW120 0 0 0 0 0 0 0 0    00 00 
NW32144NW120 0 0 0 0 0 0 0 0    00 00 
NW32159NW120 0 0 0 0 0 0 0 0    00 00 
NW32160NW120 0 0 0 0 0 0 0 0    00 00 
NW32171NW120 0 0 0 0 0 0 0 0    00 00 
NW32193NW120 0 0 0 0 0 0 0 0    00 00 
NW32200NW120 0 0 0 0 0 0 0 0    00 00 
NW32213NW120 0 0 0 0 0 0 0 0    00 00 
NW32221NW120 0 0 0 0 0 0 0 0    00 00 
NW32237NW120 0 0 0 0 0 0 0 0    00 00 
NW32249NW120 0 0 0 0 0 0 0 0    00 00 
NW32265NW120 0 0 0 0 0 0 0 0    00 00 
NW32276NW120 0 0 0 0 0 0 0 0    00 00 
NW32298NW120 0 0 0 0 0 0 0 0    00 00 
NW32302NW120 0 0 0 0 0 0 0 0    00 00 
NW32335NW120 0 0 0 0 0 0 0 0    00 00 
NW32347NW120 0 0 0 0 0 0 0 0    00 00 
NW32368NW120 0 0 0 0 0 0 0 0    00 00 
NW32384NW120 0 0 0 0 0 0 0 0    00 00 
NW32420NW12110 0 0 0 0 0 0 0    00 00 
NW32477NW120 0 0 0 0 0 0 0 0    00 00 
NW32481NW120 0 0 0 0 0 0 0 0    00 00 
NW32507NW120 0 0 0 0 0 0 0 0    00 00 
NW32530NW120 0 0 0 0 0 0 0 0    00 00 
NW32542NW120 0 0 0 0 0 0 0 0    00 00 
NW32556NW120 0 0 0 0 0 0 0 0    00 00 
NW32591NW120 0 0 0 0 0 0 0 0    00 00 
NW32608NW120 0 0 0 0 0 0 0 0    00 00 
NW32629NW120 0 0 0 0 0 0 0 0    00 00 
NW32641NW120 0 0 0 0 0 0 0 0    00 00 
NW32662NW120 0 0 0 0 0 0 0 0    00 00 
NW32673NW120 0 130 0 0 0 0 0    00 00 
NW32685NW120 0 0 0 0 0 0 0 0    00 00 
NW32701NW120 0 0 0 0 0 0 0 0    00 00 
NW32736NW120 0 0 0 0 0 0 0 0    10 00 
NW32748NW120 0 0 0 0 0 0 0 0    00 00 
NW32750NW120 0 0 0 0 0 0 0 0    00 00 
NW32769NW120 0 0 0 0     0 0    00 00 
NW32783NW120 0 0 0 0 0 0 0 0    00 00 
NW32803NW120 0 0 0 0 0 0 0 0    00 00 
NW32811NW120 0 0 0 0 0 0 0 0    00 00 
NW32824NW120 0 0 0 0 0 0 0 0    00 00 
NW32839NW120 0 0 0 0 0 0 0 0    00 00 
NW32846NW120 0 0 0 0 0 0 0 0    00 00 
NW32867NW120 0 0 0 0 0 0 0 0    00 00 
NW32878NW120 0 0 0 0 0 0 0 0    00 00 
NW32895NW120 0 0 0 0 0 0 0 0    00 00 
NW32906NW120 0 0 0 0 0 0 0 0    00 00 
NW32919NW120 0 0 0 0 0 0 0 0    00 00 
NW32927NW120 0 0 0 0 0 0 0 0    00 00 
NW32943NW120 0 0 0 0 0 0 0 0    00 00 
NW32955NW120 0 0 0 0 0 0 0 0    00 00 
NW32964NW120 0 0 0 0 0 0 0 0    00 00 
NW32970NW120 0 0 0 0 0 0 0 0    00 00 
NW33019NW120 0 0 0 0 0 0 0 0    00 00 
NW33027NW120 0 11110 0 0 0 0    00 10 
NW33031NW120 0 0 0 0 0 0 0 0    00 00 
NW33043NW120 0 0 0 0 0 0 0 0    00 00 
NW33055NW120 0 0 0 0 0 0 0 0    00 00 
NW33064NW120 0 0 0 0 0 0 0 0    00 00 
NW33070NW12110 0 0 0 0 0 0 0    00 00 
NW33092NW120 0 0 0 0 0 0 0 0    00 00 
NW33115NW120 0 0 0 0 0 0 0 0    00 00 
NW33128NW120 0 0 0 0 0 0 0 0    00 00 
NW33130NW120 0 110 0 0 0 0 0    00 00 
NW33451NW120 0 0 0 0 0 0 0 0    00 00 
NW33468NW120 0 0 0 0 0 0 0 0    00 00 
NW34504NW120 0 0 0 0 0 0 0 0    00 00 
SO10029SO120 0 0 0 0 0 0 0 0    00 00 
SO10034SO120 0 0 0 0 0 0 0 0    00 00 
SO10041SO12110 0 0 0 0 0 0 0    00 00 
SO10117SO120 0 0 0 0 0 0 0 0    00 00 
SO10125SO121311110 0 0 0 0 0    00 10 
SO10133SO120 0 0 0 0 0 0 0 0    00 00 
SO10140SO120 0 0 0 0 0 0 0 0    00 00 
SO10158SO120 0 0 0 0 0 0 0 0    00 00 
SO10186SO120 0 0 0 0 0 0 0 0    00 00 
SO10194SO120 0 0 0 0 0 0 0 0    00 00 
SO10201SO120 0 0 0 0 0 0 0 0    00 00 
SO10222SO120 0 0 0 0 0 0 0 0    00 00 
SO10236SO12110 0 0 0 0 0 0 0    00 00 
SO10248SO120 0 0 0 0 0 0 0 0    00 00 
SO10275SO120 0 0 0 0 0 0 0 0    00 00 
SO10303SO120 0 0 0 0 0 0 0 0    00 10 
SO10311SO12110 110 0 0 0 0 0    00 00 
SO10324SO120 0 0 0 0 0 0 0 0    00 00 
SO10339SO12110 0 0 0 0 0 0 0    00 00 
SO10346SO120 0 0 0 0 0 0 0 0    00 00 
SO10367SO120 0 0 0 0 0 0 0 0    00 00 
SO10395SO120 0 0 0 0 0 0 0 0    00 00 
SO10400SO120 0 110 0 0 0 0 0    00 00 
SO10413SO120 0 0 0 0 0 0 0 0    00 00 
SO10421SO120 0 0 0 0 0 0 0 0    00 00 
SO10437SO120 0                      0 
SO10454SO120 0 0 0 0 0 0 0 0    00 00 
SO10476SO120 0 0 0 0 0 0 0 0    00 00 
SO10482SO12110 0 0 0 0 0 0 0    00 00 
SO10519SO120 0 0 0 0 0 0 0 0    00 00 
SO10527SO120 0 0 0 0 0 0 0 0    00 00 
SO10531SO120 0 0 0 0 0 0 0 0    00 00 
SO10543SO120 0 0 0 0 0 0 0 0    00 00 
SO10564SO120 0 0 0 0 0 0 0 0    00 00 
SO10570SO120 0 0 0 0 0 0 0 0    00 00 
SO10588SO120 0 0 0 0 0 0 0 0    00 00 
SO10592SO120 0 0 0 0 0 0 0 0    00 00 
SO10615SO120 0 0 0 0 0 0 0 0    00 00 
SO10628SO120 0 0 0 0 0 0 0 0    00 00 
SO10630SO120 0 0 0 0 0 0 0 0    00 00 
SO10656SO120 0 0 0 0 0 0 0 0    00 00 
SO10674SO120 0 110 0 0 0 0 0    00 00 
SO10689SO120 0 0 0 0 0 0 0 0    00 00 
SO10723SO12130 13120 0 0 0 0    00 00 
SO10735SO1212130 0 0 0 0 0 0    00 00 
SO10768SO12110 0 0 0 0 0 0 0    00 00 
SO10784SO120 0 0 0 0 0 0 0 0    00 00 
SO10796SO120 0 0 0 0 0 0 0 0    00 00 
SO10804SO120 0 0 0 0 0 0 0 0    00 00 
SO10845SO120 0 0 0 0 0 0 0 0    00 00 
SO10853SO120 0 0 0 0 0 0 0 0    00 00 
SO10881SO120 0 0 0 0 0 0 0 0    00 00 
SO10899SO120 0 0 0 0 0 0 0 0    00 00 
SO10918SO120 0 12110 0 0 0 0    00 00 
SO10926SO120 0 0 0 0 0 0 0 0    00 00 
SO10960SO120 0 0 0 0 0 0 0 0    00 00 
SO10993SO120 0 0 0 0 0 0 0 0    00 00 
SO11001SO120 0 0 0 0 0 0 0 0    00 00 
SO11050SO120 0 0 0 0 0 0 0 0    00 00 
SO11069SO12130 0 0 0 0 0 0 0    00 00 
SO11075SO12110 0 0 0 0 0 0 0    10 00 
SO11102SO120 0 0 0 0 0 0 0 0    00 00 
SO11110SO120 0 0 0 0 0 0 0 0    00 00 
SO11135SO12110 0 0 0 0 0 0 0    00 00 
SO11147SO120 0 0 0 0 0 0 0 0    00 00 
SO11151SO12130 0 0 0 0 0 0 0    00 00 
SO11196SO12110 0 0 0 0 0 0 0    10 10 
SO11208SO120 0 0 0 0 0 0 0 0    00 00 
SO11216SO120 0 0 0 0 0 0 0 0    00 00 
SO11229SO120 0 0 0 0 0 0 0 0    00 00 
SO11234SO120 0 0 0 0 0 0 0 0    00 00 
SO11241SO120 0 0 0 0 0 0 0 0    00 00 
SO11257SO120 0 0 0 0 0 0 0 0    00 00 
SO11273SO120 0 0 0 0 0 0 0 0    00 00 
SO11305SO120 0 0 0 0 0 0 0 0    00 00 
SO11318SO120 0 0 0 0 0 0 0 0    00 00 
SO11326SO120 0 0 0 0 0 0 0 0    00 00 
SO11332SO120 0 0 0 0 0 0 0 0    00 00 
SO11344SO120 0 0 0 0 0 0 0 0    00 00 
SO11359SO120 0 0 0 0 0 0 0 0    00 00 
SO11360SO120 0 0 0 0 0 0 0 0    00 00 
SO11387SO120 0 0 0 0 0 0 0 0    00 00 
SO11393SO12110 0 0 0 0 0 0 0    00 00 
SO11407SO120 0 0 0 0 0 0 0 0    00 00 
SO11415SO120 0 0 0 0 0 0 0 0    00 00 
SO11430SO120 0 0 0 0 0 0 0 0    00 00 
SO11442SO120 0 0 0 0 0 0 0 0    00 00 
SO11456SO120 0 0 0 0 0 0 0 0    00 00 
SO11463SO120 0 0 0 0 0 0 0 0    00 00 
SO11474SO120 0 0 0 0 0 0 0 0    00 00 
SO11491SO120 0 0 0 0 0 0 0 0    00 00 
SO11504SO120 0 0 0 0 0 0 0 0    00 00 
SO11520SO120 0 0 0 0 0 0 0 0    00 00 
SO11538SO120 0 0 0 0 0 0 0 0    00 00 
SO11553SO120 0 0 0 0 0 0 0 0    00 00 
SO11577SO120 0 0 0 0 0 0 0 0    00 00 
SO11581SO120 0 0 0 0 0 0 0 0    00 00 
SO11613SO12110 110 0 0 0 0 0    00 00 
SO11621SO120 0 0 0 0 0 0 0 0    00 00 
SO11637SO120 0 0 0 0 0 0 0 0    00 00 
SO11649SO120 0 0 0 0 0 0 0 0    00 00 
SO11654SO120 0 0 0 0 0 0 0 0    00 00 
SO11665SO120 0 0 0 0 0 0 0 0    00 00 
SO11682SO120 0 0 0 0 0 0 0 0    00 00 
SO11717SO120 0 0 0 0 0 0 0 0    00 00 
SO11740SO120 0 0 0 0 0 0 0 0    00 00 
SO11758SO120 0 0 0 0 0 0 0 0    00 00 
SO11772SO12110 0 0 0 0 0 0 0    10 00 
SO11786SO120 0 0 0 0 0 0 0 0    00 00 
SO11794SO120 0 0 0 0 0 0 0 0    00 00 
SO11819SO120 0 0 0 0 0 0 0 0    00 00 
SO11864SO120 0 0 0 0 0 0 0 0    00 00 
SO11888SO120 0 0 0 0 0 0 0 0    00 00 
SO11892SO120 0 0 0 0 0 0 0 0    00 00 
SO11903SO120 0 0 0 0 0 0 0 0    00 00 
SO11911SO120 0 0 0 0 0 0 0 0    00 00 
SO11924SO120 0 0 0 0 0 0 0 0    00 00 
SO11952SO120 0 0 0 0 0 0 0 0    00 00 
SO11967SO120 0 0 0 0 0 0 0 0    00 00 
SO11978SO120 0 0 0 0 0 0 0 0    00 00 
SO11980SO120 0 0 0 0 0 0 0 0    00 00 
SO12000SO120 0 0 0 0 0 0 0 0    00 00 
SO12021SO120 0 0 0 0 0 0 0 0    00 00 
SO12037SO120 0 0 0 0 0 0 0 0    00 00 
SO12049SO120 0 0 0 0 0 0 121101000 00 
SO12054SO120 0 0 0 0 0 0 0 0    00 00 
SO12065SO120 0 0 0 0 0 0 0 0    00 00 
SO12076SO120 0 0 0 0 0 0 0 0    00 00 
SO12082SO120 0 0 0 0 0 0 0 0    00 00 
SO12098SO12120 0 0 0 0 0 0 0    00 00 
SO12114SO120 0 0 0 0 0 0 0 0    00 00 
SO12122SO120 0 0 0 0 0 0 0 0    00 00 
SO12150SO120 0 0 0 0 0 0 0 0    00 00 
SO12175SO120 0 0 0 0 0 0 0 0    00 00 
SO12183SO121312120 0 0 0 0 0    10 00 
SO12197SO120 0 0 0 0 0 0 0 0    00 00 
SO12209SO120 0 0 0 0 0 0 0 0    00 00 
SO12225SO120 0 0 0 0 0 0 0 0    00 00 
SO12240SO120 0 0 0 0 0 0 0 0    00 00 
SO12272SO120 0 0 0 0 0 0 0 0    00 00 
SO12286SO12110 0 0 0 0 0 0 0    00 00 
SO12306SO120 0 0 0 0 0 0 0 0    00 00 
SO12319SO120 0 0 0 0 0 0 0 0    00 00 
SO12327SO12110 0 0 0 0 0 0 0    00 00 
SO12331SO120 0 0 0 0 0 0 0 0    00 00 
SO12355SO120 0 0 0 0 0 0 0 0    00 00 
SO12364SO120 0 0 0 0 0 0 0 0    00 00 
SO12370SO120 0 0 0 0 0 0 0 0    00 00 
SO12388SO1211121313130 0 0 0    00 00 
SO12392SO120 0 0 0 0 0 0 0 0    00 00 
SO12434SO120 0 0 0 0 0 0 0 0    00 00 
SO12441SO120 0 0 0 0 0 0 0 0    00 00 
SO12457SO120 0 0 0 0 0 0 0 0    00 00 
SO12462SO120 0 0 0 0 0 0 0 0    00 00 
SO12473SO120 0 0 0 0 0 0 0 0    00 00 
SO12490SO12110 0 0 0 0 0 0 0    00 00 
SO12524SO120 0 0 0 0 0 0 0 0    10 00 
SO12539SO120 0 0 0 0 0 0 0 0    00 00 
SO12546SO120 0 0 0 0 0 0 0 0    00 00 
SO12552SO120 0 0 0 0 0 0 0 0    00 00 
SO12567SO120 0 0 0 0 0 0 0 0    00 00 
SO12578SO120 0 0 0 0 0 0 0 0    00 00 
SO12580SO12110 0 0 0 0 0 0 0    00 00 
SO12595SO120 0 0 0 0 0 0 0 0    00 00 
SW20010SW120 0 0 0 0 0 0 0 0    00 00 
SW20051SW12110 0 0 0 0 0 0 0    00 00 
SW20068SW120 0 0 0 0 0 0 0 0    00 00 
SW20079SW120 0 0 0 0 0 0 0 0    00 00 
SW20084SW120 0 0 0 0 0 0 0 0    00 00 
SW20096SW120 0 0 0 0 0 0 0 0    00 00 
SW20103SW120 0 0 0 0 0 0 0 0    00 00 
SW20111SW120 0 0 0 0 0 0 0 0    00 00 
SW20139SW120 0 0 0 0 0 0 0 0    00 00 
SW20146SW120 0 0 0 0 0 0 0 0    00 00 
SW20152SW120 0 0 0 0 0 0 0 0    00 00 
SW20178SW120 0 0 0 0 0 0 0 0    00 00 
SW20180SW120 0 0 0 0 0 0 0 0    00 00 
SW20195SW120 0 0 0 0 0 0 0 0    00 00 
SW20207SW120 0 0 0 0 0 0 0 0    00 00 
SW20215SW120 0 0 0 0 0 0 0 0    00 00 
SW20228SW120 0 0 0 0 0 0 0 0    00 00 
SW20230SW120 0 0 0 0 0 0 0 0    00 00 
SW20242SW120 0 0 0 0 0 0 0 0    00 00 
SW20256SW120 0 0 0 0 0 0 0 0    00 00 
SW20274SW120 0 0 0 0 0 0 0 0    00 00 
SW20289SW120 0 0 0 0 0 0 0 0    00 00 
SW20291SW120 0 0 0 0 0 0 0 0    00 00 
SW20309SW120 0 0 0 0 0 0 0 0    00 00 
SW20325SW120 0 0 0 0 0 0 0 0    00 00 
SW20333SW120 0 0 0 0 0 0 0 0    00 00 
SW20340SW12110 12120 0 0 110    011113
SW20358SW120 0 0 0 0 0 0 0 0    00 00 
SW20372SW120 0 0 0 0 0 0 0 0    00 00 
SW20394SW120 0 0 0 0 0 0 0 0    00 00 
SW20419SW120 0 0 0 0 0 0 0 0    00 00 
SW20427SW120 0 0 0 0 0 0 0 0    00 00 
SW20431SW120 0 0 0 0 0 0 0 0    00 00 
SW20443SW120 0 0 0 0 0 0 0 0    00 00 
SW20455SW120 0 0 0 0 0 0 0 0    00 00 
SW20464SW120 0 0 0 0 0 0 0 0    00 00 
SW20470SW120 0 0 0 0 0 0 0 0    00 00 
SW20492SW120 0 110 0 0 0 0 0    00 00 
SW20521SW120 0 0 0 0 0 0 0 0    00 00 
SW20549SW120 0 0 0 0 0 0 0 0    00 00 
SW20554SW120 0 0 0 0 0 0 0 0    00 00 
SW20565SW120 0 0 0 0 0 0 0 0    00 00 
SW20576SW120 0 0 110 0 0 0 0    00 112
SW20582SW120 0 0 0 0 0 0 0 0    00 00 
SW20598SW120 0 0 0 0 0 0 0 0    00 00 
SW20614SW120 0 0 0 0 0 0 0 0    00 00 
SW20622SW120 0 0 0 0 0 0 0 0    00 00 
SW20636SW120 0 0 0 0 0 0 0 0    00 00 
SW20650SW120 0 0 0 0 0 0 0 0    00 00 
SW20669SW120 0 0 0 0 0 0 0 0    00 00 
SW20697SW120 0 0 0 0 0 0 0 0    00 00 
SW20708SW120 0 0 0 0 0 0 0 0    00 00 
SW20716SW120 0 0 0 0 0 0 0 0    00 00 
SW20729SW120 0 0 0 0 0 0 0 0    00 00 
SW20734SW120 0 0 0 0 0 0 0 0    00 00 
SW20741SW120 0 0 0 0 0 0 0 0    00 00 
SW20757SW120 0 0 0 0 0 0 0 0    00 00 
SW20762SW120 0 0 0 0 0 0 0 0    00 00 
SW20773SW120 0 0 0 0 0 0 0 0    00 00 
SW20785SW120 0 0 0 0 0 0 0 0    00 00 
SW20790SW120 0 0 0 0 0 0 0 0    00 00 
SW20805SW120 0 0 0 0 0 0 0 0    00 00 
SW20818SW120 0 0 0 0 0 0 0 0    00 00 
SW20826SW120 0 0 0 0 0 0 0 0    00 00 
SW20832SW12110 0 0 0 0 0 0 0    00 00 
SW20844SW120 0 0 0 0 0 0 0 0    00 00 
SW20859SW120 0 0 0 0 0 0 0 0    00 00 
SW20860SW120 0 0 0 0 0 0 0 0    00 00 
SW20893SW120 0 0 0 0 0 0 0 0    00 00 
SW20904SW120 0 0 0 0 0 0 0 0    00 00 
SW20920SW120 0 0 0 0 0 0 0 0    00 00 
SW20938SW120 0 0 0 0 0 0 0 0    00 00 
SW20945SW12130 0 130 0 0 0 0    10 111
SW20953SW120 0 110 0 0 0 0 0    00 00 
SW20966SW120 0 0 0 0 0 0 0 0    00 00 
SW20981SW120                       00 
SW21007SW120 0 0 0 0 0 0 0 0    00 00 
SW21015SW120 0 0 0 0 0 0 0 0    00 00 
SW21028SW120 0 0 0 0 0 0 0 0    00 00 
SW21030SW120 0 0 0 0 0 0 0 0    00 00 
SW21042SW120 0 0 0 0 0 0 0 0    00 00 
SW21074SW120 0 0 0 0 0 0 0 0    00 00 
SW21089SW120 0 0 0 0 0 0 0 0    00 00 
SW21157SW120 0 0 0 0 0 0 0 0    00 00 
SW21162SW120 0 0 0 0 0 0 0 0    00 00 
SW21173SW120 0 0 0 0 0 0 0 0    00 00 
SW21185SW120 0 0 0 0 0 0 0 0    00 00 
SW21190SW120 0 0 0 0 0 0 0 0    00 00 
SW21202SW120 0 0 0 0 0 0 0 0    00 00 
SW21210SW120 0 0 0 0 0 0 0 0    00 00 
SW21223SW120 0 13110 0 0 0 0    00 00 
SW21247SW120 0 0 0 0 0 0 0 0    00 00 
SW21251SW120 0 0 0 0 0 0 0 0    00 00 
SW21268SW120 0 0 0 0 0 0 0 0    00 00 
SW21296SW120 0 0 0 0 0 0 0 0    00 00 
SW21304SW120 0 0 0 0 0 0 0 0    00 00 
SW21338SW120 0 0 0 0 0 0 0 0    00 00 
SW21345SW120 0 0 0 0 0 0 0 0    00 00 
SW21353SW120 0 0 0 0 0 0 0 0    00 00 
SW21366SW120 0 0 0 0 0 0 0 0    00 00 
SW21377SW12110 0 0 0 0 0 0 0    00 00 
SW21381SW120 0 0 0 0 0 0 0 0    00 00 
SW21401SW120 0 0 0 0 0 0 0 0    00 00 
SW21436SW12110 0 110 0 0 0 0    00 00 
SW21450SW12110 0 0 0 0                
SW21469SW120 0 0 0 0 0 0 0 0    00 00 
SW21483SW120 0 0 0 0 0 0 0 0    00 00 
SW21497SW120 0 0 0 0 0 0 0 0    00 00 
SW21532SW120 0 0 0 0 0 0 0 0    00 00 
SW21559SW120 0 0 0 0 0 0 0 0    00 00 
SW21587SW120 0 0 0 0 0 0 0 0    00 00 
SW21606SW120 0 0 0 0 0 0 0 0    00 00 
SW21619SW120 0 0 0 0 0 0 0 0    00 00 
SW21627SW120 0 0 0 0 0 0 0 0    00 00 
SW21643SW120 0 0 0 0 0 0 0 0    00 00 
SW21655SW120 0 0 0 0 0 0 0 0    00 00 
SW21670SW120 0 0 0 0 0 0 0 0    00 00 
SW21724SW120 0 0 0 0 0 0 0 0    00 00 
SW21739SW120 0 0 0 0 0 0 0 0    00 00 
SW21746SW120 0 0 0 0 0 0 0 0    00 00 
SW21752SW120 0 0 0 0 0 0 0 0    00 00 
SW21778SW120 0 0 0 0 0 0 0 0    00 00 
SW21795SW120 0 0 0 0 0 0 0 0    00 00 
SW21800SW120 0 0 0 0 0 0 0 0    00 00 
SW21821SW120 0 0 0 0 0 0 0 0    00 00 
SW21898SW120 0 0 0 0 0 0 0 0    00 00 
SW21909SW120 0 0 0 0 0 0 0 0    00 00 
SW21917SW120 0 0 0 0 0 0 0 0    00 00 
SW21933SW120 0 0 0 0 0 0 0 0    00 00 
SW21986SW120 0 0 0 0 0 0 110    00 00 
SW22006SW120 0 0 0 0 0 0 0 0    00 00 
SW22019SW120 0 0 0 0 0 0 0 0    00 00 
SW22031SW120 0 0 0 0 0 0 0 0    00 00 
SW22043SW120 0 0 0 0 0 0 0 0    00 00 
SW22070SW120 0 0 0 0 0 0 0 0    00 00 
SW22128SW120 0 0 0 0 0 0 0 0    00 00 
SW22142SW120 0 110 0 0 0 0 0    00 00 
SW22163SW120 0 0 0 0 0 0 0 0    00 00 
SW22189SW12110 110 0 0 0 0 0    00 00 
SW22191SW120 0 0 0 0 0 0 0 0    00 00 
SW22211SW120 0 0 0 0 0 0 0 0    00 00 
SW22224SW120 0 0 0 0 0 0 0 0    00 00 
SW22252SW120 0 0 0 0 0 0 0 0    00 00 
SW22267SW120 0 0 0 0 0 0 0 0    00 00 
SW22280SW120 0 0 0 0 0 0 0 0    00 10 
SW22313SW120 0 0 0 0 0 0 0 0    00 00 
SW22376SW120 0 0 0 0 0 0 0 0    00 00 
SW22382SW120 0 0 0 0 0 0 0 0    00 00 
SW22398SW120 0 0 0 0 0 0 0 0    00 00 
SW22402SW120 0 0 0 0 0 0 0 0    00 00 
SW22410SW120 0 0 0 0 0 0 0 0    00 00 
SW22423SW120 0 0 0 0 0 0 0 0    00 00 
SW22447SW12130 110 0 0 0 0 0    00 10 
SW22451SW120 0 0 0 0 0 0 0 0    00 00 
SW22468SW120 0 0 0 0 0 0 0 0    00 00 
SW22479SW120 0 0 0 0 0 0 0 0    00 00 
SW22484SW120 0 0 0 0 0 0 0 0    00 00 
SW22509SW120 0 0 0 0 0 0 0 0    00 00 
SW22525SW120 0 0 110 0 0 0 0    00 00 
SW22558SW120 0 0 0 0 0 0 0 0    00 00 
SW22586SW120 0 0 0 0 0 0 0 0    00 00 
SW22594SW120 0 0 0 0 0 0 0 0    00 00 
SW22605SW120 0 0 0 0 0 0 0 0    00 00 
SW22626SW120 0 0 0 0 0 0 0 0    00 00 
SW22644SW120 0 0 0 0 0 0 0 0    00 00 
SW22659SW120 0 0 0 0 0 0 0 0    00 00 
SW22671SW12110 11120 0 0 0 0    00 00 
SW22704SW120 0 0 0 0 0 0 0 0    00 00 
SW22712SW120 0 0 0 0 0 0 0 0    00 00 
SW22766SW120 0 0 0 0 0 0 0 0    00 00 
SW22781SW120 0 0 0 0 0 0 0 0    00 00 
SW22850SW120 0 0 0 0 0 110 0    00 00 
SW22869SW120 0 0 0 0 0 0 0 0    00 00 
SW22897SW120 0 0 0 0 0 0 110    00 00 
SW22929SW120 0 0 0 0 0 0 0 0    00 00 
SW22957SW120 0 0 0 0 0 0 0 0    00 00 
SW23008SW120 0 0 0 0 0 0 0 0    00 00 
SW23029SW120 0 0 0 0 0 0 0 0    00 00 
SW23041SW120 0 0 0 0 0 0 0 0    00 00 
SW23057SW120 0 0 0 0 0 0 0 0    00 00 
SW23062SW120 0 0 0 0 0 0 0 0    00 00 
SW23073SW120 0 0 0 0 0 0 0 0    00 00 
SW23085SW120 0 0 0 0 0 0 0 0    00 00 
SW23090SW120 0 0 0 0 0 0 0 0    00 00 
SW23109SW120 0 0 0 0 0 0 0 0    00 00 
SW23125SW120 0 0 0 0 0 0 0 0    00 00 
SW23133SW12130 12110 0 0 0 0    00 00 
SW23140SW120 0 0 0 0 0 0 0 0    00 00 
SW23158SW120 0 0 0 0 0 0 0 0    00 00 
SW23222SW120 0 0 0 0 0 0 0 0    00 00 
SW23250SW120 0 0 0 0 0 0 1212111113113
SW23269SW12120 120 0 0 0 0 0    00 00 
SW23303SW120 0 0 0 0 0 0 0 0    00 00 
SW23346SW120 0 0 0 0 0 0 0 0    00 00 
SW23352SW120 0 0 0 0 0 0 0 0    00 00 
SW23367SW120 0 0 0 0 0 0 0 0    00 00 
SW23380SW120 0 0 0 0 0 0 0 0    00 00 
SW23395SW120 0 0 0 0 0 0 0 0    00 00 
SW23449SW120 0 0 0 0 0 0 0 0    00 00 
SW23454SW120 0 0 0 0 0 0 0 0    00 00 
SW23476SW120 0 0 0 0 0 0 0 0    00 00 
SW23482SW120 0 0 120 0 0 0 0    00 00 
SW23498SW120 0   0 0 0 0 0 0    00 00 
SW23519SW120 0 0 0 0 0 0 0 0    00 00 
SW23527SW120 0 0 0 0 0 0 0 0    00 00 
SW23531SW120 0 0 0 0 0 0 0 0    00 00 
SW23543SW120 0 0 0 0 0 0 0 0    00 00 
SW23555SW120 0 0 0 0 0 0 0 0    00 00 
SW23570SW120 0 0 0 0 0 0 0 0    00 00 
SW23592SW120 0 0 0 0 0 0 0 0    00 00 
SW23607SW120 0 0 0 0 0 0 0 0    00 00 
SW23630SW120 0 120 0 0 0 0 0    00 00 
SW23642SW120 0 0 0 0 0 0 0 0    00 00 
SW23689SW120 0 0 0 0 0 0 0 0    00 00 
SW23702SW120 0 0 0 0 0 0 0 0    00 00 
SW23710SW120 0 0 0 0 0 0 0 0    00 00 
SW23735SW12110 110 0 0 0 110    00 00 
SW23747SW120 0 0 0 0 0 0 0 0    00 00 
SW23751SW120 0 0 0 0 0 0 0 0    00 00 
SW23768SW120 0 0 0 0 0 0 0 0    00 00 
SW23784SW120 0 0 0 0 0 0 0 0    00 00 
SW23796SW120 0 0 0 0 0 0 0 0    00 00 
SW23838SW120 0 0 0 0 0 0 0 0    00 00 
SW23845SW120 0 0 0 0 0 0 0 0    00 00 
SW23866SW120 0 0 0 0 0 110 0    00 00 
