EAEA40015160 130 0 13130 
EAEA4005616333333330 0 0 
EAEA4012916330 0 0 0 0 0 
EAEA4014116230 0 0 0 0 0 
EAEA401571613130 0 0 0 0 
EAEA40185160 23130 0 0 13
EAEA402351633230 0 0 0 0 
EAEA4024716333323230 0 0 
EAEA403121633331123130 0 
EAEA403531623230 0 0 0 0 
EAEA40414163333333133330 
EAEA40422163333230 0 0 0 
EAEA4043616233333130 0 0 
EAEA40450162113131313130 
EAEA404971613230 0 0 0 0 
EAEA405051633230 120 0 0 
EAEA405261623330 0 0 0 0 
EAEA405931613230 0 0 0 0 
EAEA4065516131323230 0 0 
EAEA40664160 130 0 0 0 0 
EAEA406701633330 0 0 0 0 
EAEA407241633333313330 0 
EAEA40739160 130 0 0 0 0 
EAEA407461613333333333333
EAEA407671633330 0 0 0 0 
EAEA4078016333323230 0 0 
EAEA4079516333 2 1 0 0 0 
EAEA4080016130 0 0 0 0 0 
EAEA408211633230 0 0 0 0 
EAEA4086516332323130 130 
EAEA408761633333333333333
EAEA40925160 0 0 0 0 0 0 
EAEA40986160 0 0 0 0 0 0 
EAEA4099416130 130 0 0 0 
EAEA41010163333130 0 0 0 
EAEA410841623131 130 0 0 
EAEA410961631230 0 0 0 0 
EAEA4111116333333330 0 0 
EAEA411241631313333323323
EAEA41152160 0 0 0 0 0 0 
EAEA41195160 0 0 0 0 0 0 
EAEA41207160 0 0 0 0 0 0 
EAEA4127416332323132     
EAEA41289160 330 0 0 0 0 
EAEA413251623130 130 0 0 
EAEA41333160 0 0 0 0 0 0 
EAEA41361161313130 0 0 0 
EAEA4137216330 0 0 0 0 0 
EAEA41386162323230 130 0 
EAEA413941633330 0 0 0 0 
EAEA414311632130 0 0 0 0 
EAEA414431633333333330 0 
EAEA4301116130 0 0 0 0 0 
EAEA430521633330 0 0 0 0 
EAEA430781612210 0 0 0 0 
EAEA43095160 0 0 0 0 0 0 
EAEA43104163333230 0 0 0 
EAEA431121623130 0 0 0 0 
EAEA431381623130 0 0 0 0 
EAEA431451623130 0 0 0 0 
EAEA4316616230 0 0 0 0 0 
EAEA4317716230 0 0 0 0 0 
EAEA43181160 130 0 0 0 0 
EAEA4320616232313130 0 13
EAEA432551623230 0 0 0 0 
EAEA43264163133330 0 0 0 
EAEA43270163331232323230 
EAEA43292160 230 0 0 0 0 
EAEA433341613130 0 0 0 0 
EAEA433571623130 0 0 0 0 
EAEA433901633230 0 0 0 0 
EAEA43459163323130 0 0 0 
EAEA4352216232323230 0 13
EAEA435481621230 0 0 0 0 
EAEA435501632112 130 0 0 
EAEA43569163133230 0 0 0 
EAEA435971632130 0 0 0 0 
EAEA43635162333130 0 0 0 
EAEA43684160 0 0 0 0 0 0 
EAEA437071623320 130 0 0 
EAEA437151633130 0 0 0 0 
EAEA437301633230 0 0 0 0 
EAEA43742162133212313130 
EAEA437741613130 0 0 0 0 
EAEA437891633130 0 0 0 0 
EAEA437911633333233133313
EAEA43809162331130 0 0 0 
EAEA4384016313323130 0 0 
EAEA43858160 130 0 0 0 0 
EAEA438721633332323130 0 
EAEA4388616130 0 0 0 0 0 
EAEA4391316333123130 0 0 
EAEA439371623132313130 0 
EAEA439821633330 0 0 0 0 
EAEA440171633232313330 0 
EAEA440331633230 0 0 1313
EAEA440581613110 0 0 0 0 
EAEA44094163131230 120 0 
EAEA441261623230 0 0 0 0 
EAEA4414416130 0 0 0 0 0 
EAEA441711633330 0 0 0 0 
EAEA44213163333130 0 0 0 
EAEA44249161323230 0 0 0 
EAEA442821631230 0 0 0 13
EAEA44298162323132323230 
EAEA44310160 130 0 0 0 0 
EAEA443511633130 0 0 0 0 
EAEA443681632330 23121   
EAEA443961623130 0 0 0 0 
EAEA444531611220 0 0 0 0 
EAEA4451516130 0 0 0 0 0 
EAEA4503416230 130 0 0 0 
EAEA45041163333333313130 
EAEA450571623230 0 0 0 0 
EAEA4506216230 0 0 0 0 0 
EAEA451251622230 120 0 0 
EAEA451581633232313130 0 
EAEA451861633230 0 0 0 0 
EAEA45194160 230 0 0 0 0 
EAEA45214163323130 13130 
EAEA45236162323130 0 0 0 
EAEA452481623230 0 23210 
EAEA4527516130 0 0 0 0 0 
EAEA45283160 0 210 0 0 0 
EAEA453031633330 0 0 0 0 
EAEA453111623210 0 0 0 0 
EAEA453241623230 0 0 0 0 
EAEA453461623230 0 0 0 0 
EAEA45395163333330 0 0 0 
EAEA454001623230 0 0 0 0 
EAEA45437163333333333330 
EAEA45454163323130 0 0 0 
EAEA454761633332323130 0 
EAEA45498163333230 0 0 0 
EAEA455271633130 0 0 0 0 
EAEA455311631210 0 0 0 0 
EAEA45588162323131313130 
EAEA4562816333323230 0 0 
EAEA456301613310 0 0 0 0 
EAEA45642160 230 130 0 0 
EAEA4566316333323230 0 0 
EAEA4568916230 0 0 0 0 0 
EAEA457511623130 0 0 0 0 
EAEA4581216130 0 0 0 0 0 
EAEA458661623130 0 0 0 0 
EAEA458991623230 0 0 0 0 
EAEA459181633330 0 0 0 0 
MWMW00013160 230 0 0 0 0 
MWMW00136160 0 0 0 0 0 0 
MWMW00148160 0 0 0 0 0 0 
MWMW00150160 0 0 0 0 0 0 
MWMW001691623330 0 0 0 0 
MWMW0017516333323130 0 0 
MWMW001831623130 0 0 0 0 
MWMW00197160 0 0 0 0 0 0 
MWMW002171633333333230 0 
MWMW0022516132113130 0 0 
MWMW00258160 0 0 0 0 0 0 
MWMW002721631310 0 0 0 0 
MWMW0028616130 0 0 0 0 0 
MWMW0030616230 0 0 0 0 0 
MWMW003191623230 0 0 0 0 
MWMW003271613330 0 0 0 0 
MWMW0033116230 0 0 0 0 0 
MWMW00355160 0 0 0 0 0 0 
MWMW003641623330 0 0 0 0 
MWMW003701632330 0 0 0 0 
MWMW00388163133330 0 0 0 
MWMW0039216230 230 0 0 0 
MWMW0040816333313130 0 0 
MWMW004161633330 330 0 0 
MWMW00429160 0 0 0 0 0 0 
MWMW004571613230 0 0 0 0 
MWMW004621633230 0 0 0 0 
MWMW0047316213121120 0 0 
MWMW004851633312121230 0 
MWMW005031631332333230 0 
MWMW005111623210 0 0 0 0 
MWMW00524163323130 0 0 0 
MWMW00539162322230 0 0 0 
MWMW00546160 130 0 0 0 0 
MWMW005521613130 130 0 0 
MWMW0058016232313130 0 0 
MWMW00595160 0 0 0 0 0 0 
MWMW006121623130 0 0 0 0 
MWMW006381633330 0 0 0 0 
MWMW00645162312110 0 0 0 
MWMW00653163333230 0 0 0 
MWMW00677163333330 23130 
MWMW00699162323230 0 0 0 
MWMW0071816130 0 0 0 0 0 
MWMW00726160 0 0 0 0 0 0 
MWMW0074416332111320 0 0 
MWMW007711623130 0 0 0 0 
MWMW00807163333330 23130 
MWMW008301633130 0 0 0 0 
MWMW00863163333130 0 0 0 
MWMW008741633330 0 0 0 0 
MWMW0089116120 0 0 0 0 0 
MWMW00947163333232313130 
MWMW0095116320 0 0 0 0 0 
MWMW009681613130 0 0 0 0 
MWMW009791633230 0 0 0 0 
MWMW01017160 0 0 0 0 0 0 
MWMW01033163333230 0 0 0 
MWMW010401623130 0 0 0 0 
MWMW0106116230 0 0 0 0 0 
MWMW01086160 0 0 0 0 0 0 
MWMW01094160 0 0 0 0 0 0 
MWMW011181632232323230 0 
MWMW0112616330 0 0 0 0 0 
MWMW0114416332323230 0 0 
MWMW01160160 0 0 0 0 0 0 
MWMW0119316230 0 0 0 0 0 
MWMW01200160 0 0 0 0 0 0 
MWMW01249163133313333230 
MWMW01276163333330 0 0 0 
MWMW013231623230 0 0 0 0 
MWMW013351613230 0 0 0 0 
MWMW0134716130 0 0 0 0 0 
MWMW01351160 0 0 0 0 0 0 
MWMW014041623230 0 0 0 0 
MWMW01420162333130 0 0 0 
MWMW014381613230 0 0 0 0 
MWMW014661623231313130 21
MWMW01528160 0 0 0 0 0 0 
MWMW0154216130 0 0 0 0 0 
MWMW01591162312130 0 120 
MWMW01608160 0 0 0 0 0 0 
MWMW016291633230 0 0 0 0 
MWMW01634161313130 0 0 0 
MWMW0165716333323130 0 0 
MWMW016731613230 0 0 0 0 
MWMW01685163333330 0 0 0 
MWMW016901633230 0 0 0 0 
MWMW01701162313130 0 0 0 
MWMW01736160 0 0 0 0 0 0 
MWMW017501633333333330 0 
MWMW0176916230 0 0 0 0 0 
MWMW0182416130 0 0 0 0 0 
MWMW0184616130 0 0 0 0 0 
MWMW018521613230 0 0 0 0 
MWMW01867163323130 0 0 0 
MWMW018951623330 0 0 0 0 
MWMW01906161323130 0 0 0 
MWMW019271623230 0 0 0 0 
MWMW0194316230 0 0 0 0 0 
MWMW01970160 0 0 0 0 0 0 
MWMW0199216120 0 0 0 0 0 
MWMW02008160 0 0 0 0 0 0 
MWMW02016160 0 0 130 0 0 
MWMW0204116130 0 0 0 0 0 
MWMW02057162333130 0 0 0 
MWMW020731613130 0 0 0 0 
MWMW02090162313130 0 0 0 
MWMW021171631330 0 130 0 
MWMW0212516130 0 0 0 0 0 
MWMW02140160 0 0 0 0 0 0 
MWMW0215816130 0 0 0 0 0 
MWMW021611623230 0 0 0 0 
MWMW02172160 0 0 0 0 0 0 
MWMW0218616130 0 0 0 0 0 
MWMW02222163331333323130 
MWMW022361633333322333211
MWMW022481612230 0 0 0 0 
MWMW0226916310 0 0 110 0 
MWMW02275163133333323130 
MWMW02283160 0 0 0 0 0 0 
MWMW023111623330 0 0 0 0 
MWMW02324160 0 0 0 0 0 0 
MWMW02339160 0 0 0 0 0 0 
MWMW023671613130 0 0 0 0 
MWMW023781623230 0 0 0 0 
MWMW023801613130 0 0 0 0 
MWMW02400160 0 0 0 0 0 0 
MWMW0246516230 0 0 0 0 0 
MWMW02476163323130 0 0 0 
MWMW02482163133333333230 
MWMW025311613130 0 130 0 
MWMW025431613130 0 0 0 0 
MWMW02570160 0 0 0 0 0 0 
MWMW02592160 230 0 0 0 0 
MWMW02615160 230 0 0 0 0 
MWMW026631621330 0 0 0 0 
MWMW0267416110 0 0 0 0 0 
MWMW0268916313123230 0 0 
MWMW0270216313121320 0 0 
MWMW02710160 0 0 0 0 0 0 
MWMW027231631330 0 0 0 0 
MWMW0273516230 0 0 0 0 0 
MWMW0275116132313130 0 0 
MWMW027681633130 0 0 0 0 
MWMW0277916133113130 0 0 
MWMW02784163333231323230 
MWMW02796163323130 21220 
MWMW028041623230 0 0 0 0 
MWMW02812160 0 0 0 0 0 0 
MWMW028451633330 0 0 0 0 
MWMW028531622330 0 0 0 0 
MWMW02866160 0 0 0 0 0 0 
MWMW02877162323330 0 0 0 
MWMW0288116323333130 0 0 
MWMW02899160 23230 13130 
MWMW0290516313331330 0 0 
MWMW029261613230 0 0 0 0 
MWMW0293216230 0 0 0 0 0 
MWMW0295916213121210 0 0 
MWMW029601623230 0 0 0 0 
MWMW029711623230 0 0 0 0 
MWMW02987160 330 0 0 0 0 
MWMW0299316333323120 0 0 
MWMW030051613330 130 0 0 
MWMW03026160 230 0 0 0 0 
MWMW03032160 230 0 0 0 0 
MWMW03044160 0 0 0 0 0 0 
MWMW03060160 0 0 0 0 0 0 
MWMW03071163323230 23130 
MWMW0309316220 0 0 0 0 0 
MWMW03119160 0 0 0 0 0 0 
MWMW03131160 230 0 0 0 0 
MWMW0315516230 0 0 0 0 0 
MWMW03170162323230 130 0 
MWMW031881623210 0 0 0 0 
MWMW03192163121210 0 0 0 
MWMW03204160 0 0 0 0 0 0 
MWMW0321216130 0 0 0 0 0 
MWMW0322016130 0 0 0 0 0 
MWMW03245160 0 0 0 0 0 0 
MWMW032531613130 0 0 0 0 
SOSO100341613130 0 0 0 0 
SOSO1004116230 110 0 0 0 
SOSO10186160 230 0 0 0 0 
SOSO10222162 3 130 0 0 0 
SOSO1024816130 0 0 0 0 0 
SOSO10303160 0 0 0 0 0 0 
SOSO10311162123230 0 0 0 
SOSO103461623230 0 0 0 0 
SOSO10378160 0 0 0 0 0 0 
SOSO10400160 0 0 0 0 0 0 
SOSO104131613130 0 0 0 0 
SOSO104651631330 0 0 0 0 
SOSO10498160 0 0 0 0 0 13
SOSO10519163333130 0 0 0 
SOSO10527160 0 0 0 0 0 0 
SOSO1053116130 0 0 0 0 0 
SOSO10543163133310 0 0 0 
SOSO10570160 130 0 0 0 0 
SOSO10628160 0 0 0 0 0 0 
SOSO10630160 130 0 0 0 0 
SOSO10642160 0 0 0 0 0 0 
SOSO10656160 0 0 0 0 0 0 
SOSO10674160 0 0 0 0 0 0 
SOSO10689160 0 0 0 0 0 0 
SOSO10735162323130 0 0 0 
SOSO1078416230 0 0 0 0 0 
SOSO10796160 130 0 0 0 0 
SOSO10804160 130 0 0 0 0 
SOSO1083816210 0 0 0 0 0 
SOSO10845160 230 0 0 0 0 
SOSO10853163333333333330 
SOSO10881160 230 0 0 0 0 
SOSO10899160 0 0 0 0 0 0 
SOSO1091816133313130 0 0 
SOSO10959160 0 0 0 0 0 0 
SOSO10993160 0 0 0 0 0 0 
SOSO11069160 0 0 0 0 0 0 
SOSO1107516130 0 0 0 0 0 
SOSO11102162333130 0 0 0 
SOSO111471623330 0 0 0 0 
SOSO11151160 0 0 0 0 0 0 
SOSO11208160 0 0 0 0 0 0 
SOSO1121616230 0 0 0 0 0 
SOSO11234160 0 0 0 0 0 0 
SOSO11241160 130 0 0 0 0 
SOSO11257160 23130 0 0 23
SOSO1126216120 0 0 0 0 0 
SOSO11273160 0 0 0 0 0 0 
SOSO113051613310 130 0 33
SOSO1132616333333330 0 0 
SOSO11344160 0 0 0 0 0 0 
SOSO113591633330 110 0 0 
SOSO113871621230 0 13130 
SOSO113931633310 0 0 0 0 
SOSO11407160 0 0 0 0 0 0 
SOSO11415160 130 0 0 0 0 
SOSO11474160 0 0 0 0 0 0 
SOSO114911613230 0 0 0 0 
SOSO11504161331110 0 0 0 
SOSO1152016231313130 0 0 
SOSO11600160 0 0 0 0 0 0 
SOSO116131623332313230 0 
SOSO11621163323130 0 130 
SOSO11637160 22110 0 0 0 
SOSO1165416130 0 0 0 0 0 
SOSO1166516230 0 0 0 0 0 
SOSO1167616313131310 0 23
SOSO11682162123232323130 
SOSO11717160 230 0 0 0 0 
SOSO1173316130 0 0 0 0 0 
SOSO117581613130 0 0 0 0 
SOSO11786163133230 0 0 0 
SOSO1179416133323130 0 0 
SOSO11819160 130 0 0 0 0 
SOSO118701613310 0 0 0 13
SOSO11888160 330 0 0 0 0 
SOSO1190316130 130 0 0 0 
SOSO119111613230         
SOSO11924160 0 0 0 0 0 0 
SOSO119521623130 0 0 0 0 
SOSO1197816130 0 0 0 0 0 
SOSO11980160 23130 0 0 0 
SOSO12013163323130 13130 
SOSO120211633333333130 0 
SOSO1203716130 0 0 0 0 0 
SOSO12049160 0 0 0 0 0 0 
SOSO120761623230 0 0 0 0 
SOSO120821613130 0 0 0 0 
SOSO120981623230 0 0 0 0 
SOSO1212216130 0 0 0 0 0 
SOSO12150160 230 0 0 0 0 
SOSO121691622220 0 0 0 0 
SOSO1217516130 230 0 0 0 
SOSO12197160 0 0 0 0 0 0 
SOSO122611633232323332323
SOSO1227216130 0 0 0 0 0 
SOSO123061613230 0 0 0 0 
SOSO123191613230 0 0 0 0 
SOSO12343160 0 0 0 0 0 0 
SOSO12355160 0 0 0 0 0 0 
SOSO12364160 0 0 0 0 0 0 
SOSO12370160 230 0 0 0 0 
SOSO12392160 130 0 0 0 0 
SOSO12441160 0 0 0 0 0 0 
SOSO1246216310 0 0 0 0 0 
SOSO12473162323130 0 0 0 
SOSO12490160 0 0 0 0 0 0 
SOSO125241623331 0 0 0 0 
SOSO12552160 0 0 0 0 0 0 
SOSO125671613230 0 0 0 0 
SOSO12595160 230 0 0 0 0 
