12 7 2 4 1 4 158505450 5050 2546 953 541NW30020NW2
22 7 6 4 3111358595455 5573 576213602462NW30053NW2
1211 6 7 217 768596250 6459 686617652462NW30066NW3
23 9 9 4 2191163685450 6768 726718663068NW30077NW3
121210 1 412 470695058 5751 606322711655NW30081NW2
23 5 2 0 511 552505061 5554 4155 7491655NW30099NW3
22 810 7 1211061696250 6967 716618663169NW30121NW2
12 7 7 6 214 358625950 5950 546114611756NW30154NW2
13 6 5 5 215 355575750 6150 516011561857NW30154NW4
22 910 8 7161163696767 6368 776919672765NW30182NW2
13 7 710 616 658627064 6357 606314612261NW30205NW3
23 4 3 4 4 9 450505458 5151 3149 7491351NW30244NW3
23 0 0 2 4 3 150505058 5050 1742 030 439NW30260NW3
131312 4 4181073725458 6767 776925752866NW30271NW3
13 3 2 2 1 6 250505050 5050 2345 545 845NW30287NW3
13 5 2 4 311 852505455 5561 5059 7491960NW30330NW4
13 3 5 2 112 350575050 5750 3250 8511554NW30356NW3
12 2 4 1 212 550545050 5754 2948 6471756NW30363NW3
23 5 4 5 2 8 652545750 5057 3652 9531452NW30391NW4
13 7 2 1 110 658505050 5357 3652 9531655NW30409NW3
12 7 5 7 312 858576255 5761 546112582060NW30417NW3
13 6 4 4 3101055545455 5367 465710552060NW30417NW4
12 2 6 2 0141250595050 5970 4556 8512664NW30425NW3
13 5 8 2 4221352675058 7073 686613603574NW30425NW4
22 7 7 5 714 958625767 5963 626414612362NW30433NW2
13 5 7 5 022 952625750 7063 596312583169NW30440NW3
12 6 810 222 955677050 7063 746714613169NW30472NW3
13 5 7 1 012 652625050 5757 465712581857NW30472NW4
13 8 8 9 422 661676858 7057 706616642866NW30486NW3
22 7 5 5 4 9 658575758 5157 465712581554NW30502NW2
2310 7 0 215 767625050 6159 536017652261NW30510NW3
22 6 3 1 2 8 655505050 5057 2948 9531452NW30547NW3
12 1 1 3 0 4 550505150 5054 1641 237 946NW30579NW3
13 0 2 1 3 4 450505055 5051 1742 237 845NW30579NW4
22 8 7 4 715 661625467 6157 566115632160NW30624NW2
131312 9 530 773726861100591048125753777NW30652NW4
12 3 0 5 5 6 350505761 5050 2446 340 946NW30678NW3
23 2 4 4 112 650545450 5757 4456 6471857NW30695NW3
22 8 3 5 211 461505750 5551 385311561554NW30727NW2
23 4 4 6 5111050545961 5567 4958 8512160NW30764NW4
12 8 4 2 3 71161545055 5068 465712581857NW30770NW2
22 3 5 4 212 250575450 5750 3451 8511452NW30788NW2
22 6 1 4 1 9 455505450 5151 2848 7491351NW30816NW2
13 7 5 6 216 558575950 6354 505912582160NW30834NW3
22121212 5201370728561 6873 947724743372NW30841NW2
22 813 2 610 561745064 5354 606321701554NW30890NW3
22 8 8 7 4251161676258 8168 847216643676NW30969NW2
13 4 6 2 3 4 450595055 5051 28481055 845NW31026NW3
12 4 3 0 0 9 250505050 5150 2044 7491148NW31032NW2
12 3 6 1 117 650595050 6457 4356 9532362NW31059NW3
23 5 5 9 411 452576858 5551 556110551554NW31060NW4
231411121014 876708572 5961 907525752261NW31106NW4
23 5 2 1 0 6 352505050 5050 2446 749 946NW31155NW3
13 5 4 4 211 552545450 5554 3652 9531655NW31164NW3
13 6 9 2 019 655685050 6757 485815632563NW31164NW4
12 6 3 6 213 755505950 5859 5059 9532060NW31170NW3
12 310 1 819 750695068 6759 546113602664NW31192NW2
2310 4 7 614 467546264 5951 536014611857NW31212NW3
12 7 6 9 417 758596858 6459 606313602462NW31220NW2
22 7 3 1 312 358505055 5750 314910551554NW31238NW2
12 4 2 3 6 6 250505164 5050 3753 647 845NW31266NW2
22 4 5 4 017 850575450 6461 4858 9532563NW31277NW2
23 4 5 5 1 8 350575750 5050 3552 9531148NW31301NW3
13 4 4 2 010 650545050 5357 3250 8511655NW31314NW3
13 6 3 2 2 7 755505050 5059 3552 9531452NW31322NW3
22 8 6 5 514 761595761 5959 536014612160NW31336NW2
22 7 6 6 2161258595950 6370 576213602866NW31369NW2
23 2 1 0 1 3 150505050 5050 1440 340 439NW31424NW4
22 2 2 2 2 3 450505050 5051 2044 443 744NW31446NW2
13 7 9 6 911 258685970 5550 576216641351NW31467NW3
13 5 3 3 2 2 052505150 5050 1943 851 236NW31478NW3
23 8 810 317 661677055 6457 696616642362NW31480NW3
22 4 2 6 4 6 450505958 5051 3049 6471047NW31495NW2
12 3 4 3 413 450545158 5851 3954 7491756NW32040NW2
22 3 6 1 3 7 250595055 5050 2848 953 946NW32058NW2
12 6 5 4 1141055575450 5967 465711562462NW32061NW3
13 3 1 2 0 3 150505050 5050 1540 443 439NW32072NW3
12 5 7 4 1 9 452625450 5151 405412581351NW32086NW3
23 3 1 6 0111050505950 5567 4356 4432160NW32094NW4
23 6 0 3 2 3 155505150 5050 2144 647 439NW32105NW3
1310 5 6 222 967575950 7063 716615633169NW32118NW3
12 3 5 6 0 9 750575950 5159 3853 8511655NW32126NW2
13 5 7 4 112 352625450 5750 435612581554NW32132NW3
22 2 3 2 112 550505050 5754 3552 5451756NW32144NW3
22 4 3 1 312 250505055 5750 3350 7491452NW32160NW3
22 7 9 4 314 558685455 5954 536016641960NW32193NW3
12 7 8 8 420 958676758 6863 706615632967NW32249NW2
131013 2 715 867745067 6161 656523722362NW32265NW3
13 2 3 2 1 2 050505050 5050 1339 545 236NW32276NW4
221114 61214 568755975 5954 797025751960NW32282NW2
23 2 3 2 011 250505050 5550 2647 5451351NW32298NW4
13 2 0 2 0 0 150505050 5050 1238 237 134NW32310NW3
22 3 2 4 1 3 250505450 5050 2144 545 541NW32335NW2
12 1 1 1 4 4 150505058 5050 1742 237 541NW32347NW3
23 3 1 3 0 5 250505150 5050 2044 443 744NW32351NW3
12 5 8 5 115 652675750 6157 556113602160NW32368NW2
22 1 1 1 1 4 250505050 5050 1238 237 643NW32384NW3
12 6 1 2 1 4 055505050 5050 1540 749 439NW32396NW2
13 5 9 3 417 952685158 6463 566114612664NW32420NW3
13 6 7 1 1 9 455625050 5151 355213601351NW32445NW3
13 2 7 5 7 8 750625767 5059 4858 9531554NW32453NW3
22 4 1 0 2 7 450505050 5051 2345 5451148NW32477NW2
12 4 4 0 4 2 050545058 5050 1842 851 236NW32481NW2
23 6 3 6 110 555505950 5354 3652 9531554NW32499NW3
13 611131023 955709372 7463 917517653270NW32507NW3
23 9 9 8 1251563686750 8179 837218664082NW32515NW3
13 5 2 1 1 8 152505050 5050 2345 749 946NW32528NW3
22 7 7 6 114 758625950 5959 526014612160NW32530NW2
23 9 9 4 317 763685455 6459 646418662462NW32542NW3
12 9 912 5181263688561 6770 817118663068NW32589NW3
1310 5 3 411 267575158 5550 485815631351NW32591NW4
22 8 6 1 416 661595058 6357 526014612261NW32629NW2
23 1 2 7 1 4 450506250 5051 2245 340 845NW32641NW4
12 3 6 4 017 550595450 6454 4456 9532261NW32657NW3
221010 3 521 967695161 6963 746720683068NW32685NW2
22 7 4 4 410 358545458 5350 405411561351NW32690NW2
23 1 2 1 5 3 250505061 5050 1842 340 541NW32714NW3
12 8 3 2 3 8 561505055 5054 375311561351NW32750NW2
23 7 7 6 217 858625950 6461 616414612563NW32769NW3
22 7 3 7 514 858506261 5961 586210552261NW32775NW2
23 8 9 4 516 961685461 6363 646417652563NW32783NW3
2213 911 315 573687855 6154 696622712060NW32797NW3
12 8 3 5 314 461505755 5951 445611561857NW32839NW2
12 2 6 5 0 9 750595750 5159 3954 8511655NW32852NW2
22 6 7 4 717 655625467 6457 606313602362NW32867NW2
22 7 6 8 312 858596755 5761 596313602060NW32880NW2
1311 4121113 468548573 5851 696615631756NW32895NW3
1211 410 1201368547050 6873 726715633372NW32906NW2
13 4 2 4 0 5 550505450 5054 2647 6471047NW32919NW3
22 6 3 5 212 655505750 5757 4657 9531857NW32927NW3
22 9 1 1 3 6 263505055 5050 31491055 845NW32955NW2
12 0 3 0 2 5 050505050 5050 1440 340 541NW32970NW3
12 4 7 0 0 6 450625050 5051 345111561047NW32988NW2
13 8 6 2 310 361595055 5350 415514611351NW33019NW3
1214 7 7 7151076626267 6167 817121702563NW33027NW2
12 4 3 5 112 750505750 5759 4054 7491960NW33031NW2
12 5 7 5 413 652625758 5857 495812581960NW33043NW2
23 3 5 3 4 6 050575158 5050 2747 851 643NW33064NW3
22 4 2 1 013 150505050 5850 2747 6471452NW33070NW2
23 4 3 3 4 8 350505158 5050 3350 7491148NW33088NW3
12 6 7 5 319 655625755 6757 586213602563NW33092NW2
12 9 4 2 218 963545050 6763 556113602765NW33115NW2
12 3 3 4 2 2 450505450 5051 2446 647 643NW33128NW2
22 3 4 2 210 450545050 5351 3250 7491452NW33130NW2
23 3 1 4 1 2 150505450 5050 1742 443 338NW33447NW3
12 4 4 1 2 8 350545050 5050 2747 8511148NW33451NW2
22 9 7 4 5 9 563625461 5154 485816641452NW33468NW2
22 7 2 3 4 5 358505158 5050 2848 953 845NW34489NW2
2311 2 5 413 768505758 5859 566113602060NW34504NW3
