EAEA40015180000000000000000000000000                 02002         0000000000000000000000000000000000000 000000000
EAEA4005618                                                                                                0 00   
EAEA401081800000000020000200000220022 0      0 0     2220          00000000000000000000000000000000000000010000000
EAEA40129180000000000000000000000002                202200     16  0000000000000000000000000000000000000 000000000
EAEA40141180000000000200000000002000 0               20000         00000000000000000000000000000000000001000000000
EAEA4015718                                                                                                0 00   
EAEA40185180020000000000000000000000          0      22000         0000000000000000000000000000000000000 000010000
EAEA4023518020000000222002000000200000        00   0 2000          00000000000000000000000000000000000011000010000
EAEA40247180000000000000020000002000  2              0000          00000000000000000000000000000000000001000000000
EAEA402511800000000020000000000000002                0000          0000000000000000000000000000000000000 000000000
EAEA40304180000000000000000000000000                 0000          0000000000000000000000000000000000000 000000000
EAEA403121800000000020220200000020000 0              20000         00000000000000000000000000000000000000000010000
EAEA403531822000000022000220000020000022             2020014170    00000000000000000010000000000000001001000010010
EAEA40399182000000002200020000000000000              2000          00000000000000000000000000000000000001010000000
EAEA40414180000000000000000000000000                 0000          0000000000000000000000000000000000000 000000000
EAEA4042218200000000220002220000222000022     2  02  202001518     11001100000000001110000000000011111011111111043
EAEA40436180000000000000020000002002  0              2020 18200    00000000000000000000000000000000000001000000000
EAEA40450180000000000000000000000000                 0000          0000000000000000000000000000000000000 000000000
EAEA404751802000000020220202200220000 0 00   0 0     22220        200000000000000000000000000000000000011110111000
EAEA40497182000000000020200000000000                 0000          0000000000000000000000000000000000000 000000000
EAEA405051800000000020000200000020020 0        2    002000         00000000000000000000000000000000000011000000000
EAEA40518180000000000000000000000000                 0000          0000000000000000000000000000000000000 000000000
EAEA40526180000000000000000000000000                 20000         0000000000000000000000000000000000000 010000000
EAEA405601800000000020000000000000000                0020      13  0000000000000000000000000000000000000 000010000
EAEA40619180000000000000000000000000                 0000          0000000000000000000000000000000000000 000000000
EAEA40631180000000000000000000000000                 0000          0000000000000000000000000000000000000 000000000
EAEA40643180200000000000000000000000                 2000          0000000000000000000000000000000000001 000000000
EAEA406551802000000020220202022220200 0 0  0 220 00  22200         1000000000000000000000000000000000 101011111010
EAEA40664180000000000000000000000000                 0000          0000000000000000000000000000000000000 000000000
EAEA406921802000000020200200000020000 2              22000         0000000000000000000000000000000000 00 000010000
EAEA407241800000022220202222220022222 02222   22 02  2020 1519     11101000001000101010000000000011110001010010171
EAEA40746180000000000000000000000000                 0000          0000000000000000000000000000000000000 000000000
EAEA40752180000000000000000000000002                 2020 1718     0000000000000000000000000000000000000 010000000
EAEA40767180000000000000020000002000  0              0000          0000000000000000000000000000000000001 000000000
EAEA4077818                                                                                                0 00   
EAEA40780180200202202220020220002202000 00     0   2 2220 1517     0000110000000000000000100000000000  01001 1 021
EAEA40821180000000000000000000000000                 0000          0000000000000000000000000000000000001 000000000
EAEA408491800000000020000200000000000 0              0000          0000000000000000000000000000000000000 000000000
EAEA40865182000000000000020022002000  0  0           22000         0000000000000000000000000000000000000 000010000
EAEA4087618                                                                                                0 00   
EAEA40882182020000002202020000000000000              2220018202    00000000000000000000000000000000000 01000010000
EAEA409091800000000020000202000222020 2 0    002    02020014192    0010000000000000000000000000000000 001001 1 010
EAEA40917180000000000000020000000002  2             020000         0000000000000000000000000000000000000 000000000
EAEA40925180000000000000000000002000                 0000          0000000000000000000000000000000000000 000000000
EAEA409581800000000020000200000000000 0              0000          0000000000000000000000000000000000000 000000000
EAEA409721820000000022200220000222020020     0 0    020200         00000000000000000000000000000000000001000010000
EAEA40986180000000000000000000000000                 20000         0000000000000000000000000000000000000 000000000
EAEA409941800000000020000000000000000                20000         0000000000000000000000000000000000000 000000000
EAEA41010180200000000000020000002200  0              22000         00000000000000000000000000000000000001010000000
EAEA41047180000000000200020000000000 00              0000          00000000000000000000000000000000000001010000000
EAEA41051180200000000000020000000000  2              0000          0000000000000000000000000000000000000 000000000
EAEA410791800000000020200000200222222    2   0   02 022000         00001000000000001000000000000000000001000010020
EAEA41084180000000000000000000000000                 0000          0000000000000000000000000000000000000 000000000
EAEA41096180000000000000020000022202  0      0 0     2220          0000000000000000000000000000000000 00 100 1 000
EAEA41111180200200002200020200000000000 0          2 0000          0000100000000000000000110000000000 00 000010021
EAEA41124180000000000000000000000000                 02000         0000000000000000000000000000000000000 000000000
EAEA41152180000000000000000000000000                 0000          00000000000000000000000000000000000101000000000
EAEA41178180000000000000000000000000                 20000         0000000000000000000000000000000000000 000000000
EAEA41195180000000000200000000002000 0               22000         0000000000000000000000000000000000000 010000000
EAEA41207180000000000000000000000000                 0000          0000000000000000000000000000000000000 000000000
EAEA41242180000000000000020000000000                 2000          0000000000000000000000000000000000000 000000000
EAEA412741802000000020200202000202020 0 0    00 0  2 2220 16172    00001000000000000000000000000000000001010010010
EAEA412891822200000020020200000220000 0      000     20000         00000000000000000000000000000000000 0 000010000
EAEA41325180000000000000000000002000                 20000         0000000000000000000000000000000000000 000000000
EAEA41333180000000000000000000000000                 0000          0000000000000000000000000000000000000 000000000
EAEA41361180000000000000000000000000                 0000          0000000000000000000000000000000000000 000000000
EAEA413721800000000020000000000020000                20000         0000000000000000000000000000000000000 000000000
EAEA413861822000000020000200000020020 2        0    020000         0000000000000000000000000000000000 00 000010000
EAEA41394180000000000000000000000000                 0000          0000000000000000000000000000000000000 000000000
EAEA41419180000000000000000000000000                 22000         0000000000000000000000000000000000000 000000000
EAEA414311822000000020020200000000000                2200          0000000000000000000000000000  00000 01000010000
EAEA414431822000000020200202220022222 0 00    20 02 02020015172    1100110000000000000000000000000000  01011111022
EAEA41455180200000000202020000000002 22             020002         0000000000000000000000000010000000000 000010010
EAEA43011180000000000000020000002000  2        0   0 20000         00000000000000000000000000000000000000010010000
EAEA43024180000000000000000000000000                 0000          0000000000000000000000000000000000000 000000000
EAEA430391800000000020000200000222022 2      2 2    022200     18  00000000000000000000000000000000000000110000000
EAEA43052180000000000000000000000000                 0000          0000000000000000000000000000000000000 000000000
EAEA430671800000000020022200000220000 2      000     0000          0000000000000000000000000000000000000 000010000
EAEA43078180000000000200020000002000 00              2020 1719     00000000000000000000000000000000000001000000000
EAEA43095180000000000000000000000000                 0000          0000000000000000000000000000000000000 000000000
EAEA43138180000000000000000000000000                 0000          0000000000000000000000000000000000000 010000000
EAEA4314518                                                                                                0 00   
EAEA43153180000000000000000000200000       0         0020 1620     0000000000000000000000000000000000001 010 00000
EAEA43166180000000000000020000000000  0              0020      14  00000000000000000000000000000000000001000010000
EAEA43177180000000000000000000000000                 0000          0000000000000000000000000000000000000 000000000
EAEA43181180000000000000000000000000                 22000         0000000000000000000000000000000000000 000000000
EAEA43206180000000002200020000000000000              22000         0000000000000000000000000000000000000 000000000
EAEA43231180000000000000000000000000                 0000          0000000000000000000000000000000000000 000000000
EAEA43255180000000000000020000000000  0              02200     16  00000000000000000000000000000000000000000000000
EAEA432701802000000020000000000020000                22000         0000000000000000000000000000000000000 000010000
EAEA43292180200000000202222222002202 00000    2     020200     15  00000000000000000000000000000000000101010111000
EAEA43334180000000000000000000000000                 0000          0000000000000000000000000000000000000 000000000
EAEA43357180200000000000000000000002               0022200     16  0000000000000000000000000000000000000 000010000
EAEA43373180200000000000000000002002                 2220          0000000000000000000000000000000000001 010 00000
EAEA43390180000000000002020000000000  0              0200          0000000000000000000000000000000000000 000000000
EAEA43426180000000000000020000002200  2              02000         00000000000000000000000000000000000 1 000 00000
EAEA43459182200000000002000000000000                 2200          0000000000000000000000000000000000000 000000000
EAEA435481800000000020000200000000000 0              2000          00000000000000000000000000000000000 0 010 1 000
EAEA4355018                                                                                                0 00   
EAEA43583180000000000000000000000000                 0000          0000000000000000000000000000000000000 000000000
EAEA43602180000000000000000000000000                 0000          0000000000000000000000000000000000000 000000000
EAEA43635180020200000002220000022200  2      000     22000         00000000000000000000001100000000000101010111011
EAEA43651180000000000000000000000000                 02000         0000000000000000000000000000000000000 000000000
EAEA43684180000000000000000000000000                 0000          0000000000000000000000000000000000000 000000000
EAEA43707180200000002202220020002020002  2     0 00  20202     182 00000000000000001000000000000000000 01001 00010
EAEA43715180000000000000020000002000  0              20200         00000000000000000000000000000000000001001000000
EAEA43742182220020002220022220222222000000 0 000000  2220      16  00000000000000000000000000000000001011011111000
EAEA43774180000000000020000000002000                 0000          0000000000000000000000000000000000000 000000000
EAEA43789180000000002200020000002002000             022200     172 0000000000000000000000000000000000 001000000000
EAEA43817180220000000000022200002000  200            22002         0000000000000000000000000000000000100 110100000
EAEA43825180000000002220020000000000000              22000         0000000000000000000000000000000000000 000000000
EAEA43840182220000000020020000000000  0              0000          0000000000000000000000000000000000000 000010000
EAEA43858180000000000022002000002000   0       2     2220      17  00000000000000000000000000000000001101001100000
EAEA438611800000000020000000000020000                0000          0000000000000000000000000000000000000 000000000
EAEA43913180000000000000020000002002  2             0222001414     00000000000000000000000000000000000001000010000
EAEA439211800000000020000000000000000                0000          0000000000000000000000000000000000000 000000000
EAEA439371802200000020200222200020000 0000           22002         00000000000000000000000000000000000001001010000
EAEA43965180220000002200020000000000222              0000          00000000000000000000000000100000000 01000000010
EAEA439821800000000020220200200020220 2  0    0  00 020202     17  00000000000000000000000000000000000101010100000
EAEA43998180000000000000000000000000                 0000          0000000000000000000000000000000000000 000000000
EAEA44017180000000000000020000002000  0              202001517     0000000000000000000000000000000000000 000000000
EAEA440251800000000020200200000020002 2              0000          0000000000000000000000000000000000  01100 00000
EAEA44033180000000000000020000002000  0              22200         0000000000000000000000000000000000000 000000000
EAEA44040180000000000000000000000000                 20000         0000000000000000000000000000000000000 000000000
EAEA44058180000000000000000000000000                 0000          0000000000000000000000000000000000000 000000000
EAEA440721800000000020000000000000002                20000         0000000000000000000000000000000000000 000000000
EAEA44086180000000000000000000000000                 0000          0000000000000000000000000000000000000 000000000
EAEA44094180000000000000000000002200                 022001719     00000000000000000000000000000000000 0 000000000
EAEA44126180000000000200000000000000 0               20200         0000000000000000000000000000000000000 000000000
EAEA44144180000000000200000000000000 0               0000          0000000000000000000000000000000000000 000000000
EAEA44160180000000000000000000002002                222200     19  0000000000000000000000000000000000000 000000000
EAEA441711800000000020000200000020002 2              20000         00000000000000000000000000000000000001010000000
EAEA4420018                                                                                                0 00   
EAEA44213180000000000200000000000000 0               0000          0000000000000000000000000000000000000 000000000
EAEA442211822200000020200000000000000                2000          00000000000000000000000000000000000011000010000
EAEA442491800000000020000000000000002                0000          0000000000000000000000000000000000000 000000000
EAEA44254180000000000000000000002000                 022001416     0000000000000000000000000000000000000 000000000
EAEA44265180020000000000020000002002  0             022000         00000000000000000000000000000000000001010010000
EAEA442981800000000020000200000020002 0              0000          00000000000000000000000000000000000001000000000
EAEA44302180000000000000000000000000                 0000          0000000000000000000000000000000000000 000000000
EAEA44310180000000000000000000000000                 20002         0000000000000000000000000000000000000 000000000
EAEA44351180000000000000000000000000                 0000          0000000000000000000000000000000000000 000000000
EAEA443681800000000020000000000000000                20000         0000000000000000000000000000000000000 000000000
EAEA44379180000000000000000000000000                 22000         0000000000000000000000000000000000000 000000000
EAEA443961802000000022202220200020220022 2    0  2  0222001718     00001000000000001010110000000011110111000111041
EAEA44453182000000000020020000200000  0    0         20000         00000000000000000000000000000000000 0 010 1 000
EAEA44481180000000002200020000002000222            2 22002         00001000000000000000000000110000000011001100021
EAEA44515180000000000000000000000000                 0000          0000000000000000000000000000000000000 000000000
EAEA45034180000000000000020000000000  0              22000         0000000000000000000000000000000000000 000000000
EAEA45041180000000000000020000002002  2            00202001416     0000000000000000000000000000000000000 000010000
EAEA45057180000000000000000000000000                 0000          0000000000000000000000000000000000000 000000000
EAEA45062180000000000000000000000000                 02000         0000000000000000000000000000000000000 000000000
EAEA45085180000000000000000000000000                 0000          0000000000000000000000000000000000000 000000000
EAEA45158182000000000000020002002202  2             022202     17  0000000000000000000000000000110000 001010 1 011
EAEA451721800000000020000000000000002                02000         0000000000000000000000000000000000000 000000000
EAEA45194180000000000200020000002000 00        0     2200          0000000000000000000000000000000000000 000010000
EAEA452011802202020020222222200222220 2020   2 2200  2220 1919     11100010000000001000111100000011111101101111063
EAEA45236180000000000000000000002000                 0000          0000000000000000000000000000000000 000000000000
EAEA45248180000000000000000000000000                 0000          00000000000000000000000000000000000001000000000
EAEA45275180000000000000000000000000                 0000          0000000000000000000000000000000000000 000000000
EAEA452831820 0000000200020202022 2  00 0    0 0 00   2200         000000  000000  0000000000000000000001000010000
EAEA45303180000000000000000000020002         0       2020 13172    00000000000000000000000000000000000011011111000
EAEA45311180000000000002020000000000  0              02000         0000000000000000000000000000000000000 010000000
EAEA45324180000000000002200000002000                 22002         00000000000000000000000000000000000001000000000
EAEA45346180000000000000000000002000                 02000         0000000000000000000000000000000000000 000000000
EAEA45352180000000000000000000000000                 0000          0000000000000000000000000000000000000 000000000
EAEA45367180202000000000020000002000  0              22200         00000000000000000000000000000000000000000000000
EAEA45395180200200000000000000000000                 0000          00000000000000000000001000000000000001000000010
EAEA45400180000000000000000000000000                 0000          0000000000000000000000000000000000000 000000000
EAEA45437180000000000200000000000000 0               22000         0000000000000000000000000000000000000 000000000
EAEA45454180000000000020020000000000  0              0020      16  0000000000000000000000000000000000000 000000000
EAEA45476180202000002202220220202002002 02 0  2     0222001617     0000000000000000100000000000000000 001010 1 010
EAEA45498180200000002222220002002200202       00   2 22202         0000100000000000000011000000000000 101100111021
EAEA455061800000000020000000000000002                0000          0000000000000000000000000000000000000 000000000
EAEA45527180000000000000000000000000                 0000          0000000000000000000000000000000000000 000000000
EAEA45531180000000000000000000000000                 2200          0000000000000000000000000000000000000 000000000
EAEA45555180200200002220220000002000002        0     22202         00000000000000000000001000000000000101000010010
EAEA45570180000000000000000000000000                 0020      15  0000000000000000000000000000000000000 000000000
EAEA455881800000000020000000000000000                20002         0000000000000000000000000000000000000 000000000
EAEA45592180000000000000000000000000                 0000          0000000000000000000000000000000000000 000000000
EAEA45628180000000000000020000000000  0              22000         0000000000000000000000000000000000000 000000000
EAEA45630180000000000000020000002000  2            2 22000         0000110000000000000000000000000000 001010 00011
EAEA45642180000000000200020000000002 20            0020000         00000000000000000000000000000000000001010010000
EAEA456631800000000020000000000020002                0000          0000000000000000000000000000000000000 000000000
EAEA45674180000000000000000000002000                 0000          0000000000000000000000000000000000000 000000000
EAEA457021822200000020220200000020020 0             020002         0000000000000000000000000000000000 00 000010000
EAEA45735180200000000000020000000000  0              222001517     0000000000000000000000000000000000000 000010000
EAEA45747180000000000000020000000000  0              0000          00000000000000000000000000000000000001000000000
EAEA45751180000000000000000000000000                 20000         00000000000000000000000000000000000001001000000
EAEA45768182020000000022220000002000  2        0     22200         00000000000000000000000000001100000 01000010011
EAEA45796180000000000000000000000000                 0020 1517     0000000000000000000000000000000000000 000000000
EAEA458121802000000020000200000020000 0              22200     162 00000000000000000000000000000000000 01010 00000
EAEA458451800000000020022200000022002 2              22002         00000000000000000000110000000000000001000010011
EAEA45866180000000000000000000000000                 0000          0000000000000000000000000000000000000 000000000
EAEA458991802000000020200200000020000 0            0 20000         0000000000000000000000000000000000 10 010 1 000
EAEA45918180000000000000000000000000                 20000         0000000000000000000000000000000000000 000000000
EAEA45944180000000000000000000000000                 02000         00000000000000000000000000000000000011000000000
MWMW001751800000000020000200000000000 2              02000         00000000000000000000000000000000000 0 000000000
MWMW00183180000000000000000000000000                 0000          0000000000000000000000000000000000000 000000000
MWMW00217180000000000200020000000000 20              0000          00000000000000000000000000100000000001000010010
MWMW00258180000000000000000000000000                 22000         0000000000000000000000000000000000000 000000000
MWMW00272180000000000000000000000000                 0000          0000000000000000000000000000000000000 000000000
MWMW002861802000000020200200000000000 0              0020 15172    0000000000000000000000000000000000000 000010000
MWMW003311802002000020000000000020002                22000         0000000000000000000000110000000000000 000000011
MWMW00355180000000000000000000000000                 0000          0000000000000000000000000000000000000 000000000
MWMW00364180000000000000000000000000                 02000         00000000000000000000000000000000000001000000000
MWMW004081802000000020000000000020200          2 00  222021116     00000000000000000000000000000000000001011111000
MWMW00416180000000000000000000000000                 0000          0000000000000000000000000000000000000 000000000
MWMW00441180220200000000020000002200  0        2     2220 1516     0011000000000000000000110000000000 001000010022
MWMW00457180000000000000000000000000                 22002         0000000000000000000000000000000000000 000000000
MWMW00462180000000000000000000000000                 22002         0000000000000000000000000000000000000 000000000
MWMW00473180000000000000000000000000               0 22002         0000000000000000000000000000000000000 000000000
MWMW00485180000000000000000000000000                 0000          0000000000000000000000000000000000000 000000000
MWMW00539180000000000220020000000000 00              22000         0000000000000000000000000000000000000 000010000
MWMW00546180000000000000000000000000                 0000          0000000000000000000000000000000000000 000000000
MWMW00552180000000000000000000000000                 0000          0000000000000000000000000000000000000 000000000
MWMW00578180000000000000000000002000                 2200          0000000000000000000000000000000000000 000000000
MWMW00580180000000000000000000002200                 0020 13172    0000000000000000000000000000000000 00 000000000
MWMW00595180000000000000000000000000                 0000          0000000000000000000000000000000000000 000000000
MWMW006121800000000020000000000000002                02000         00000000000000000000000000000000000001000000000
MWMW00638180000000000000000000002002                022200     15  00000000000000000000000000000000000001111100000
MWMW00645180000000002220020000002000000              2220016170    00000000000000000000000000000000000000000000000
MWMW00653180200000000000000000000002               000000          0000000000000000000000000000000000000 000000000
MWMW00699180000000000000000000000000                 0000          0000000000000000000000000000000000000 000000000
MWMW00718180000000000000000000000000                 0000          0000000000000000000000000000000000000 000000000
MWMW00726180000000000000000000000000                 0000          0000000000000000000000000000000000000 000000000
MWMW007711802000000020000000000020002                0000          0000000000000000000000000000000000000 000000000
MWMW00863180000000000000020000002000  2              22000         0000000000000000000000000000110000000 000000011
MWMW0087418020000000220000000000200000               2220015172    00000000000000000000000000000000000001000000000
MWMW008891802000000020202220220222220 20 0   000 00 022202     18  00000000000000000000000000001100000111001111011
MWMW00891180000000000000000000000000                 0020 1717     0000000000000000000000000000000000000 000000000
MWMW00947180200000000000000000002200                 02000         00000000000000000000000000000000000001000000000
MWMW00968180000000000000000000000000                 0000          0000000000000000000000000000000000000 000000000
MWMW010861800000000020000000000000000                02000         0000000000000000000000000000000000000 000000000
MWMW01160180000000000000000000000000                 0000          0000000000000000000000000000000000000 000000000
MWMW011711800000000020000202020022000 0 2      0     22202     16  0000000000000000110000000000000000 000011 1 011
MWMW01200180000000000000000000000000                 02000         0000000000000000000000000000000000000 000000000
MWMW01249180000000002222020000002002200             0222001315     0000000000000000000000000000000000001 010 1 000
MWMW01276180000000000000000000000000                 22000         0000000000000000000000000000000000000 000000000
MWMW01302180000000000000000000000000                 02200     172 0000000000000000000000000000000000000 000000000
MWMW01347180000000000000000000000000                 0000          0000000000000000000000000000000000000 000000000
MWMW01351180000000000000000000000000                 0000          0000000000000000000000000000000000000 000000000
MWMW01396180200000000000000000002000           0     222001718     0000000000000000000000000000000000000 000010000
MWMW01420180000000000000000000002000                 022001216     00000000000000000000000000000000000001000000000
MWMW01438180000000000000000000000000                 20000         0000000000000000000000000000000000000 000000000
MWMW01528180000000000000000000000000                 0000          0000000000000000000000000000000000000 000000000
MWMW01591180000000000000000000000000                 20000         0000000000000000000000000000000000000 000000000
MWMW01629180000000000000020000002000                 2200          0000000000000000000000000000000000000 000000000
MWMW016571800000000020200200202022202 2  2 0  0  2   2222016172   20000100000000000100000000000000000 100000010020
MWMW01673180000000000000000000000000                 0000          0000000000000000000000000000000000000 000000000
MWMW01685180000000000200020000000000 0               0000          0000000000000000000000000000000000000 000000000
MWMW018521802002000020000000000020002          2     22000         0000000000000000000000100000000000 001000010010
MWMW01895180000000000000000000000000                 0000          0000000000000000000000000000000000000 000000000
MWMW01906180000000000000000000000000                 22000         00000000000000000000000000000000000 0 000000000
MWMW0192718                                                                                                0 00   
MWMW01943180000000000200000000000000 0        2      0000          0000000000000000000000000000000000000 000000000
MWMW019881800000000020000200000000000 0              20002         0000000000000000000000000000000000000 000000000
MWMW0200818                                                                                                0 00   
MWMW02016180020000000000000020000000     0           0000          0000000000000000000000000000000000000 000000000
MWMW02041180000000000000000000000000                 0000          0000000000000000000000000000000000000 000000000
MWMW020571800000000020000000000000002                20000         00000000000000000000000000000000000001000000000
MWMW02117180000000000000000000000000                 02002         0000000000000000000000000000000000000 000000000
MWMW021251820000000020000200020000000 0       2      20200     16  1000000000000000000000000000000000  01000 1 010
MWMW02158180000000000000000000000000                 0000          0000000000000000000000000000000000000 000000000
MWMW02161180000000000000000000000000          2      0000          0000000000000000000000000000000000000 000000000
MWMW021721802200000020000200020020202 2       00 00  22202         0000000000000000000000000000000000  0 001 1 000
MWMW02222180000000000000000000000000                 22000         0000000000000000000000000000000000000 000000000
MWMW022361802000000020222202202222020   22 2 0000  0 2200          0000000011000000110011000000  11110101011111033
MWMW02269180000000000000000000000000                 22002         0000000000000000000000000000000000000 000000000
MWMW02275182200000002202220000022222000      0 0 00 0222001216     00000000000000000000000000000000000 01000010000
MWMW02311180000000000000000220002200    22    22     20002         00110000000000001100000000000000000001000000022
MWMW02378180000000000000000000000000                 20200     170 0000000000000000000000000000000000000 000000000
MWMW02380180000000000000000002002002                222200         00000000000000000000000000000000000001000000000
MWMW02400180000000000000000000000000                 0000          0000000000000000000000000000000000000 000000000
MWMW02476180000000000000020000002000  2        0     0020 1318     0000000000000000000000000000000000000 000010000
MWMW02531180000000000000000000000000                 02000         00000000000000000000000000000000000 0 000000000
MWMW02543180000000000000000000000000                 0000          0000000000000000000000000000000000000 000000000
MWMW02588180020000002200020000202000222    0  0      22200     15  0000000000000000000000000011000000000 010010011
MWMW02592180000000000022000000000000                 02000         0000000000000000000000000000000000000 000000000
MWMW02615180220000002220020000022000000      02      02002         00000000000000000000000000000000000001000010000
MWMW026891800000000020000200000020220 2          00 222000         00000000000000000000000000000000000001000010000
MWMW02723180000000000000000000000000                 0000          00000000000000000000000000000000000001000000000
MWMW02735180200000000000000002002000                 22000         0000000000000000000000000000000000000 000010000
MWMW02747180000000000000000000000000                 0000          0000000000000000000000000000000000000 000000000
MWMW02751180000000000000000000000000                 0000          00000000000000000000000000000000000001000000000
MWMW0277918022000020222002222222222200200000 200000 022200     16  0000000000000000000000000000000000000 000010000
MWMW02784182220002022222222222222222002022 0 02222  222200 816     10111110001000001100110000000011111101111111074
MWMW02853180200000000220020200002202 00 0      2   2222000         00001000000000000000000000000000000011010111010
MWMW028991802002000020000200220222000 0  0   0 0     22000         00000000000000000000001100000000000001011111011
MWMW029321800000000020000000000000002                22000         0000000000000000000000000000000000000 000000000
MWMW030261822002000020000200000022002 2              20200     16  0000000000000000000000110000000000  11110111011
MWMW03060180000000000000020000020000  0      0       02000         00000000000000000000000000000000000001100000000
MWMW0307118020000000220002200000200000 0       2     2220 1315     0000000000000000000000000000  0000000 010010000
NWNW300201802222000022000220000000000222      2      20000         00000000000000000010001100110011110001000010132
NWNW3004518                                                                                                0 00   
NWNW300531802000000020220200000020000 2              2220      172 0000000000000000000000000000000000  01010 1 000
NWNW30077180200000000000000000200000       0         0000          0000000000000000000000000000000000000 000010000
NWNW30081180000000000000020000000000  0              0000          0000000000000000000000000000000000000 000000000
NWNW30099180000000000000000000000000                 0000          00000000000000000000000000000000000 0 000000000
NWNW30113180000000000000000000000000                 0000          0000000000000000000000000000000000000 000000000
NWNW30121182200200002202020000002200202        0     22200     14  0000000000000000000000101100111111 111100111032
NWNW30149180000000002200020000000000202              0000          0000000000000000000000000000000000000 000000000
NWNW30154180220000000000000000000000                 20000         0000000000000000000000000000000000000 000000000
NWNW30182180000000000000000000000000                 0000          0000000000000000000000000000000000000 000000000
NWNW30205180000000000000000000000000                 0000          0000000000000000000000000000000000000 000000000
NWNW30218180000000000000000000000000                 0000          0000000000000000000000000000000000000 000000000
NWNW302261802200002020222202020020020 0 0      0    0222001016     00000000000000000000000000000000000101000010000
NWNW30244180000000000000020000000000  2              22000         0000000000000000000000000000000000000 000000000
NWNW30259180000000000000000000002000                 2020      18  0000000000000000000000000000000000000 010000000
NWNW30260180200000000000000000000000                 0000          0000000000000000000000000000000000000 000000000
NWNW30271180000000002200020000002000002              22002         0000000000000000000000000000000000000 010000000
NWNW30287180220000000020020002202002  0    0        0222021414     0000000000000000000000000000000000001 010 1 000
NWNW302931802200200020222222200000000 2000           0020      170 00000000000000000000000000000000001 0 100 1 000
NWNW30315180000000000000000000002000                 22000         0000000000000000000000000000000000000 000000000
NWNW30328180200000000000000000000000                 22000         00000000000000000000000000000000000 01000000000
NWNW303301802002000020222202200020000 2 22     0     22002         0000000000000000110011100000001111 101101111032
NWNW30356180200000000020002000000022   0         2  00020          00001000000000000000000000000000000001101111010
NWNW303631802000000020000200000020002 2        0     22202         0000000000000000000000001100110000000 000010022
NWNW30374182000000000220020002002000 02       22     22202         0000000000000000000000000000000000 001010 1 000
NWNW30389180000000000000000000200000       2         02000         0000000011000000000000000000000000000 000000011
NWNW30391180200000000000020000000000  0              0020      16  0000000000000000000000000000000000000 000000000
NWNW30409180200000000000020222000000  2 00           22200         0000000000000000000000000000110000000 000010011
NWNW30417182200000000222020002002220 02       0  00  20200     16  00000000000000000000000000000000000000010010000
NWNW30425180000000000000000000000000                 0000          0000000000000000000000000000000000000 000000000
NWNW30433180000000000000000000000000                 0000          0000000000000000000000000000000000000 000000000
NWNW30486180000000000200022222002000 02000     0   2 20202         00001000000000000000000000000000000011100111010
NWNW30494180000000000000000000000000                 0000          0000000000000000000000000000000000000 000000000
NWNW305021800000000020000000000020000                0000          00000000000000000000000000000000000001010000000
NWNW30523180000000000000000000002000                 22200         00000000000000000000000000000000000001000000000
NWNW30535180000000000000000000002000                 22202         00000000000000000000000000000000000001000000000
NWNW30547182222200002222022220002022200000     2 00 02220015172    00000000000000000000001000000000001111010100010
NWNW305511800000000020000200000020000 2              22000         00000000000000000000000000000000000001000000000
NWNW30568180200000002202220000002000002              20200     16  0000000000000000000010000000000000000 010000010
NWNW30579180000000000000000000000000                 0000          0000000000000000000000000000000000000 000000000
NWNW30584180000000000000000000000000                 0000          0000000000000000000000000000000000000 000000000
NWNW30603180000000000000020000000002  0             020000         0000000000000000000000000000000000000 000000000
NWNW30611180000000000000000000000000                 0000          0000000000000000000000000000000000000 000000000
NWNW30624182220000002220020000002222000        0 00 02020011170    00000000000000000000000000000000000 11000 1 000
NWNW30639180000000000000000000000000                 0000          0000000000000000000000000000000000000 000000000
NWNW30646180220000000000000000002000           2     0020      15  0000000000000000000000000000000000000 100000000
NWNW30652180200000000020220000022000  2      000     2220      15  00000000000000000000000000000000000101000010000
NWNW30678180000000000000000000000000                 0000          00000000000000000000000000000000000001010000000
NWNW30680180200000000202020000002000 02                            0000000000000000000000000000000000      0 1 000
NWNW30706180220200000000000000000000                 0000          0000000000000000000000110000000000000 000000011
NWNW30719180000000000000000000000000                 0000          0000000000000000000000000000000000000 000000000
NWNW30727180000000000000000000000000                 0000          0000000000000000000000000000000000000 000000000
NWNW307431802000000020000200000022022 2            0220202     15  0000000000000000000000000000000000000 010000000
NWNW30764180000000000000000000000000                 0000          0000000000000000000000000000000000000 000000000
NWNW30770180000000000000002000000000   0             0000          0000000000000000000000000000000000000 000000000
NWNW307881802000000020000200000020000 0              22200      9  00000000000000000000000000000000000001000010000
NWNW30808180000000000000000000000000                 0000          0000000000000000000000000000000000000 000000000
NWNW30816180000000000000000000000000                 0000          0000000000000000000000000000000000000 000000000
NWNW30829182220020000020022000022000  20     2       0000          0000000000000000000000000000000000000 000010000
NWNW3083418000000000220000000000000022               02000         00000000000000000000000000100000000011010111010
NWNW30873180000000000000000000000000                 0000          0000000000000000000000000000000000000 000000000
NWNW30885182200000000200022000002000 000             0020      14  0000000000000000000000000000000000000 000010000
NWNW30890180000000000000020000000000  0              0000          0000000000000000000000000000000000000 000000000
NWNW30901180000000000200000000000000 0               0000          0000000000000000000000000000000000000 000000000
NWNW30922180000000000000000000000000                 0000          0000000000000000000000000000000000000 000000000
NWNW30936180000000000002200000022000         2       0000          1100000000000000000000000000000000000 000000011
NWNW30948180000000000000000000000000                 0000          0000000000000000000000000000000000000 000000000
NWNW30950182200000000000000000000000                 0000          0000000000000000000000000000000000000 000000000
NWNW30969182200000000200020000000000 00              22000         00000000000000000000000000000000000001010000000
NWNW3099718                                                                                                0 00   
NWNW31005180200200000000020000000000  0            0 22200     16  0000000000000000000000100000000000000 000010010
NWNW31018180200000000000020222022200  2 00   022   0 22200     16  0000000000000000000000000000100000 0 1000 1 010
NWNW31026182002000000000020000020000  0      0       0000          0000000000000000000000000000000000000 000000000
NWNW310321822202000022222220220020000020 0    20     2220216172    11000000000000000000111000001111111 11111111043
NWNW31044180000000000020220000002000  0              02000         0000000000000000000000000000000000010 010 00000
NWNW31060180000000000000020000022000  2      00      0000          0000000000000000000000000000000000000 000000000
NWNW31071180000000000000000000000000                 0000          0000000000000000000000000000000000000 000000000
NWNW31087180000000000000000000000000                 0000          0000000000000000000000000000000000000 000000000
NWNW31106180200000000200020022000000 02  0           22200         0000000000000000000000000000000000000 000010000
NWNW31119180200000000000020000002000  0       0      20202     170 0000000000000000000000000000000000 000000000000
NWNW31127182220200000000000000002002                 2020 1518     00000000000000000000001000000000000001100000010
NWNW3113118                                                                                                0 00   
NWNW3114318                                                                                                0 00   
NWNW311551800000000020000200000000002 2              0000          0000000000000000000000000000000000000 000000000
NWNW31164180000000000002020000002000  0              20000         0000000000000000000000000000000000000 000010000
NWNW31170180020000000200000000000000 0               20000         0000000000000000000000000000000000000 000000000
NWNW31188180000000000000000000000000                 0000          0000000000000000000000000000000000000 000000000
NWNW31192180000000000200002000002200 2 2             2220216172    0000000000000000001000000010000000101 010100020
NWNW31212180000000000020220000002000  2              02000         0000000000000000000000000000000000001 000000000
NWNW31220180200000000000020000002000  2              22000         0000000000000000000000000000000000000 010010000
NWNW31245180000000000000000000000000                 0000          0000000000000000000000000000000000000 000000000
NWNW31253180200000002222020200022002002 0    000    022200         00000000000000000000000000000000000 01000010000
NWNW31277180000000000200020000000000 22              20000         0000000000000000000000000011000000000 000000011
NWNW31299180000000000000000000000000                 0000          0000000000000000000000000000000000000 000000000
NWNW31301180000000000000000000000000                 0000          0000000000000000000000000000000000000 000000000
NWNW313221800000000020000000000020002                0000          0000000000000000000000000000000000000 000000000
NWNW3133618000000000220000000000000000               0020 16172    0000000000000000000000000000000000000 000000000
NWNW31348180000000000000000000000000                 0000          0000000000000000000000000000000000000 000000000
NWNW31350182200000002200020000002000002       2      22000         00000000000000000000000000000000000001000010000
NWNW31369180200000002220020002022202000      200    022200         00000000000000000000000000000000000001000010000
NWNW31375180200000000200020000000202 0               2220 1115     0000000000000000000000000000000000  1 011111000
NWNW3139718000000000202000022200200 0   00           20200         0000000000000000000000000000000000 00 011 1 000
NWNW31403180000000000000000000000000                 0000          0000000000000000000000000000000000000 000000000
NWNW31424180000000002200020000002000022              22002         0000000000000000000000000010000000000 000000010
NWNW31439180000000000000000000002000                 22000         0000000000000000000000000000000000000 000000000
NWNW31446180000000000000000000000000                 0000          0000000000000000000000000000000000000 000000000
NWNW31467180000000000000020000002000  2              20000         0000000000000000000000000000000000000 000000000
NWNW31478182000000000000002000020000   0     0       0000          0000000000000000000000000000000000000 000010000
NWNW314801800000000020022002000000000   0            0000          0000000000000000000000000000000000000 000000000
NWNW31495180000000000000000000000000                 0000          0000000000000000000000000000000000000 000000000
NWNW32033180000000000000000000000000                 0000          0000000000000000000000000000000000000 000000000
NWNW32058180000000000000020000000000  2              0000          0000000000000000000000000000000000000 000000000
NWNW320611800000000020000200000000000 0       0      0000          0000000000000000000000000000000000001 000000000
NWNW32072180000000000000000000000000                 0000          0000000000000000000000000000000000000 000000000
NWNW32086180000000000000000000000000                 0000          0000000000000000000000000000000000000 000000000
NWNW320941802000000020000202200200000 2 00   02      22000         00000000000000000000000000000000000 0 000010000
NWNW32118180000000000000020000002000  0              22000         00000000000000000000000000000000000 01000000000
NWNW32144180000000000000000000000000                 0000          0000000000000000000000000000000000000 000000000
NWNW32160180000000000020000000000000                 0000          0000000000000000000000000000000000000 000000000
NWNW32171180000000000000000000000000                 20202     170 0000000000000000000000000000000000000 000000000
NWNW32200180000000000000000000000000                 0000          0000000000000000000000000000000000000 000000000
NWNW3221318                                                                                                0 00   
NWNW32249180000000000000000000000000                 0000          0000000000000000000000000000000000000 000000000
NWNW32265180200000000200022000000202 020      0     222200     172 0000000000000000000000000000000000000 000010000
NWNW32276180000000000000020000002000  0              20200         0000000000000000000000000000000000000 110 00000
NWNW32298180000000000000000000000000                 02000         0000000000000000000000000000000000000 000000000
NWNW32302180000000000000000000000000                 0000          0000000000000000000000000000000000000 000000000
NWNW32335180000000000000000000000000                 0000          0000000000000000000000000000000000000 000000000
NWNW32347180000000000000000000000000                 0000          0000000000000000000000000000000000000 000000000
NWNW32368180000000000000000000000000                 0000          0000000000000000000000000000000000000 000000000
NWNW32384180000000000202220000002000 02              20002         0000000000000000000000000000000000000 000000000
NWNW32412180000000000000000000000000                 20000         0000000000000000000000000000000000000 000000000
NWNW324381802000000020000200000000002 2              0000          0000000000000000000000000000000000001 100 00000
NWNW324451802200000020202202022220002 0 0  0 2       22002         00000000000000000000000000000000000111000111000
NWNW32453182220000000020022000000000  00             0022 17172   00000000000000000000000000000000000100 000000000
NWNW32466180000000000000000000000000                 0000          0000000000000000000000000000000000000 000000000
NWNW324811802200022020000220000222200 22     2  02   02200         11001100000000000010000000000011110 01000010132
NWNW325071820002000020222222222222000 2000 0 0000  0 2220 1718     00000000000000000000001100001100001 11011111022
NWNW32515182220000000200020022002000 00        0     222021315     0000000000000000  00000000000000000001000010000
NWNW32528180000000000000000000000000                 0000          0000000000000000000000000000000000000 000000000
NWNW32530180000000000000000000000000                 0000          0000000000000000000000000000000000000 000000000
NWNW32556180000000000000000000000000                 0000          0000000000000000000000000000000000000 000000000
NWNW32591180020200000000000000000000                 0000          0000000000000000000000100000000000000 000000010
NWNW326081802000000020000200000022002 0       2      20200     172 00000000000000000000000000000000000001000010000
NWNW32629182200000000000020000000000                 0000          0000000000000000000000000000000000000 000000000
NWNW32641180200000000000000000000000                 0000          0000000000000000000000000000000000000 000000000
NWNW326731822200000020020020000022000  0       0     0000          00000000000000000000000000000000000001000010000
NWNW32685180000000000000000000000000                               0000000000000000000000000000000000      0 00000
NWNW32701182220000000000022222002000  0000    22     2200          00000000000000000000000000000000001000000010000
NWNW327501800000000020000002200000002   00           2220 15172    0000000000000000000000000000000000000 010010000
NWNW32769180000000000000000000000000                 0000          0000000000000000000000000000000000000 000000000
NWNW32775180000000000000000000000000                 02000         0000000000000000000000000000000000000 000000000
NWNW32783180000000000000000000000000                 0000          0000000000000000000000000000000000000 000000000
NWNW32797180000000000000000000000000                 0000          0000000000000000000000000000000000000 000000000
NWNW32803180200000000002000000000000                 22000         0000000000000000000000000000000000000 000010000
NWNW32811180000000000000020000002002  0             02220016172    0000000000000000000000000000000000  01000 00000
NWNW32824180000000000000020000002000                 0000          0000000000000000000000000000  0000000 010000000
NWNW32839180220002000020222000002002  20       0    022200     15  00000000000000000000110000000000000000000010011
NWNW32846180000000000000000000000000                 0000          0000000000000000000000000000000000000 000000000
NWNW3286718                                                                                                0 00   
NWNW32878180000000000000000000000000                 0000          0000000000000000000000000000000000000 000000000
NWNW328951800000000020000200000000002 2              02000         00000000000000000000000000000000000011000000000
NWNW32906180000000000000000000000000                 0000          0000000000000000000000000000000000000 000000000
NWNW329191802000000020000220000020002 20       2     02200         00100000000000000000000000000000001001100111010
NWNW32943180200000002200020000002000202              22202     172 0000000000000000000000000000000000000 000000000
NWNW32955180000000000000000000000000                 0000          0000000000000000000000000000000000000 000000000
NWNW33006180000000000000000000000000                 0000          0000000000000000000000000000000000000 000000000
NWNW33027180000000000000000000000000                 0000          0000000000000000000000000000000000000 000000000
NWNW33031182000200000020220220002000  2 00     2     20202         0000000000000000000000100000000000 10 000 1 010
NWNW33043180000000000000000000000000                 0000          0000000000000000000000000000000000000 000000000
NWNW3306418                                                                                                0 00   
NWNW3307018                                                                                                0 00   
NWNW33107180000000000000000000000000                 02000         0000000000000000000000000000000000000 000000000
NWNW33115180000000000000000000000000                 0000          0000000000000000000000000000000000000 000000000
NWNW33468180000000000000000000000000                 0000          0000000000000000000000000000000000000 000000000
NWNW34489180000000000000020000000000  2              0000          0000000000000000000000000000000000000 000000000
NWNW345041800000000020000000000000000                0000          0000000000000000000000000000000000000 000000000
SOSO10034180000000000000020000000000  2              02000         0000000000000000000000000000000000000 000000000
SOSO10041182200000000022020020002000  2  0    00     22200     17  00000000000000000000000000001100000111011111011
SOSO10125180000000000000020000000000  0              0000          0000000000000000000000000000000000000 000000000
SOSO10133182000200002200022220000002220222          002002         00000000000000001111001100000011110 01000000133
SOSO10201180020000000000000020000000     0           02000         0000000000000000000000000000000000  01000 00000
SOSO102221800000000020000000000000020               002000         0000000000000000000000000000000000000 000000000
SOSO10236180202000000002220002022000  2      0       22200         0000000000000000000000000000110000 000000010011
SOSO10248182000000002220020000000000200              22200     16  0000000000000000000000000000000000010 000010000
SOSO10250180000000000000000000000000                 0000          0000000000000000000000000000000000000 000000000
SOSO10275182020000000002020220000000  2 22           0020      180 0000000000000000100000000000000000  01001 00010
SOSO103031800000000020000200000220000 0      0       22000         00000000000000000000000000000000000100000010000
SOSO103111800000000020220200000022002 2        0     22000         00000000000000000000000000000000000001000010000
SOSO10346180200000000020220020002000  2  0           22000         00000000000000000000000000001100000101000010011
SOSO103671802000000020200000000020000                22000         00000000000000000000000000000000000001010000000
SOSO103781800000000020000200020220000 2      0       0220          0000000000000000000000000000000000  01010 1 000
SOSO103951802000000020202000200020000    0           22200         00000000000000000000000000000000000110000000000
SOSO10400180000000000000000000000000                 0000          0000000000000000000000000000000000000 000000000
SOSO10413180000000000000020000000000  2              02000         0000000000000000000000000000000000000 000000000
SOSO10421180000000000000000000000000                 0000          0000000000000000000000000000000000000 000000000
SOSO10437180000000000000000000000000                 20002         00000000000000000000000000000000000001000000000
SOSO10449180000000000000000000000000                 0000          0000000000000000000000000000000000000 000000000
SOSO104541802000000020222202000220000 0 0    000     0020      15  0000000000000000000000000000000000 101101111000
SOSO10476180000000000000000000000000          0      22000         0000000000000000000000000000000000000 000000000
SOSO1049818                                                                                                0 00   
SOSO10519180000000000000000000000000                 02000         00000000000000000000000000000000000001000000000
SOSO10531180000000000000000000000000                 0000          00000000000000000000000000000000000001000000000
SOSO105431800000000020000200000222222 2      022 2  022200         11111000000000000000000000001011110 01010 1  42
SOSO10555180200000000000020000000000  2              22000         0000000000000000000000000000100000000 000010010
SOSO105701800000000020220000202020000    0 0  02   0 22000         00000000000000000000000000000000000000000010000
SOSO10592180000000000000000000000000                 02000         0000000000000000000000000000000000000 000000000
SOSO10607180000000000000000000000000                 0000          0000000000000000000000000000000000000 000000000
SOSO1061518                                                                                                0 00   
SOSO10628180000000000000020000000000  2              22000         0000000000000000000000000000000000000 000000000
SOSO1063018                                                                                                0 00   
SOSO10642180000000000200020000000002 00             020202         00000000000000000000000000000000000001000010000
SOSO10656180000000000000020000000000  0              22000         0000000000000000000000000000000000000 000000000
SOSO10674180000000000000020000000000  0              22200         0000000000000000000000000000000000 001000000000
SOSO10689180000000000000000000000000                 0000          0000000000000000000000000000000000000 000000000
SOSO10735182200000000222220222022000 02 00   002     22200     16  0011000000000000000010000000000000 101101111021
SOSO10784180000000000002000002000000                 0000          00000000000000000000000000000000000001000010000
SOSO10796180000000000000020000000000  0              0000          0000000000000000000000000000000000000 000000000
SOSO10804180000000000000000000000000                 0000          0000000000000000000000000000000000000 000000000
SOSO10838180000000000000020000002000  0        2     222001818     00110000000000000000000000000000000 01010 00011
SOSO10853180200000000020020000022002  0      020   2022000         0000100000000000000000000000000000010 000010010
SOSO10881180000000000000020000000000  0              0000          0000000000000000000000000000000000000 000000000
SOSO10905182000000000020020000002000  0              2200          00000000000000000000000000000000000000010010000
SOSO10918180000000000000020000002002  0        0    0202001619     0000000000000000000000000000000000000 100010000
SOSO10959180000000000000000000020000         02      0000          0000000000000000000000000000000000000 000000000
SOSO10993180000000000000000000000000                 0000          0000000000000000000000000000000000000 000000000
SOSO11001182020000000022220000002000  2              0000          0000000000000000000000000000000000000 000010000
SOSO110501820200000020222220200020200 20 0     0 00  0020          0000000000000000000000000000000000110 000 1 000
SOSO111021802000000020000200000020000 0        0     22000         0000000000000000000000000000000000 00 000010000
SOSO11123180200000000022220022022022  2  0   2 2 02 2222021718     11111000000000000000000000000011110111010111032
SOSO111351800000000020000200000020002 2              02000         0000000000000000000000000000000000000 000000000
SOSO11147180020000002200020000002200000        2   2 22200     18  0000100000000000000000000000000000  01001 1 010
SOSO1115118020000000220000000000000000               22000         0000000000000000000000000000000000000 100000000
SOSO111961802202000020222202002222002 2 2  0 2     0 22200     15  1100000000000000110011111100001111 101100111055
SOSO11208180000000000000000000000000                 0000          0000000000000000000000000000000000000 000000000
SOSO11216180000000000000000000000000                 20000         0000000000000000000000000000000000000 000000000
SOSO11229182000000000000000000000000                 02000         0000000000000000000000000000000000000 000000000
SOSO11234180020000000000000000002000                 22000         00000000000000000000000000000000000001010000000
SOSO11241182220000000000020000002000  0       2      22200         00000000000000000000000000000000000001000010000
SOSO11257180000000000000000000000000                 02000         0000000000000000000000000000000000000 000000000
SOSO11262180000000000000000000000000                 0000          0000000000000000000000000000000000000 000000000
SOSO11273180000000000000020000000000  0              02000         0000000000000000000000000000000000000 000000000
SOSO11290180000000000000000000000000                 0000          0000000000000000000000000000000000000 000000000
SOSO113051802002000020202200000220202 0      002 2   222001618     00111100000000000000001100000011110101000010133
SOSO11318180000000000000020000000000  0              0220          0000000000000000000000000000000000000 000000000
SOSO11326180020202202200020222002220002 00    22 2   222001319     10101000000000000000001000001010100011000010150
SOSO11344180200000000000020000000000  2              22202     172 0000000000000000000000000000110000000 000010011
SOSO11359182020000000022200000000000                 0000          0000000000000000000011000000000000010 001 1 011
SOSO11387180000000000000020000000000                 2200          0000000000000000000000000000  0000000 000000000
SOSO113931822000000020000200000220022 2      000    022200         0000000000000000000000000000000000 000100010000
SOSO114071822000000020000000000020000          0     02002         00000000000000000000000000000000000 01010 1 000
SOSO11415180000000000000020000000000  0              0000          0000000000000000000000000000000000000 000000000
SOSO11430180000000000000002000000000   2             0220      18  0000000000000000001000000000000000000 000000010
SOSO11442180000000000000000000000000                 02000         0000000000000000000000000000000000000 000000000
SOSO11474180000000000000000000000000                 0000          0000000000000000000000000000000000000 000000000
SOSO11491180200000000000020000002000  0              20002         00000000000000000000000000000000000001000010000
SOSO11504180200200000022220020002000  2  2    20     02200         0000000000000000110000100000000000 100000010021
SOSO11520180000000000022000000000000                 0000          0000000000000000000000000000000000000 000000000
SOSO11538180000000000000020000000000  0              02000         0000000000000000000000000000000000000 000000000
SOSO1155318                                                                                                0 00   
SOSO115771800000000020000000000020002         02     22000         00000000000000000000000000000000000001010000000
SOSO11581180000000000000000000000000                 20000         0000000000000000000000000000000000000 000000000
SOSO115991820200000020020000000020000          0     22202         0000000000000000000000000000000000000 000010000
SOSO11613180000000000000020000000000  2              2200          00000000000000000000000000000000000001000000000
SOSO11621180000000000000020000000000  0              0000          0000000000000000000000000000000000000 000000000
SOSO11637180000000000000020000000000  2              22000         0000000000000000000000000000000000000 000000000
SOSO11649180000000000000020000000000  2              0000          0000000000000000000000000000000000000 000000000
SOSO11654180000000000000020000000000                 2200          0000000000000000000000000000  0000000 000000000
SOSO11665180000000000000000000000000                 22200         0000000000000000000000000000000000000 000000000
SOSO1167618                                                                                                0 00   
SOSO11682180000000000000000000002000                 20200         0000000000000000000000000000000000000 000000000
SOSO11717182020000000000000000000000                 22000         00000000000000000000000000000000000000000000000
SOSO11758180000000000000022022020000  20 0   0       22200         0000000000000000000000000000110000000 000010011
SOSO117721802200000020200200000200000 0      2       22000         1100000000000000000000000000000000  01010 1 011
SOSO11786180000000000000000000000000                 0000          0000000000000000000000000000000000000 000000000
SOSO11794180000000000000022000002002  22       0    20020 17172    00000000000000000010000000000000000001000000010
SOSO11806180000000000000020000000000  0              0000          0000000000000000000000000000000000000 000000000
SOSO11819180000000000000000000000000                 0000          0000000000000000000000000000000000000 000000000
SOSO118701820202000020000000000020000                0000          00000000000000000000001000000000000 0 000000010
SOSO11888180000000000000020000000000  2              02002         0000000000000000000000000000000000000 000000000
SOSO11892182000000000000000000000000                 0000          0000000000000000000000000000000000000 000000000
SOSO11903180000000002200020220000000222 22           0000          00000000000000001000000000100000000 0 010 00020
SOSO1191118                                                                                                0 00   
SOSO11924180000000000000020000000000  0              0020          0000000000000000000000000000000000000 000000000
SOSO1193918020020000222020000002200020       000     22000         00000000000000000000001100000000000101000010011
SOSO11946180000000000000000000000000                 0000          0000000000000000000000000000000000000 000000000
SOSO11952180000000000000000000000000                 0000          0000000000000000000000000000000000000 000000000
SOSO11967180000000000000020000000000  0              0200          0000000000000000000000000000000000000 000000000
SOSO11978180220200002220220000000000222              22002         0000000000000000000000110011111111 10 100 00133
SOSO119801802000000020202200000020000 0              22200         0000000000000000000000000000000000 101010100000
SOSO119951800000000020000000000000002         0      0000          00000000000000000000000000000000000001000000000
SOSO12013180200000000000000000000000               0 22002         00000000000000000000000000000000000001000000000
SOSO120371800000000020000200000000002 2              02002         00000000000000000000000000000000000 01000000000
SOSO12054180020000002202020000022000202      20      02000         0000000000000000000000000000110000 001100 1 011
SOSO12076180000000000000020000000000  0              02002         0000000000000000000000000000000000 00 000000000
SOSO12082180000000000000000000000000                 0000          0000000000000000000000000000000000000 000000000
SOSO12098180000000000000000000002000                 2200          0000000000000000000000000000000000  11010100000
SOSO1211418                                                                                                0 00   
SOSO1212218000000000222220000000000020               22000         00000000000000000000000000000000000 11001100000
SOSO12150180000000000000000000000000                 0000          0000000000000000000000000000000000000 000000000
SOSO12169182200000002220020000022202000      002    022200     16  0000000000000000000000000000000000 000000010000
SOSO12175180000000000000000000000000                 22202         0000000000000000000000000000000000000 000000000
SOSO12197180000000000000020000002002  0              2220      172 0000000000000000000000000000000000000 000000000
SOSO12209180000000000000000000000000                 0000          0000000000000000000000000000000000000 000000000
SOSO12217180000000000000000000000000                 0000          0000000000000000000000000000000000000 000000000
SOSO12225180200000000000000000000000                 22002         0000000000000000000000000000000000000 000000000
SOSO12240180200000000000000200002000    0            22000         00000000000000000000000000000000000001000010000
SOSO12261180000000000000000000000000                 20002         00000000000000000000000000000000000 0 000000000
SOSO12272180000000000000020000000000                 0000          0000000000000000000000000000  00000001010000000
SOSO122941800000000020202200020020002 0        0   0 22000         00000000000000000000000000000000000 01000010000
SOSO12306180200000000000020000002000                 2200          0000000000000000000000000000  0000000 010010000
SOSO12319180000000000000000000000000                 0000          0000000000000000000000000000000000000 000000000
SOSO12327182220000002222022222222222000000 0 000000  2220 1213     00000000000000000000000000000000000 11010111000
SOSO12331180000000000000000000000000                 0000          0000000000000000000000000000000000000 000000000
SOSO12343180000000000020000000000000                 0020          0000000000000000000000000000000000000 000000000
SOSO12355180000000000000020000000000  0              0020      16  0000000000000000000000000000000000000 000000000
SOSO12364180000000000000000000000000                 0000          0000000000000000000000000000000000000 000000000
SOSO12370180000000000000000000000000                 0000          0000000000000000000000000000000000000 000000000
SOSO12392180000000000000020000000000  0              0000          0000000000000000000000000000000000000 000000000
SOSO12416180000000000000022000000000  22             0020 17172    0000000000000000001100000000000000100 000000011
SOSO12434180000000000222220002222020 00    2 200 00  222021416     0000000010000000000000000000000000 101000 1 010
SOSO1244118                                                                                                0 00   
SOSO12473182200000000022020022022220  2  0   00  2   22200         0000100000000000000000000000110000 111110111021
SOSO12490180200000002200020000022000220      2       2020      170 1100000000000000000000000000000000 001010 1 011
SOSO12503182000000000002000000000000                 0000          00000000000000000000000000000000000011000010000
SOSO12524180000000000000022000000000   2             2220      172 0000000000000000001000000000  0000000 000000010
SOSO12539180000000000000020000000000  2              0200          0000000000000000000000000000000000000 000000000
SOSO12552180000000000000020000000000  0              0000          0000000000000000000000000000000000000 000000000
SOSO12567180000000000000000000000000                 0000          0000000000000000000000000000000000000 000000000
SOSO12580180000000000000020000000000                 0000          0000000000000000000000000000000000000 000000000
SOSO12595180000000000000000000000000                 0000          0000000000000000000000000000000000000 000000000
SWSW2001018000000000220000000000000020               22000         00000000000000000000000000000000000001000000000
SWSW20035182220000000000000000002000                 0000          0000000000000000000000000000000000000 000000000
SWSW20051180000000000000020000002002  0              2220 16170    0000000000000000000000000000000000 001100 00000
SWSW2006818220000000220000000000200000         0   2 0220          0000110000000000000000000000000000 011010111011
SWSW2007918                                                                                                0 00   
SWSW20096180200000002222220222002000222 22     2     02202         0010000000000000110000000011001111  11110111032
SWSW20103180200000000000020000002002  2        2     0200          00110000000000000000000000000000000001110100011
SWSW20111180000000000000000000000000                 0000          0000000000000000000000000000000000000 000000000
SWSW20146180200000000000020222202000  2 00 0         02200         0000000000000000000000000000000000 00 000010000
SWSW201521800000000020000200000000000 0              0020      15  00000000000000000000000000000000000 1 000 00000
SWSW20178180000000000000000000000002                 2200          0000000000000000000000000000000000000 000000000
SWSW201801802202000020220222220222220 0000   202 02 02220213170    00111000000000000000001000000011111001011111031
SWSW20195180000000000000000000000000                 0000          0000000000000000000000000000000000000 000000000
SWSW202281800000000020000200000000000 2              22000         00000000000000000000000000000000000 11011100000
SWSW2023018                                                                                                0 00   
SWSW20242180000000000000020000002000  0              02000         0000000000000000000000000000000000000 000000000
SWSW20274180000000000000000000000000                 0000          0000000000000000000000000000000000000 000000000
SWSW20309180002200000002220000002002  2             00000          0000000000000000000000100000000000000 000000010
SWSW20340180000000000000020000002002  0        0    022000         0000000000000000000000000000000000000 000010000
SWSW20361182000000000000022200022200  200    0       02220        20000000000000000000000000000000000100 110111000
SWSW20372182200000002200020222222002002 00 0 0     0020200     15  00000000000000000000000000001000000001010010010
SWSW2041918                                                                                                0 00   
SWSW20427180220000000200022222002202 00000    00     2020 1316     00000000000000000000000000000000000000001010000
SWSW20431180220000002200020002002202000             0222201618    20000000000000000000000000000000000 011010111000
SWSW20443180000000000202020000002220 02        0 2   222021318     0000110000000000000000000000000000 001000010011
SWSW20464180000000000000000000000000                 0000          0000000000000000000000000000000000000 000000000
SWSW20488180000000000000020000000000  2              0000          0000000000000000000000000000000000000 000000000
SWSW20500180220000000000020000002200  0       20     222001315     0000000000000000000000000000000000000 000010000
SWSW20513180200000000020020220022000  0 00   00      2220      15  0000000000000000000000000000000000000 100010000
SWSW205821802000000020200200000020000 0        0     22000         00000000000000000000000000000000000111000111000
SWSW20598180000000000000000000000000                 0000          0000000000000000000000000000000000000 000000000
SWSW206141822200000020222200000000002 2              22000         00000000000000000000000000000000000 01000000000
SWSW20622180000000000000000000000000                 20000         0000000000000000000000000000000000000 000000000
SWSW20636180000000000000000002000000                 0200          00000000000000000000000000000000000001000000000
SWSW20650180200002220200022022002222 0 0 0    22002  2020 1318     10101000001000000000000000000010101 01110111040
SWSW20669180200200000020020220002000  0 00     0     22200         0000000000000000000000100000000000000 000010010
SWSW2069718                                                                                                0 00   
SWSW20708180020000002222020002002000002        0     0000          0000000000000000000000000000000000001 010 1 000
SWSW20716180000000002222020000000000002              2220 1516     0000000000000000000000000000000000000 010010000
SWSW2072918                                                                                                0 00   
SWSW207411802000000020000000000000000                0020      12  0000000000000000000000000000000000000 000010000
SWSW207571802000000020000000000000002                0000          0000000000000000000000000000000000000 000000000
SWSW20762182000200000020220000000000  2              02222     170000000000000000000000001100000000000001000000011
SWSW20773180000000000000020000000000  2              22200     170 0000000000000000000000000000000000000 000000000
SWSW207901800000000020000000000000002                0000          0000000000000000000000000000000000000 000000000
SWSW20818182220000202222222222022222222022   2 0 2  02220015172    11001000000000001100110010101111111111111111074
SWSW208261822220200020220222200022000 2200           0020      172 0000000000000000001000000000000000110 110100010
SWSW20859180220002022222222222222220002002 0 00022   2020016172    00001111001000001000000000000011111001010111042
SWSW208601822000000020000200000000002 2              20000         0000000000000000000000000000000000000 010000000
SWSW20887182220000000200020000002002 00        0    022200     170 00000000000000000000000000000000000001010010000
SWSW208931820200000020000200000000002 0              20000         00000000000000000000000000000000000001000010000
SWSW209041800000000020000200222202200 2  2 022   2   0000          11001100000011001100000000000011110001011111044
SWSW209201820000000020000202000020000 2 0     0      22002         00000000000000000000000000000000000 0 100 1 000
SWSW20938182000000000022200002002000           0     0000          00000000000000000000000000000000000 01 00 1 000
SWSW20945182000000002200020000002202000       20     2220 1117     0000000000000000000000000000000000 001101111000
SWSW20953182200000000000020220202200  2 00 0  2 2  0 0020          00000011000000000000000000001000000001000010021
SWSW20966180200000002200020000022000020      000   0 22200         00000000000000000000000000000000000001010010000
SWSW2098118222000000220000000200002000           00  20000         0000000000000000000000000000000000001 000010000
SWSW21007180200000002222220000002202202        0   022220216172    0000000000000000000000000000000000  01111111000
SWSW210151800000000020200200000020000 0        0     0200          0000000000000000000000000000000000000 000010000
SWSW21028180200000000000020000002000  0        0     22200         00000000000000000000000000000000000001000000000
SWSW21042180200200002200022220022002002000   00    0022220     11 20000000000000000000000100000000000100 101111010
SWSW21074180200200002220222220022202202022   2 2   2222202 9172    11111100000000001100111110001011111111111111086
SWSW21089180000000000000000000000000                 0000          0000000000000000000000000000000000000 010000000
SWSW2115718000000000220000000000200000               22200         0000000000000000000000000000000000 00 010 00000
SWSW2116218000000000220002000000020000          0    2020      18  0000000000000000000000000000000000 00 000000000
SWSW21185180000000000000000000000002                022000         0000000000000000000000000000000000000 000000000
SWSW21190182200000000000000000000000                 2020      170 00000000000000000000000000000000000 0 000000000
SWSW21202182020200002220222222202220002002 0  0  00  02000         00000000000000001000001000000000000101010111020
SWSW21210182200000000000000000000000          2      22200         10000000000000000000000000000000000001000010010
SWSW21247182020200000200000000022000 0       0       22000         0000000000000000000000100000000000000 010010010
SWSW21251180000000000000000000002000                 0000          0000000000000000000000000000000000000 000000000
SWSW2126818000000000220002020000220200  0     20     2200          11000000000000000000000000000000000000000010011
SWSW212841802000000020000200000020002 2              22002         0000000000000000000000000000000000000 000010000
SWSW2129618200000000220000000000000222              00220212172    00000000000000000000000000000000000001000010000
SWSW21304182220000000002020000020000  0      00      0200          00000000000000000000000000000000000011000010000
SWSW21312182200200002202220000022200222      20      22200         0000000000000000000000100000000000  01111100010
SWSW213451822202222222222220000022222222       2 2  222202 918     00111100001000000011111100110011111101110111076
SWSW21353180200220022222222220002002222222    2     022000         11000000001100001111001100100011111 01000 1  65
SWSW21366180000000000000000000000000                 0000          0000000000000000000000000000000000000 000000000
SWSW21377180000000000000000000002200           0     22000         00000000000000000000000000000000000001000000000
SWSW213811800000000020000200000022002 2              0020          0000000000000000000000000000000000 001000000000
SWSW21401182000000000020000000000000                 0000          0000000000000000000000000000000000000 000010000
SWSW21436180220000000002020020022000  0  0   0       02200     15  00000000000000000000000000000000000001000010000
SWSW21448182200200000220022002022000 000     0       20200         00000000000000000000001000000000000001001010010
SWSW2145018                                                                                                0 00   
SWSW214691822222000020200220020220222 02     0   00 022200         00000000000000000010001000000000001001000010020
SWSW21483180000000000000000000000000                 0000          0000000000000000000000000000000000000 000000000
SWSW21526180000000000000020000002000  0              20000         0000000000000000000000000000000000000 000000000
SWSW21532180000000000000000000000000                 0020          0000000000000000000000000000000000000 000000000
SWSW21544180000000000000020000002200  2       2      20000         00000000000000000000000000000000000011010100000
SWSW21559180000000000000000000000000                 0000          0000000000000000000000000000000000000 000000000
SWSW215711800000000020000000000000000                0000          0000000000000000000000000000000000000 000000000
SWSW21587180000000000000000000000000                 0000          0000000000000000000000000000000000000 000000000
SWSW21606180200200000000020000002000  2              0000          00000000000000000000001100000000000001000000011
SWSW216191802000000020022200020020000 0              22200         0000000000000000000000000000000000 00 000010000
SWSW21627180000000000000000000000000                 0000          00000000000000000000000000000000000001010000000
SWSW216431800000000020000000000000002                0000          0000000000000000000000000000000000000 000000000
SWSW21655180000000000200020202022222 0  2 0  002 00  2220 15172    0010000000000000110000000000000000 011011111021
SWSW216881802000000020220200000000000 2              22000         0000000000000000000000000000000000 10 010 1 000
SWSW21724180000000000000000000000000                 0000          0000000000000000000000000000000000000 000000000
SWSW2173918                                                                                                0 00   
SWSW217461822000000020222220200020022 00 0     0    0222001318     00000000000000000000000011000000001101010111011
SWSW217521802202000022000220022020000022   0  0      22000         0000000000000000001100110000000000100 101111022
SWSW21778180200200002200020000002000000       00     22200         00000000000000000000001000000000000001010010010
SWSW217801800000000020000200000000000 2              02000         0000000000000000000000000000000000000 000000000
SWSW218001800000000020020200000000002 2              0000          00000000000000000000000000000000000001110100000
SWSW21837180000000002200020000002000220              0000          0000000000000000000000000010000000000 000000010
SWSW21898180200000000000020000000000  0              02000         0000000000000000000000000000000000000 000000000
SWSW21909180000020000000000000022000         0       2020 1819     00000000000000000000000000000000000011000000000
SWSW21917180000000000200020000000002 00             00000          0000000000000000000000000000000000000 000010000
SWSW21933180220200002200020200002000222 0      0     20200         0000000000000000000000110000000000  11001100011
SWSW21961182220000002222020000022020000      0   2   2220          00001000000000000000000000000000000001000010010
SWSW219861800000000020000000000000002                0000          0000000000000000000000000000000000000 000000000
SWSW220191800000000020000000000000002                0000          0000000000000000000000000000000000000 000000000
SWSW220311800000000020000200000022002 0        0   0 22000         00000000000000000000000000000000000000000000000
SWSW220431800000000020000200000000002 0              0000          0000000000000000000000000000000000000 000000000
SWSW22070182200000000222222200002002 0 22      2     2220 1218     00110000000000001010000000000011111101010111031
SWSW22128180000000000022000000000002                022200     160 0000000000000000000000000000000000000 000000000
SWSW22142182200200000020020000002000  2              22202         0000000000000000000000100000000000 101001100010
SWSW22189180200200002202020000000000022            2 20000         00001000000000000000001100110011110001010010132
SWSW221911802002000020222222200020022  000     0   2 2220          00001100000000000000111100000011111 01111111033
SWSW22211180200200000200020000002000 20        0     0020          0000000000000000000000100000000000000 000000010
SWSW222241800000000020000200000000000 0              22000         0000000000000000000000000000000000000 000000000
SWSW222461802000000020000200000000020 0             022000         0000000000000000000000000000000000000 000000000
SWSW222521800000000020000000000020000                20000         00000000000000000000000000000000000101000000000
SWSW22267182200000000002020222002222  2 00    0022  022200     16  0000101000000000000000000000000000  11111111020
SWSW22295182220000000002220020002000  2  0           22202         0000000000000000000011000000110000001 010 1 022
SWSW223001802202002220000222022222220 222  2 022 2  2222021518     00111100101100001110001100000011111 11110111075
SWSW223131822000000020000200000020000 0              22000         0000000000000000000000000000000000 00 000010000
SWSW22349180020200000000020000000000  2              22000         00000000000000000000001000001100000000010010021
SWSW22376182200000000000000202002000    0 0   00     0000          00000000000000000000000000000000000001000010000
SWSW22382180000000000000000000000000                 02000         0000000000000000000000000000000000000 000000000
SWSW22398180000000000020220000000002  0             22020017172    0000000000000000000000000000000000 00 000000000
SWSW22402180000000000000020000000000  0              0000          0000000000000000000000000000000000000 000000000
SWSW224101800000000020000200000000002 0              22000         0000000000000000000000000000000000 00 000000000
SWSW22447182200000002222020000022000002      000     22200         0000000000000000000000000000110000000 010010011
SWSW22451180000000000000020000002000  2              0000          00000000000000000000000000000000000 01000000000
SWSW22468180020000000000022020002002  00 2          0222001416     0000000000000000100000000000000000100 000010010
SWSW22479180200200000000000000000000                 02200     18  0000000000000000000000110000000000 001000000011
SWSW22484182000000000000000000000000                 0000          0000000000000000000000000000000000000 000000000
SWSW225091802000220020000220000022020 00            0222001214     00000000000000000000000000000000000001000010000
SWSW225171800000000020000000000000000                0000          0000000000000000000000000000000000000 000000000
SWSW22525182020000002200020002000000222              20200         0000000000000000000000000010000000000 000010010
SWSW225331822002000020000200000220000 2      0 0     0020          00000000000000000000001100001000000001100010021
SWSW22558180000000000002220000000000  0       0      02200         0000000000000000000010000000000000000 010010010
SWSW22561182220000000020020000000000  0       0    2 202001218     0000100000000000000000000000000000  0 000 1 010
SWSW225861822202022020020222220222020 2000   020    0222021216     11000000000000000000001000001111110 11010111032
SWSW22594180020000000000000000002020             00  0000          0000000000000000000000000000000000 00 000010000
SWSW22605180000000000000000000000000                 0020          0000000000000000000000000000000000000 000000000
SWSW226261802000000020000200000020000 2        0     22200         0000000000000000000000000000000000 001010 1 000
SWSW226441822002000020000002000000002   2            22000         0000000000000000110000110000000000000 000000022
SWSW22659182000000000000020000000000  2              0000          0000000000000000000000000000000000000 000000000
SWSW226711802000000020200200220020000 2  2     0     0000          00000000000000001000000000000000000001010010010
SWSW22704180220000002222020220022022200 00   000 00 022202     172 0000000000000000000000001100000000 001100 1 011
SWSW22712180000000000000000000000000                 0000          0000000000000000000000000000000000000 000000000
SWSW22720180000000000000000000000000                 0000          0000000000000000000000000000000000000 000000000
SWSW22745180000000000000000000002000                 0000          0000000000000000000000000000000000000 000000000
SWSW227531820200002020000220000020200 00      00 00  222001215     00000000000000000000000000000000000101000010000
SWSW22766180000000000000000000002000                 22000         0000000000000000000000000000000000000 000000000
SWSW22781182202200002222222220022200022000   0000  0 2222014172   200000000000000000000001100110000001 01100111022
SWSW22799180200000000200022200000200 0202     0    2 20200     16  00001000000000001100000000000000000001010010021
SWSW22801180000000000000000000000000                 22000         00000000000000000000000000000000000001000000000
SWSW228501800000000020000002000000000   0            22000         00000000000000000000000000000000000001100010000
SWSW22869180000000000202000000000000 0               20000         0000000000000000000000000000000000000 000000000
SWSW22875180000000002200020000000000022              22200     13  0000000000000000000000000000000000000 000000000
SWSW228971802002000020020200000020002 0        0     22202         00000000000000000000001100000000000001000010011
SWSW2293418000000000220000002000200220   0    00    222200     15  00000000000000000000000000000000000011000010000
SWSW22957180000000000000000000000000                 0000          0000000000000000000000000000000000000 000000000
SWSW22962180000000000000000000000000                 20202     13  00000000000000000000000000000000000001000000000
SWSW22973180000000000000000000000000                 0000          0000000000000000000000000000000000001 000000000
SWSW22985180200000000000000000000000                 0000          00000000000000000000000000000000000001000000000
SWSW22990180200000000000020000000000  2       0      0020          0000000000000000000000000000000000 001010 1 000
SWSW23029180000000000000000000000000                 02000         0000000000000000000000000000000000000 000000000
SWSW230341800000000020000000000020000         0      2200          00000000000000000000000000000000000001000010000
SWSW230411802002000020200200000022000 2       22     20000         00110000000000000000001000001011110 01010 1  31
SWSW23062180200200002200020002002000222              20000         0000000000000000000000110000000000 00 000000011
SWSW2307318222020020222202002000220200   2           2220 1316     00000000000000001000001100000000000111000111021
SWSW23085180000000000000020000020000  2      2       02000         11000000000000000000000000000000000 1 000 00011
SWSW23090180000000002200020200002000000 0            02200         0000000000000000000000000000000000000 000000000
SWSW23109182200200000000000000000000                 02200     172 0000000000000000000000110000000000  01000 00011
SWSW23125180000000000000020000020000  2      0       22200         00000000000000000000000000000000000001000000000
SWSW23133180200000000222200000002000 0               0020          00000000000000000000000000000000000 1 010 1 000
SWSW23140180000000000000000000000000                 0000          0000000000000000000000000000000000000 000000000
SWSW23158180000000000200000000002000 0               22000         0000000000000000000000000000000000000 000000000
SWSW23172182020200000022220000002002  2       2     00000          00000000000000000000001100000000000001000000011
SWSW23194182200000002220020000002000202              0000          0000000000000000000000000000000000 10 101100000
SWSW2320118                                                                                                0 00   
SWSW23269180000000000000000000000000                 02200     16  0000000000000000000000000000000000000 000000000
SWSW233031820002000020022200020000000 0              0000          0000000000000000000011100000000000000 000010021
SWSW23339180000000000000000000000000                 20000         0000000000000000000000000000000000000 000000000
SWSW233461802002000020022222200222022 2022   0 2   002020216172    00110000000000001000111100000011111 01011111043
SWSW23367182220000000022220020022000  0  0   000     2220015170    00000000000000000000000000000000000001000010000
SWSW23395180000000000000000000000000                 02000         0000000000000000000000000000000000000 000000000
SWSW234001800000000020000200000020002 2              22000         0000000000000000000000000000000000  0 010 00000
SWSW23413180200000000000000000002000                 22000         00000000000000000000000000000000000001000000000
SWSW23437180200000000000020000002000  2              22000         00000000000000000000000000000000000001000000000
SWSW23449180200200000000020000020000  0      0       02200         00000000000000000000001100000000000001000000011
SWSW23454180000000000000000000000000                 0000          0000000000000000000000000000000000000 000000000
SWSW234651802202000020222202200022000 2 02    20     22000         00000000000000001100111100000011110 01000010133
SWSW23476182202200000000000000002002                00000          00000000000000000000001000000000000 01000000010
SWSW23482180220220020200022200020220 2002    0  02   20200     16  00001000001000001100001100100011111001000010152
SWSW234981800000000020000202000220000 2 0    2       02000         1100000000000000000000000000000000 001100 00011
SWSW23519180000000000000020000000000  2              0000          0000000000000000000000000000000000000 000000000
SWSW23531180200200000000022000002002  00       0    02220012170    0000000000000000000000100000000000000 000010010
SWSW235431802002000020020200000020000 0        2     22000         0011000000000000000000110000000000 011010111022
SWSW23555180000000000002200000000000                 0000          0000000000000000000011000000000000000 000000011
SWSW235641802000000020000220000000002 02             0020 16172    0000000000000000001000000000000000000 000000010
SWSW23588180000000000000000000002000                 22000         00000000000000000000000000000000000001000000000
SWSW23630180200000000000020000002000  0              02000         0000000000000000000000000000000000001 000000000
SWSW236421822000000020202200200000022    2           2220      172 00000000000000001000110000000000000001010000021
SWSW23663180200000000000000000002000                 2220017172    0000000000000000000000000000000000 00 000000000
SWSW2368918                                                                                                0 00   
SWSW23691182020200000000020000002000  2              02000         00000000000000000000001000000000000001000000010
SWSW23702180000000000000020000000000  0              22200     18  0000000000000000000000000000000000 00 000000000
SWSW23710180000000000022220000002000  2              22000         0000000000000000000000000000000000010 000010000
SWSW237351822202000022200220000000000020             02000         0000000000000000000000100000000000010 010 1 010
SWSW237471802000000020200200000020000 0              2020012172    0000000000000000000000000000000000000 000010000
SWSW237511800000000020000200000000000 0              20000         0000000000000000000000000000000000000 000000000
SWSW237681800000000020000200000000020 0             022200     13  00000000000000000000000000000000000001000010000
SWSW23804180200000000000000000000002                002000         00000000000000000000000000000000000001000000000
SWSW23812180000000000000000000000000                 0020          0000000000000000000000000000000000000 000000000
SWSW23820182220000002222022222020002022000   2       2222  818    210000000000000000000000000100000000101000010020
SWSW238381800000000020000000000000000                0000          0000000000000000000000000000000000000 000000000
SWSW23845180000000000000000000000000                 2220015172    0000000000000000000000000000000000000 000000000
