EAEA4001514135 5 4 1 52 
EAEA400561413 3 4 4 1  2
EAEA401291423 2 2 2 1  2
EAEA4015714235 2 4 1 33 
EAEA401851435 2 2 2 1  1
EAEA4024714133 4 4 1 43 
EAEA4025114232 5 3 1 25 
EAEA4030414352 2 2 1 41 
EAEA403121412 4 4 4 2  1
EAEA403531412 3 3 1 1  1
EAEA403991413 4 2 3 2  3
EAEA404011424 4 2 4 2  3
EAEA404221423 3 4 3 2  2
EAEA404361412 3 3 1 1  1
EAEA4045014143 4 3 0  2 
EAEA4050514244 3 3 1 34 
EAEA405261423 5 5 5 5  3
EAEA405931413 1 2 3 3  2
EAEA406431413 4 5 4 1  3
EAEA406551413 3 4 4 2  3
EAEA4066414124 5 4 1 53 
EAEA407241411 2 3 2 1  2
EAEA407391413 4 4 4 2  4
EAEA407521423 4 3 4 1  5
EAEA407671423 3 3 4 4  4
EAEA407801423 4 4 4 4  5
EAEA4082114232 3 4 1 41 
EAEA408651422 4 5 4 3  3
EAEA408761423 4 4 4 3  4
EAEA4091714244 5 3 1 43 
EAEA409251414 3 5 4 3  4
EAEA4095814222 5 2 1 63 
EAEA4099414123 4 3 1 51 
EAEA4100214234 5 4 1 43 
EAEA4101014134 3 5 1 43 
EAEA4104714135 4 2 1 31 
EAEA4107914334 5 4 1 44 
EAEA4108414123 4 2 1 43 
EAEA410961412 3 3 4 2  3
EAEA411031412 2 3 4 1  1
EAEA411111412 2 4 3 2  2
EAEA411241413 4 4 4 4  5
EAEA4115214133 3 1 1 51 
EAEA4116714244 5 4 1 55 
EAEA411781412 4 2 4 1  3
EAEA411951412 2 4 3 1  2
EAEA4120714443 3 5 1 23 
EAEA4121514122 3 4 1 42 
EAEA4124214233 2 3 1 64 
EAEA412741442 1 2 2 3  2
EAEA412891412 4 4 4 4  4
EAEA4131714223 4 3 1 41 
EAEA413251413 1 3 2 1  2
EAEA413331413 4 4 4 2  4
EAEA4134014133 3 3 1 61 
EAEA4136114233 3 4 1 23 
EAEA413721413 3 3 2 2  3
EAEA413861422 3 3 3 1  3
EAEA4139414234 4 5 1 23 
EAEA4141914132 3 3 1 43 
EAEA4142714122 3 3 1 51 
EAEA414431413 4 4 2 2  4
EAEA4301114232 3 3 1 54 
EAEA430241413 3 3 3 3  3
EAEA4305214235 4 3 1 54 
EAEA430671423 3 2 2 2  5
EAEA4307814244 5 5 1 55 
EAEA4309514233 4 4 1 33 
EAEA431041423 3 4 3 1  4
EAEA4311214132 2 2 1 52 
EAEA4313814233 5 5 1 43 
EAEA431451423 3 4 3 2  3
EAEA431531413 4 4 3 2  3
EAEA431661413 1 1 3 4  3
EAEA431771413 4 3 4 2  3
EAEA431811433 3 4 2 3  3
EAEA432551413 4 5 1 1  3
EAEA432641423 4 4 3 1  3
EAEA432701413 4 4 3 4  4
EAEA432921413 4 4 4 3  5
EAEA4333414235 4 4 1 63 
EAEA434261413 3 4 2 2  3
EAEA434591422 5 4 4 3  3
EAEA435221413 3 5 4 2  3
EAEA4354814142 3 4 1 34 
EAEA435691434 3 4 5 3  4
EAEA435831414 3 3 1 2  3
EAEA435971413 4 4 4 4  3
EAEA4362314322 2 2 1 42 
EAEA436351424 3 3 3 2  3
EAEA4365114222 2 2 1 63 
EAEA4368414133 4 4 1 33 
EAEA437151413 3 5 4 3  3
EAEA437301413 4 2 3 2  3
EAEA437421413 4 5 4 2  5
EAEA4375614333 4 3 1 13 
EAEA4377414123 3 3 1 42 
EAEA437891413 2 2 2 3  3
EAEA4380914132 2 2 1 33 
EAEA4381714234 5 4 1 43 
EAEA4384014112 3 4 1 13 
EAEA438581413 4 4 4 4  3
EAEA4386114342 5 5 1 34 
EAEA4387214124 4 3 1 53 
EAEA438861413 1 4 4 3  3
EAEA4391314134 3 4 1 25 
EAEA4392114121 5 3 1 53 
EAEA439371413 5 4 4 4  4
EAEA4396514233 5 3 1 44 
EAEA439761413 4 3 4 3  4
EAEA4398214122 4 4 1 14 
EAEA440171423 4 4 4 1  4
EAEA4403314133 2 3 1 33 
EAEA4404014342 3 4 1 14 
EAEA440581433 4 5 4 2  2
EAEA4407214122 3 2 1 41 
EAEA440941413 2 2 1 1  1
EAEA4412614234 5 4 1 15 
EAEA4414414133 4 4 1 15 
EAEA4417114224 5 4 1 34 
EAEA441931413 4 4 4 4  3
EAEA442371413 3 3 2 2   
EAEA4424914323 5 3 1 41 
EAEA442541423 2 4 3 1  2
EAEA4426514134 4 4 1 33 
EAEA442821414 1 5 5 1  1
EAEA442981413 1 2 2 2  1
EAEA4430214134 4 3 1 42 
EAEA443101412  3 3 1 54 
EAEA4435114134 5 5 1 33 
EAEA443681413 4 2 2 1  1
EAEA443791423 4 5 5 2  5
EAEA4439614134 4 4 1 44 
EAEA444121423 4 2 3 1  4
EAEA444531413 3 4 3 3  2
EAEA444811413 4 3 1 2  3
EAEA445151414 4 3 3 3  3
EAEA445281413 4 4 4 2  4
EAEA450341424   4   1   
EAEA450411413 4 4 4 3  3
EAEA4506214234 5 5 1 43 
EAEA450851423 2 4 3 2  3
EAEA4513314132 4 2 1 52 
EAEA4515814234 2 2 1 54 
EAEA451861423 3 4 1 1  3
EAEA4519414144 5 5 1 54 
EAEA452361413 4 3 4 3  5
EAEA4524814122 3 3 1 42 
EAEA452691413 2 3 3 1  3
EAEA452751413           
EAEA452831413 1 1 1 1  1
EAEA453031423 2 2 2 1  3
EAEA4531114144 2 4 1 44 
EAEA4532414232 4 4 1 44 
EAEA4534614133 2 3 1 51 
EAEA453521422 1 4 2 2  3
EAEA4539514141 5 4 1 53 
EAEA4540014313 5 3 1 31 
EAEA4543714112 2 2 1 44 
EAEA4545414334 4 4 1 34 
EAEA454761423 4 3 3 3  3
EAEA454981413 3 4 4 4  4
EAEA4550614134 3 4 1 34 
EAEA4552714451 5 5 1 23 
EAEA4553114134 4 3 1 43 
EAEA4557014124 3 3 1 62 
EAEA455881412 3 3 2 1  2
EAEA456071413 4 4 4 3  4
EAEA4562814455 5 3 1 24 
EAEA4563014232 4 3 1 52 
EAEA4564214134 3 2 1 34 
EAEA4566314242 4 4 1 14 
EAEA4567414152 2 2 1 44 
EAEA456891424 4 3 2 2  4
EAEA457021434           
EAEA457351413 4 4 4 4  3
EAEA4574714133 2 3 1 43 
EAEA4575114132 5 2 1 44 
EAEA458041414 4 4 2 2  1
EAEA458121413 2 3 4 3  3
EAEA4584514233 5 3 1 44 
EAEA4586614133 5 4 1 31 
EAEA458991413 4 4 5 3  3
EAEA4591814142 2 2 1 24 
EAEA459321413 2   2 1  2
EAEA459871413 3 1 1 2  1
MWMW0013614254 5 5 1 44 
MWMW0014814242 5 3 1 54 
MWMW0016914241 5 3 1 33 
MWMW0017514134 3 5 1 44 
MWMW0018314233 5 3 1 53 
MWMW002171413 3 4 3 4  5
MWMW002581413 4 4 4 2  3
MWMW0027214345 4 5 1 44 
MWMW002861423 2 3 3 2  2
MWMW0030614245 5 4 1 14 
MWMW003311423 3 4 3 2  3
MWMW003551412 2 5 2 3  4
MWMW0036414243 3 4 1 33 
MWMW003701424 5 5 5 1  5
MWMW003881423 1 4 5 3  3
MWMW0039214222 5 3 1 43 
MWMW004161413 4 4 4 1  4
MWMW0042914134 5 5 1 43 
MWMW004571412 4 4 5 3  5
MWMW0046214245 2 4 1 44 
MWMW005031414 1 3 3 1  1
MWMW0051114344 4 3 1 53 
MWMW0052414234 4 4 1 45 
MWMW0053914134 5 4 1 23 
MWMW0054614243 5 3 1 53 
MWMW0055214122 2 2 1 52 
MWMW005801413 5 5 5 2  4
MWMW0059514243 5 3 1 43 
MWMW0061214235 4 5 1 43 
MWMW006381413 4 4 4 2  3
MWMW006451413 4 5 4 4  5
MWMW006531423           
MWMW0069914124 3 3 1 42 
MWMW007181423 2 1 2 1  3
MWMW0074414113 4 3 1 42 
MWMW0077114145 5 5 1 35 
MWMW008071423 4 4 4 2  2
MWMW0082814135 5 4 1 24 
MWMW008301414 4 4 2 2  4
MWMW008561423 2 4 3 2  1
MWMW008631412 1 4 1 2  1
MWMW0087414122 2 3 1 43 
MWMW0089114134 3 3 1 43 
MWMW009681413           
MWMW009791413 4 4 4 2  4
MWMW010091422 4 4 4 2  3
MWMW010401413 4 4 4 2  1
MWMW0106114232 5 5 1 41 
MWMW010941413 4 3 2 1  3
MWMW0110514334 5 3 1 44 
MWMW0112614332 3 4 1 32 
MWMW011711423 2 3 2 2  2
MWMW0119314355 5 4 1 43 
MWMW0120014132 5 4 1 34 
MWMW0127614222 4 2 1 44 
MWMW013021413 4 4 5 4  4
MWMW013351422 4 4 5 3  4
MWMW013471413 4 3 4 3  3
MWMW0152814245 5 3 1 15 
MWMW015421423 4 3 2 2  1
MWMW015911423 4 3 2 1  5
MWMW016081412 2 5 3 2  4
MWMW016291414 4 5 4 3  4
MWMW016341422 2 4 4 2  3
MWMW0167314132 5 5 1 42 
MWMW0168514234 4 4 1 25 
MWMW016901413 4 3 4 3  2
MWMW017361424 3 4 2 1  3
MWMW017501423 4 3 3 1  1
MWMW0177514134 4 4 1 53 
MWMW0182414225 3 5 1 43 
MWMW018461414 4 5 4 3  4
MWMW018521422 3 3 2 2  1
MWMW0186714322 3 2 1 52 
MWMW0189514133 3 3 1 33 
MWMW0190614244 3 3 0  4 
MWMW0194314134 4 5 1 34 
MWMW019701431 4 4 3 2  3
MWMW0198814122 4 3 1 42 
MWMW0199214233 4 3 1 33 
MWMW020081413 4 2 2 2  3
MWMW020161423 4 4 4 4  3
MWMW0205714133 4 3 1 34 
MWMW0207314231 2 2 1 43 
MWMW0209014233 2 2 1 41 
MWMW0211714145 4 5 1 35 
MWMW021251423 4 3 2 1  3
MWMW0215814232 2 2 1 42 
MWMW021721424 4 4 3 2  3
MWMW0222214133 4 4 1 51 
MWMW0223614234 3 5 1 23 
MWMW0224814225 3 2 1 34 
MWMW0226914135 3 5 1 34 
MWMW0227514114 3 3 1 45 
MWMW0228314234 3 3 1 53 
MWMW0231114232 2 2 0  2 
MWMW0236714132 4 4 1 53 
MWMW023781413 3 4 3 2  2
MWMW023801413 2 2 3 1  3
MWMW024001413 4 4 4 3  4
MWMW024651412 3 3 3 2  2
MWMW024761413 3 4 2 3  3
MWMW024821413 4 4 4 3  4
MWMW025311413 4 4 2 1  2
MWMW025431413 4 4 5 4  3
MWMW0257014131 4 1 0  3 
MWMW0259214135 3 4 1 33 
MWMW0261514234 5 4 1 34 
MWMW026741423 2 3 3 1  1
MWMW0268914233 3 2 1 44 
MWMW027021413 2 4 2 2  1
MWMW0272314235 5 5 1 15 
MWMW0275114133 2 3 1 52 
MWMW0276814332 4 4 1 44 
MWMW027791423 3 4 3 2  3
MWMW027841423 4 4 3 4  3
MWMW027961413 2 2 2 1  4
MWMW0280414235 5 4 1 14 
MWMW028121413 2 3 2 2  3
MWMW0284514132 4 2 1 44 
MWMW0285314233 4 5 1 24 
MWMW028771414 3 4 3 2  2
MWMW028811413 4 5 2 2  5
MWMW0289914233 5 3 1 53 
MWMW0290514123 5 3 1 44 
MWMW0292614124 3 3 1 34 
MWMW0293214133 4 3 1 51 
MWMW0295914233 3 3 1 31 
MWMW0296014122 5 2 1 34 
MWMW029711423 4 3 4 2  3
MWMW029871413 4 3 3 2  2
MWMW029931423 2 4 2 2  1
MWMW030051435           
MWMW030261424 4 3 3 4  3
MWMW030321412 1 3 1 1  2
MWMW0304414135 5 3 1 24 
MWMW0306014131 3 4 1 33 
MWMW0307114235 5 4 1 35 
MWMW0309314244 3 4 1 33 
MWMW031191423           
MWMW031271412 2 4 3 2  4
MWMW031311433 4 3 2 3  3
MWMW031551411 5 3 3 1  3
MWMW031701423 3 2 2 1  2
MWMW0319214235 5 5 1 34 
MWMW0320414131 2 4 1 43 
MWMW0321214144 3 4 1 33 
MWMW032201411 2 3 4 3  5
MWMW032451412 2 1 2 1  1
MWMW032531413 1 3 3 1  2
NWNW300201413 4 4 3 2  3
NWNW3005314344 4 4 1 33 
NWNW300661412 2 2 2 1  1
NWNW3007714144 5 4 1 43 
NWNW3009914243 4 3 1 33 
NWNW301371423 1 3 1 2  3
NWNW3014914133 4 3 1 33 
NWNW301541413 2 4 3 1  2
NWNW3017614233 3 1 1 43 
NWNW3018214243 4 4 1 42 
NWNW302051421 3         
NWNW3021814124 4 3 1 31 
NWNW302261413 4 4 4 2  4
NWNW3023214133 2 4 1 13 
NWNW3024414233 4 3 1 63 
NWNW3025914145 5 5 1 13 
NWNW3026014132 5 5 1 24 
NWNW302871423 4 4 5 4  4
NWNW302931413 2 3 1 1  1
NWNW3032814134 3 3 1 44 
NWNW303301413 2 4 3 2  3
NWNW303631422 3 3 3 2  2
NWNW303741422           
NWNW3039114232 3 3 1 43 
NWNW304091423 4 3 3 1  3
NWNW304251413 5 5 5 4  5
NWNW3043314233 2 2 1 53 
NWNW304581422 3 4 3 2  3
NWNW3046114245 5 5 1 34 
NWNW304861413 3   4 1  2
NWNW304941423 2 2 2 1  3
NWNW3050214124 5 3 1 53 
NWNW305351413 4 4 3 2  3
NWNW3054714233 4 3 1 42 
NWNW3055114453 2 2 0  3 
NWNW305791411 4 4 4 3  5
NWNW305841413 4 4 4 3  4
NWNW305961423 4 3 3 1  1
NWNW306031413 4 4 4 4  5
NWNW306111413 3 3 2 3  3
NWNW3063914134 1 2 1 63 
NWNW306461412 3 3 4 1  3
NWNW306521413 2 3 4 2  4
NWNW306671413 4 3 3 3  3
NWNW306781423 3 3 2 1  3
NWNW3068014232     1 43 
NWNW3071914234 3 3 1 43 
NWNW3072714132 5 4 1 53 
NWNW307311423 2 2 2 2  2
NWNW3074314123 5 4 1 43 
NWNW3076414122 4 3 1 53 
NWNW307701413 3 4 5 4  4
NWNW308081413 4 4 5 3  3
NWNW3081614235 3 4 1 43 
NWNW308291413 2 3 4 3  3
NWNW308341414 1 4 1 1  3
NWNW308731413 1 2 1 1  1
NWNW308851445           
NWNW3092214124 2 2 1 32 
NWNW3093614135 3 5 1 33 
NWNW3094814133 4 5 1 51 
NWNW3095014141 3 5 1 33 
NWNW3096914233 5 3 1 32 
NWNW3099714233 5 3 1 43 
NWNW3100514224 5 3 1 44 
NWNW310181424 4 3 4 3  3
NWNW310321412 4 5 5 3  5
NWNW3104414234 4 3 1 43 
NWNW3106014133 5 5 1 53 
NWNW3107114144 5 3 1 53 
NWNW310871412 2 4 2 3  2
NWNW3110614224 4 4 1 44 
NWNW311191421 4 3 3 2  3
NWNW311271422 3 4 2 2  3
NWNW3113114233 4 4 1 44 
NWNW3115514134 5 4 1 55 
NWNW311641412 2 4 3 2  3
NWNW311701413 3 4 4 1  3
NWNW312041413 4 4 4 3  4
NWNW3121214344 3 4 1 34 
NWNW312201413 3 4 4 3  4
NWNW312451412 1 3 2 1  2
NWNW312531412 1 4 1 2  2
NWNW3127714235 5 4 1 24 
NWNW3128114222   2 1 42 
NWNW3129914233 3 4 1 33 
NWNW3130114233 5 4 1 33 
NWNW3133614144     1 34 
NWNW3135014243 5 3 1 43 
NWNW3136914111 4 3 1 43 
NWNW313751423 4 3 4 3  4
NWNW313971423 4 4 4 2  3
NWNW314031413 2 4 2 4  3
NWNW3142414224 4 4 1 45 
NWNW314391423 1 2 1 2  3
NWNW3144614244 4 4 1 33 
NWNW314671413 4 3 1 1  3
NWNW314781413 5 4 4 4  5
NWNW3148014124 4 4 1 34 
NWNW320331413 3 3 3 3  3
NWNW3205814144 4 4 1 34 
NWNW320611415 4 3 3 1  3
NWNW320721412 4 5 4 4  3
NWNW320861413 4 4 4 3  5
NWNW3209414223 2 4 0  3 
NWNW3214414242 5 5 1 34 
NWNW321591413 2 3 5 2  3
NWNW3216014233 4 3 1 43 
NWNW3217114244 3 4 1 43 
NWNW3219314454 5 4 1 34 
NWNW322131413 1 4 4 3  4
NWNW322211423 4 4 3 3  4
NWNW322491422 3 4 4 1  3
NWNW322651425 4 4 1 1  3
NWNW322761413 5 4 4 4  5
NWNW3229814134 3 2 0  3 
NWNW323021413 1 2 1 2  1
NWNW3233514134 4 4 1 33 
NWNW323471423 4 4 3 3  3
NWNW323681413 4 3 4 2  1
NWNW323791423 2 4 4 2  4
NWNW3238414234 4 3 1 63 
NWNW3241214244 2 3 1 33 
NWNW324201413 1 3 3 1  2
NWNW3243814234 4 3 1 53 
NWNW324451413 4 4 4 1  4
NWNW3246614234 4 4 1 34 
NWNW324811414 2 4 3 1  4
NWNW325071445 4 4 3 2  5
NWNW3253014243 3 3 1 52 
NWNW3255614144 4 3 1 45 
NWNW3262914124 4 4 1 52 
NWNW326341432 4 5 4 2  2
NWNW3264114233 4 3 1 33 
NWNW326621413 4 4 2 1  3
NWNW326731412 2 1 1 1  4
NWNW3268514134 4 3 1 43 
NWNW327011413 4 5 4 3  5
NWNW327361423 3 4 4 3  3
NWNW327501423 4 4 5 3  4
NWNW3276914234 5 3 1 53 
NWNW3277514255 5 3 1 55 
NWNW3279714144 2 5 1 44 
NWNW3280314234 4 4 1 43 
NWNW328111423 4 3 4 3  3
NWNW328241424 4 2 3 1  4
NWNW328391413 4 4 4 2  4
NWNW3284614242        4 
NWNW3286714245 5 5 1 34 
NWNW328781422 4 4 3 2  4
NWNW328951424 1 3 1 1  2
NWNW329061424 4 1 2 2  2
NWNW329191424 4 3 4 3  3
NWNW3292714134 5 4 1 25 
NWNW3294314133 3 3 1 52 
NWNW329641414 4 2 3 2  3
NWNW329701423 4 4 2 3  3
NWNW330271421 4 4 3 3  4
NWNW330311413 2 3 2 1  2
NWNW330431413 4 3 3 2  3
NWNW3305514245 5 3 1 54 
NWNW3306414244 5 5 1 44 
NWNW3308814133 3 4 1 43 
NWNW3310714331 5 1 0  1 
NWNW331151412 4 3 5 3  3
NWNW331281413 3 3 3 3  3
NWNW3313014232 3 4 1 34 
NWNW334511423 4 2 2 2  1
NWNW3346814235 4 4 1 35 
NWNW3448914134 5 5 1 45 
NWNW3450414125          
SOSO1003414232 2 3 1 63 
SOSO1004114352 5 2 1 32 
SOSO1011714135 5 5 1 14 
SOSO1013314134 4 4 1 43 
SOSO1014014242 2 2 1 35 
SOSO101581415 5 5 3 3  5
SOSO1018614122 2 3 0  1 
SOSO1019414233 2 2 1 43 
SOSO102011413 3 4 4 3  3
SOSO1022214332        3 
SOSO102361413 1 2 1 1  2
SOSO102481413 4 4 1 3  3
SOSO1026914224 5 4 1 33 
SOSO102751414 4 4 4 3  3
SOSO1030314234 4 4 1 43 
SOSO1031114233 4 3 1 43 
SOSO1032414135 4 3 1 52 
SOSO103781423 4 3 3 3  3
SOSO103951413 4 4 4 3  3
SOSO104001423 3 3 3 2  3
SOSO1041314132 2 3 1 42 
SOSO1042114234 3 3 1 43 
SOSO104371413      1 34 
SOSO1044914133 3 3 1 43 
SOSO1045414233 5 5 1 55 
SOSO104651413 3 4 2 1  4
SOSO1047614233 3 3 1 43 
SOSO1049814132 2 2 1 43 
SOSO1050614231 3 3 1 34 
SOSO1051914134 4 3 1 53 
SOSO105271413 4 4 4 2  3
SOSO1053114121 4 1 1 51 
SOSO105431415           
SOSO105701413 4 4 3 3  4
SOSO1058814342 4 3 1 33 
SOSO105921423 4 4 4 3  3
SOSO106281422 4 3 4 4  1
SOSO1063014233 4 3 1 43 
SOSO1065614154 2 3 1 35 
SOSO1067414244 5 5 1 22 
SOSO1068914134 3 3 1 53 
SOSO1072314343 4 4 1 24 
SOSO107351434 4 4 5 3  4
SOSO107681423 3 3 4 3  3
SOSO107791433 2 3 2 2  3
SOSO107841413 3 4 4 2  3
SOSO107961423 4 4 2 2  3
SOSO1080414135 4 4 1 34 
SOSO1083814133 3 3 1 43 
SOSO1084514233 4 4 1 53 
SOSO108531413 3 4 4 1  3
SOSO1088114124 4 3 1 64 
SOSO108991423 4 3 3 2  3
SOSO1090514134 3 3 1 33 
SOSO109181413 3 3 1 3  3
SOSO1092614232 4 2 1 33 
SOSO109591414 4 4 5 3  4
SOSO109601413 4 4 4 4  3
SOSO1099314131 5 4 1 54 
SOSO110011415 4 3 2 1  1
SOSO1105014113 4 2 1 33 
SOSO111021413 1 4 4 2  3
SOSO111101412 4 4 4 2  3
SOSO1113514335 5 5 1 44 
SOSO111471433 2 4 3 2  1
SOSO1115114345 5 3 1 31 
SOSO111961423 3 3 3 3  3
SOSO1120814244 5 3 1 43 
SOSO112161423 4 4 4 3  2
SOSO1122914255 4 5 1 35 
SOSO112341413 3 4 3 2  3
SOSO1124114244 3 3 1 44 
SOSO1125714241 5 3 1 62 
SOSO112621423 4 5 4 3  3
SOSO1127314134 5 4 1 34 
SOSO112901423 3 3 4 4  3
SOSO1130514232 4 4 1 44 
SOSO113181413 2 4 3 2  3
SOSO113261413 4 3 3 2  3
SOSO113321413 3 3 3 3  3
SOSO113441434 4 4 3 4  4
SOSO113591413 4 4 4 3  3
SOSO1138714234 4 3 1 33 
SOSO113931412 3 3 2 1  3
SOSO1140714123 2 4 1 32 
SOSO114301414 4 4 3 3  4
SOSO114421423 4 4 3 3  3
SOSO114631414 4 5 5 3  4
SOSO1147414135 5 5 1 33 
SOSO1150414233 4 5 1 35 
SOSO115381411 1 1 2 2  1
SOSO115531423 3 3 3 1  2
SOSO1158114331 3 3 1 11 
SOSO115991424 4 3 3 2  3
SOSO116001423 4 4 3 1  2
SOSO116131423 4 2 4 2  4
SOSO1162114243 3 3 1 43 
SOSO1163714132 4 3 1 53 
SOSO1164914134 3 4 1 55 
SOSO116541423 4 4 4 4  3
SOSO1166514133 2 3 1 43 
SOSO116761422 3 3 1 1  1
SOSO116821424 4 5 4 2  3
SOSO117171414 4 4 5 3  4
SOSO1173314233 2 2 1 33 
SOSO1175814134 4 4 1 44 
SOSO1177214245 5 3 1 53 
SOSO1178614124 4 4 1 43 
SOSO117941413 4 4 2 1  4
SOSO1181914222 2 2 1 43 
SOSO1186414454 4 5 1 54 
SOSO1188814132 4 4 1 43 
SOSO1189214132 2 2    3 
SOSO1190314355 5 5 1 23 
SOSO1191114232 3 3 1 43 
SOSO119241434 3 4 3 2  3
SOSO1194614134 4 4 1 54 
SOSO119521413 4 4 4 4  5
SOSO119671423 4 4 2 4  3
SOSO1197814123 3 3 1 53 
SOSO1198014121 5 3 1 52 
SOSO1199514234 4 4 1 43 
SOSO1201314244 5 5 1 44 
SOSO120211423 3 2 2 2  3
SOSO1203714222 3 3 1 63 
SOSO120491423 4 2 3 3  1
SOSO1205414132 2 4 1 43 
SOSO120651413 3 5 5 2  3
SOSO120761413 4 4 4 2  3
SOSO1208214143 4 4 1 43 
SOSO120981414 3 4 3 1  3
SOSO121141413 4 3 4 3  4
SOSO1212214212 5 3 1 53 
SOSO121501423 3 3 2 3  3
SOSO1216914143 4 3 1 43 
SOSO121751414 4 3 3 2  3
SOSO121831422 3 4 4 3  3
SOSO121971413 4 4 4 2  4
SOSO1220914154 5      5 
SOSO1222514222 3 3 1 53 
SOSO1224014133 2 2 1 43 
SOSO1227214234 5 4 1 25 
SOSO1228614244 3 3 1 51 
SOSO1230614334 5 4 1 33 
SOSO1231914243 5 4 1 33 
SOSO123271424 3 3 4 3  3
SOSO1233114134 3 3 1 53 
SOSO1236414133 3 3 1 43 
SOSO123701412 2 4 2 3  2
SOSO1239214125 4 4 1 54 
SOSO124341423 3 4 3 2  3
SOSO124411423 3 2 1 1  3
SOSO124571413 4 4 3 2  3
SOSO124621413           
SOSO124731432 4 4 4 1  3
SOSO1250314135 5 5 1 53 
SOSO1251114232 2 2 1 33 
SOSO125241412 4 5 4 2  3
SOSO1253914133 3 3 0  2 
SOSO125461423 4 3 3 3  3
SOSO1255214144 4 4 1 54 
SOSO1256714133 4 3 1 53 
SOSO1257814234 3 4 1 44 
SOSO1258014333 4 2 1 43 
SOSO125951432 2 3 1 3  2
SWSW2001014144 5 3 1 43 
SWSW2003514232 5 3 1 34 
SWSW200511411 2 4 2 2  1
SWSW2006814223 4 2 0  3 
SWSW2007914242 4 4 0  3 
SWSW200841412 2 3 1 3  3
SWSW2009614332 2 2 1 42 
SWSW2010314134 5 4 1 61 
SWSW2011114134 5 3 1 53 
SWSW201391413 3 4 2 1  1
SWSW201461422 2 3 2 1  3
SWSW201671413 4 4 4 3  5
SWSW2018014341 5 4 1 44 
SWSW2019514133 4 4 1 53 
SWSW202301412 4 4 4 4  2
SWSW202421414 4 4 3 1  3
SWSW2026314344 3 3 0  3 
SWSW2027414224 5 4 1 24 
SWSW202891423 2 4 3 3  3
SWSW2029114122 3 4 1 53 
SWSW2030914155 2 2 1 53 
SWSW2032514122          
SWSW203331413 3 2 3 1  3
SWSW203581414 4 4 5 4  5
SWSW203941433 4 4 4 4  4
SWSW204061413 2 4 3 4  3
SWSW2041914143 5 5 1 34 
SWSW204271424 2 4 3 1  4
SWSW204311414 4 4 4 3  3
SWSW2044314144 3 4 1 44 
SWSW204551423 4 2 2 1  4
SWSW2046414132 4 4 1 33 
SWSW204921412 1 3 1 1  1
SWSW2050014134 5 5 1 15 
SWSW2052114135 5 3 1 53 
SWSW2054914232 3 4 1 34 
SWSW2058214122 3 3 1 43 
SWSW2059814235 4 3 1 33 
SWSW206141414 3 3 3 3  3
SWSW206221414 2 2 1 2  3
SWSW206501413 3 3 2 1  3
SWSW2069714134 5 5 1 44 
SWSW2070814244 5 3 1 33 
SWSW2071614141 4 3 1 53 
SWSW2074114134 4 5 1 44 
SWSW2075714124 4 4 1 43 
SWSW2076214432 5 4 1 43 
SWSW207731423 3 2 2 1  3
SWSW2079014244 5 5 1 15 
SWSW208051423 3 4 2 1  2
SWSW208181423 2 1 1 3  3
SWSW2082614222 3 3 0  2 
SWSW208321413 2 5 5 1  1
SWSW208441423 2 3 3 1  2
SWSW208591413 3 4 1 2  3
SWSW2089314144 4 5 1 33 
SWSW209201413 4 3 4 2  3
SWSW2093814234 4 4 1 35 
SWSW209451413 4 4 4 2  3
SWSW2095314245 5 4 1 45 
SWSW209661424 4 4 4 3  4
SWSW209811411 4 4 4 1  3
SWSW210151423 4 4 4 1  3
SWSW2102814233 4 4 1 34 
SWSW210301421 4 4 3 4  4
SWSW210421413 3 4 4 3  3
SWSW210741413 1 3 2 1  1
SWSW2109114133 3 3 1 33 
SWSW2116214234 4 4 1 43 
SWSW2118514133 5 3 1 32 
SWSW212021412 4 4 4 2  4
SWSW2124714232 3 3 1 33 
SWSW2125114124 4 3 1 42 
SWSW2130414144 4 4 1 54 
SWSW213531413 3 4 4 2  5
SWSW2136614144 4 4 1 33 
SWSW213771423           
SWSW213811413 2 3 3 1  3
SWSW214011413 4 4 4 2  4
SWSW214221421 4 2 4 1  3
SWSW2143614124 5 4 1 34 
SWSW214501413 3 4 2 3   
SWSW2146914134 4        
SWSW2148314133 3 4 1 44 
SWSW2152614242 4 4 1 23 
SWSW2153214134 4 4 1 54 
SWSW2154414211 3 3 1 42 
SWSW215591422 4 3 3 4  3
SWSW2157114123 3 3 1 33 
SWSW2158714121 2 2 1 51 
SWSW216061413 3 3 2 2  1
SWSW216191422 2 2 2 2  3
SWSW216271412 2 3 4 2  3
SWSW2164314232 3 2 1 53 
SWSW2165514133 3 3 1 42 
SWSW216701413 4 4 4 1  3
SWSW2168814422 3 4 1 61 
SWSW2173914343 5 4 1 62 
SWSW217521413 3 4 4 2  2
SWSW217951424 3 3 4 2  4
SWSW2180014235 5 5 1 35 
SWSW218981413 1 2 2 2  2
SWSW219091413 4 4 4 4  3
SWSW2191714224 4 3 1 43 
SWSW219251413 2 4 2 1  1
SWSW2193314135 5 3 1 52 
SWSW2198614123 3 3 1 55 
SWSW2201914314 3 2 0  2 
SWSW2203114232 5 3 1 53 
SWSW2214214132 4 4 1 31 
SWSW2218914241 4 5 1 43 
SWSW221911423 2 4 3 3  3
SWSW2222414132   3 1 54 
SWSW222521435 2 4 4 2  3
SWSW222671423 2 3 4 2  2
SWSW222801423 4 4 4 2  1
SWSW222951423 4 3 2 3  4
SWSW2231314255 5 5 1 45 
SWSW223981413 4 3 3 1  5
SWSW2240214133 5 5 1 53 
SWSW2241014134 5 5 1 34 
SWSW2245114233 2 4 1 24 
SWSW224681423 4 4 4 4  4
SWSW2248414134 5 4 1 44 
SWSW225171413 2 2 1 1  1
SWSW225331413 4 4 5 4  4
SWSW225581411 4 2 4 1  2
SWSW225941413 4 4 4 3  3
SWSW2260514235 5 5 1 45 
SWSW226591412 2 2 5 2  2
SWSW227121413 2 4 4 4  5
SWSW2272014244 5 4 1 33 
SWSW2276614143 5 2 1 42 
SWSW2278114135 5 3 1 55 
SWSW228501433 4 4 3 4  4
SWSW2286914345 4 4 1 15 
SWSW2287514214 5 3 1 23 
SWSW228831423 4 4 3 3  2
SWSW228971423 4 4 4 4  3
SWSW229291412 1 4 4 1  1
SWSW229571413 2 2 2 1  3
SWSW229731412 2 3 1 2  1
SWSW2299014243 4 4 1 53 
SWSW230081413 3 3 2 2  3
SWSW230161423 2 3 2 2  3
SWSW2302914144 5 5 1 13 
SWSW230411413 4 4 5 3  4
SWSW230571413 4 4 4 4  4
SWSW230621422 3 3 4 3  3
SWSW2308514135 5 1 1 53 
SWSW2309014134 5 4 1 53 
SWSW2310914223 5 4 1 52 
SWSW231251424 4 4 4 1  5
SWSW2313314234 4 3 1 24 
SWSW2314014145 5 5 1 35 
SWSW2317214333 2 3 1 12 
SWSW2326914134 4 4 1 54 
SWSW2330314135   4 1 23 
SWSW2333914233 5 5 1 63 
SWSW233461413 1 4 5 3  3
SWSW233521423 4 4 4 2  2
SWSW233801423 1 4 4 2  2
SWSW2340014232 5 5 1 33 
SWSW2341314233 3 4 1 24 
SWSW234371423 1 3 2 1  3
SWSW2345414235 5 5 1 2  
SWSW2347614234 5 3 1 34 
SWSW234821423 3 4 1 2  4
SWSW234981413 5 3 1 1  3
SWSW235191424 5 5 2 2  4
SWSW235271413 4 4 3 5  2
SWSW235431423 2 5 4 3  4
SWSW235551413 1 4 3 1  3
SWSW235641422 4 5 5 3  3
SWSW2360714132 4 4 1 51 
SWSW236301413 4 4 4 4  5
SWSW2366314132        3 
SWSW2368914332 4 3 1 23 
SWSW237021423 3 4 4 4  4
SWSW2371014132 5 5 1 23 
SWSW2373514341 5 4 1 14 
SWSW2375114132 4 3 1 53 
SWSW2376814235 5 5 1 33 
SWSW237961413 4 4 4 3  5
SWSW238121424 4 4 4 3  3
SWSW2383814245 5 4 1 25 
SWSW238451422 3 3 4 3  4
