EAEA4001518242720191619 7 8 3 9 612170
EAEA4005618223224291620 710 3141016203
EAEA401081822341824242111 8 612 616202
EAEA4012918222518141821 3 6 211 611157
EAEA4014118212518221918 8 8 310 712171
EAEA4015718212821202521 6 5 4 91012182
EAEA4018518221414192224 3 8 411 613160
EAEA402351820181821131611 6 4 7 614154
EAEA4024718202119201519 9 8 611 515168
EAEA4025118192826262620 9 9 615 815207
EAEA403041822342827212213 9 717 917226
EAEA4031218222318162024 5 4 5 7 210156
EAEA4035318202620221519 9 8 213 512171
EAEA4039918222528172121 9 8 414 612187
EAEA40414182224242418141310 720 916201
EAEA4042218192217181615 5 6 511 614154
EAEA4043618142022 61017 310 2 8 216130
EAEA4045018222216171823 610 2 4 513158
EAEA4047518172019151318 3 7 4121014152
EAEA4049718222416151619 6 6 510 610155
EAEA405051819282820241911 9 3131016200
EAEA4051818232620212322 8 8 312 712185
EAEA4052618222621171621 3 4 3 61018167
EAEA4056018182122171618 6 7 211 713158
EAEA406311820232317151511 5 316 6 7161
EAEA4064318232422192118 710 512 814183
EAEA4065518192828192212 4 6 514 814179
EAEA406641824241921192110 4 310 6 7168
EAEA4069218192418181921 7 6 3131014172
EAEA4072418192621171915 610 3 8 912165
EAEA4073918212626221821 4 7 816 914192
EAEA4074618222520231721 6 6 611 416177
EAEA4075218  252120221713 7 7101010172
EAEA4076718222623232623 510 6 8 810190
EAEA4077818123030281811 510 2 81014178
EAEA4078018222317161617 6 8 2 7 610150
EAEA4082118223230263025 7 6 6121012218
EAEA4084918221818171522 9 7 2 9 813160
EAEA4086518182319172117 9 7 617 816178
EAEA4087618162119151517 3 4 313 710143
EAEA40882182311 9 6 621 6 2 2 4 3 5 98
EAEA409091816172012 623 5 5 2 4 413127
EAEA409171823242518192312 8 4111014191
EAEA4092518232119172321 8 6 410 8 9169
EAEA4095818222526272623 310 4 9 918202
EAEA4097218192325211213 7 4 2191012167
EAEA4098618222921232325 9 8 612 7 9194
EAEA4099418172922242324 3 8 516 813192
EAEA41010182125262227221510 214 913206
EAEA41047182323212821141010 516 9 9189
EAEA4105118142618252620 51010141020198
EAEA410791819281819192210 7 612 7 9176
EAEA4108418222020191318 7 7 7 6 411154
EAEA41096181913 810 921 3 4 2 6 211108
EAEA4111118222021201721 3 8 2 41015163
EAEA4112418183730273019151010171016239
EAEA4115218172519211021 3 9 2 61015158
EAEA4117818222029252323 510 6 81012193
EAEA411951818191519 823 3 4 2 6 6 8131
EAEA41207182212 7 91121 3 3 2 5 2 8105
EAEA4124218223225182418 910 616 610196
EAEA4127418152622252521 3 7 713 614184
EAEA41289182123  172019 810  13 810164
EAEA4132518212419172121 9 6 413 710172
EAEA413331822322622222215 5 816 816214
EAEA4136118222325251423 5 4 3131012179
EAEA4137218221522272622 510 6151011191
EAEA4138618212424141519 5 6 616 6 8164
EAEA4139418203430242223 510 418 810208
EAEA4141918232521272321 910 6 8 515193
EAEA4143118                           
EAEA414431822 9 8 5 521 3 2   4   7 88
EAEA4145518212818222220 5 9 515 713185
EAEA4301118182114131320 4 6 210 511137
EAEA430241823242014141810 7 4 9 713163
EAEA43039181531302427171510 620 919223
EAEA4305218191520151921 7 6 2 9 8 9150
EAEA430671820262520252013 9 512 916200
EAEA430781816 81013 618 3 5 2 4 212 99
EAEA4309518163323252723 6 5 616 915204
EAEA4314518202116141618 6 6 4 9 511146
EAEA431531819242221181913 7 413 713180
EAEA4316618202818 6 824 6 2 211 212139
EAEA4317718221817141521 3 5 5 9 512146
EAEA4318118192817171716 9 4 613 611163
EAEA432061819262523211510 8 414 714186
EAEA4323118203015161920 5 6 5 6 414160
EAEA4325518222216101621 3 6 2 8 2 9137
EAEA4327018202525231621 5 7 313 916183
EAEA4329218172620171821 9 6 312 613168
EAEA4333418222418221922 5 8 513 8 9175
EAEA4335718203027192319 9 8 313 615192
EAEA4337318162016201013 6 7 3 5 912137
EAEA4339018                           
EAEA43426181716242224201010 515 611180
EAEA4345918202221232223 3 6 213 814177
EAEA4354818182426191518 9 8 4 9 913172
EAEA4355018202421201419 5 9 5 5 8 9159
EAEA4358318272018161621 5 4 2 4 6 9148
EAEA4360218191816161618 9 4 510 412147
EAEA436231816192018 713 4 9 2 7 7 9131
EAEA4363518202217161523 5 5 4 6 614153
EAEA4365118211716161522 5 4 4 9 7 9145
EAEA4368418202524232421 510 5 9 912187
EAEA4370718273126212023 7 8 2181017210
EAEA4371518202016121721 5 6 210 412145
EAEA4374218212018111915 6 6 2 9 614147
EAEA437741824252623232210 5 416 811197
EAEA4378918203025231922 710 515 714197
EAEA438171820121416 816 5 4 2 6 414121
EAEA4382518222824182519 7 6 715 712190
EAEA4384018222521212221 7 5 212 712177
EAEA438581820252121171410 4 316 812171
EAEA4386118221112181721 9 5 612 812153
EAEA4388618242020172020 6 8 313 711169
EAEA43913181929262724191010 5111014204
EAEA4392118192026172121 6 7 212 215168
EAEA4393718222619131522 4 6 7 9 813164
EAEA439651820282325182311 7 812 713195
EAEA4398218172725212718 510 513 814190
EAEA439981825252625222113 9 819 812213
EAEA4401718221016141422 3 4 4 9 612136
EAEA44025181825242016171010 416 618184
EAEA4403318242627181921 810 212 716190
EAEA4404018212516221923 510 3 6 613169
EAEA4405818213217211918 910 411 813183
EAEA4407218183121211921 6 5 211 814177
EAEA4408618202624171321 9 7 210 613168
EAEA440941823222023181712 5 4 7 8 7166
EAEA4412618192218181822 9 8 4 9 813168
EAEA4414418152420241421 3 8 2 5 4 8148
EAEA4416018182619192020 9 7 312 812173
EAEA4417118202219211621 8 7 4 7 913167
EAEA4420018183127112012 9 9 415 512173
EAEA4421318253329282422 810 4171017227
EAEA44221182312 912  1912 8   4 511127
EAEA4424918192219181821 6 5 511 511160
EAEA4425418221520111119 7 2 4 6 4 7128
EAEA4426518222918141623 810 2 8 416170
EAEA4429818243230272619 310 4121014211
EAEA443021824181917222011 8 3 7 815172
EAEA4431018173623181923 8 8 613 711189
EAEA4435118222218121819 9 7 6 8 214157
EAEA443681823272019182110   615 6 9177
EAEA4437918182218191921 5 6 512 912166
EAEA443961823252016202211 6 410 712176
EAEA4445318201918192023 4 4 410 913163
EAEA4448118171611 91017 3 6 214 610121
EAEA4451518182320171720 5 6 512 813164
EAEA4503418161615101624 3 2 2 4 214124
EAEA4504118222421201920 9   613 813178
EAEA450571821242323202111 7 714 7 9187
EAEA4506218261922221921 6 8 310 711174
EAEA450851820202121282114 7 414 814192
EAEA45158181832302526151110 8181014217
EAEA4517218181817161423 6 3 4 5 510139
EAEA4520118172522221911 7 8 3101014168
EAEA4523618202320162117 8 4 3 7 714160
EAEA4524818182324221922 9 4 616 8 6177
EAEA4527518182925212217 5 8 513 816187
EAEA4528318171614141220 5 3 5 8 611131
EAEA4530318223930262616131010201016238
EAEA4531118212921202320 510 510 711182
EAEA4532418222119171920 3 7 2 9 611156
EAEA4534618                           
EAEA4535218181521181719 7 7 8 7 513155
EAEA453671825221617252313 8 514 815191
EAEA4539518223230272420 9 9 415 813213
EAEA454001824272523181610 8 211 919192
EAEA454371812252123152313 8 414 214174
EAEA4545418201916191717 5 8 2 9 617155
EAEA4547618182421182417 8 9 5141015183
EAEA4549818182318171015 5 8 211 712146
EAEA4550618271714151621 6 3 3 5 613146
EAEA4552718251911211521 8 4 410 911158
EAEA4553118192415141621 7 3 4 7 610146
EAEA4555518232722211518 510 2 71017177
EAEA4557018221816141823 7 4 210 610150
EAEA4558818203423232521 5 7 811 212191
EAEA4559218193121241821 6 8 513 813187
EAEA4562818242720181822 6 7 512 815182
EAEA4563018222119211714 6 9 3 9 614161
EAEA4564218  2015151116 3 5 6 9 5 9125
EAEA456631823202018202210 5 413 610171
EAEA4567418223228242416 710 410 812197
EAEA4570218202118161611 5 6 412 612147
EAEA4573518192622211821 6 9 512 712178
EAEA4574718241810181621 3 6 510 4 9144
EAEA4575118192123222320 7 5 416 5 7172
EAEA4576818183329252121 910 7171016216
EAEA4579618142122151113 3 8 6 610 9138
EAEA4581218202118192021 5 7 5 7 7 8158
EAEA458451818202022192110 9 610 914178
EAEA458661822211818162311 6 611 610168
EAEA4589918201925171222 5 4 4141013165
EAEA4591818222218182324 3 7 812 2 9168
EAEA4594418211819191821 8 5 310 811161
NWNW3002018                           
NWNW30045181725262821241410 8 7 818206
NWNW3005318191922211812 6 7 410 915162
NWNW300771825232121222112 5 610 812186
NWNW3009918153125282121 9 6 7161016205
NWNW3011318162323242220 3 510 8 914177
NWNW3012118181921181112 5 5 4 8 612139
NWNW3014918262125221722 3 6 3 7 615173
NWNW301541817241817181811 7 410 814166
NWNW3018218192223111821 5 5 611 614161
NWNW3020518161917181917 9 7 410 811155
NWNW30218182931302325171510 6191010225
NWNW3022618202215161619 8 4 510 711153
NWNW3024418172423191917 3 4 613 815168
NWNW3025918221523141421 6 5 6 7 812153
NWNW3026018202026191721 3 3 2 9 817165
NWNW3027118192720201718 8 8 717 912182
NWNW3028718222719212319 910 2121017191
NWNW3029318161514121118 3 5 2 9 714126
NWNW303151824262623262513 8 6191010216
NWNW3032818192217221821 4 7 613 7 9165
NWNW3035618152319211520 4 8 513 812163
NWNW3036318211818181421 8 4 3 71015157
NWNW3038918201715181220 7 5 410 610144
NWNW303911822261622202210 6 2 8 612172
NWNW3040918191728191721 5 3 2131012166
NWNW3041718152223162114 3 7 213 615157
NWNW3042518162022191421 3 6 2 8 714152
NWNW304331823 8 711 822 3 2 6 4 312109
NWNW3048618152322181316 3 4 311 814150
NWNW3049418181816161418 7 6 411 512145
NWNW3050218203527241621 7 5 514 416194
NWNW3052318212420201720 7 6 414 513171
NWNW3053518202118191818 9 8 612 713169
NWNW3054718212419241317 9 7 713 611171
NWNW3055118222321151617 3 4 2 7 612148
NWNW3056818192521221020 8 8 411 611165
NWNW3058418172619211613 8 7 612 812165
NWNW3060318192419191719 7 3 514 412162
NWNW3061118221222181318 3 4 211 610141
NWNW3062418232017201519 6 4 5 9 714159
NWNW3063918171916161620 4 6 410 614148
NWNW306461819282327282015 8 6161015215
NWNW30652182113 9121622 3 6 4 7 312128
NWNW3066718                           
NWNW3067818162216181422 5 6 611 612154
NWNW3068018142317181420 9 4 512 713156
NWNW3070618202620171821 9 6 413 613173
NWNW3071918182624272020 810 6121012193
NWNW3074318142117211321 5 6 4 8 611147
NWNW307641819252423201812 8 710 815189
NWNW307701821252118132110 6 514 713174
NWNW307881823251918 921 5 7 514 613165
NWNW308081821212016192211 5 311 712168
NWNW3081618                           
NWNW3082918212012141418 5 4 7 5 3 8131
NWNW3083418202423191215 8 5 612 611161
NWNW3087318223014212121 310 414 911180
NWNW308851820221924162011 7 6151014184
NWNW30922182230302822251010 6161014223
NWNW309361823242013142211 2 210 914164
NWNW3095018163025242520 8 8 8131014201
NWNW3096918151916171415 3 8 411 314139
NWNW309971817232523 82312 8 310 712171
NWNW3101818152325171716 5 8 312 813162
NWNW3102618192218151615 8 5 411  14151
NWNW3103218181926171615 4 6 312 814158
NWNW310601818192519182112 4 315 914177
NWNW3107118192319191618 6 6 610 713162
NWNW310871822242724202015 9 7141016208
NWNW311061821121819 921 3 6 2 6 310130
NWNW3111918201016191020 3 6 2 7 412129
NWNW3112718253630272816151010181016241
NWNW3114318141422161814 6 6 2 7 913141
NWNW311551827212426171913 6 413 712189
NWNW3116418242316141621 3 5 6 9 710154
NWNW311701823 8 6 7 820 6 4 2 5 511105
NWNW31188182025232119191110 411 815186
NWNW3119218203029241522 810 618 814204
NWNW312121818231720141912 5 610 915168
NWNW3122018153529262925 710 6171014223
NWNW312451818272323202111 8 914 614194
NWNW3125318162418171521 3 5 215 813157
NWNW3127718202118181518 8 6 6 9 611156
NWNW3129918212014141519 6 4 5 9 512144
NWNW3130118241418191822 3 7 2 7 510149
NWNW3132218182123261122 310 2141016176
NWNW3133618182419201519 610 410 712164
NWNW3135018152116201517 5 7 4 8 811147
NWNW3136918172121281717 310 210 813167
NWNW313751821302221181211 7 4 9 8 9172
NWNW313971817121618 814 3 7 2 5 814124
NWNW314031811131214 6 6 5 8 2 4 713101
NWNW3142418162719171918 4 7 3 9 713159
NWNW31439182412 9111219 5 6 4 9 6 9126
NWNW3144618                           
NWNW3146718202017141822 3 4 3 8 611146
NWNW3147818212318181617 9 6 611 612163
NWNW3148018151615131219 3 4 2 5 511120
NWNW3149518222219211319 6 7 213 616166
NWNW3203318212022232325 5 6 2181012187
NWNW3205818192621222119 7 6 412 712176
NWNW320611820292420211914 3 718 913197
NWNW320721816262216211910 5 6161014181
NWNW3208618182323181915 3 8 2 8 713157
NWNW3209418222120262019 6 9 7 9 815182
NWNW3211818162217172022 7 9 313 913168
NWNW321441823192120182211 4 414 512173
NWNW3216018182318221921 3 5 511 511161
NWNW3217118162017231715 710 511 713161
NWNW3224918201814141417 3 4 2 8 612132
NWNW32265181018 9191717 4 5 2 81015134
NWNW3227618212224222021 310 4111013181
NWNW322981822162016272112 5 3 7 412165
NWNW323021821231621192112 7 514 714180
NWNW3233518181922232623 9 5 513 812183
NWNW3234718192418181414 8 6 511 613156
NWNW323681818141711 919 3 6 2121012133
NWNW3238418222319222321 3 8 814 912184
NWNW3241218192118221422 4 7 2 9 716161
NWNW3243818161721211617 9 9 5 9 817165
NWNW3244518192418161821 6 7 411 614164
NWNW3245318232419181715 9 5 810 611165
NWNW3246618252320181221 5 7 710 611165
NWNW3248118171911151013 3 5 2 7 814124
NWNW3250718142021181016 5 6 2 7 811138
NWNW3251518172118171515 3 6 512 614149
NWNW32528182224282630211510 8161015225
NWNW3253018172327252320 810 511 816193
NWNW3255618                           
NWNW3259118172211101620 4 2 4 6 311126
NWNW3260818162020161821 7 7 5 9 511155
NWNW3262918172520272119 6 6 3 7 815174
NWNW3264118192119231519 6 8 411 612163
NWNW326731819222322 72110 8 614 810170
NWNW3268518212016221722 5 5 5 9 514161
NWNW3270118                           
NWNW3275018191722222422 310 510 815177
NWNW3276918202715142023 4 2 2101013160
NWNW3277518231830251719 3 9 52010 9188
NWNW3278318142824282122 5 8 811 915193
NWNW3279718151617181219 6 8 5 9 912146
NWNW3280318212321211723 6 9 312 811175
NWNW3281118211712101320 4 2 4 7 4 8122
NWNW3282418221918171821 3 5 3 8 811153
NWNW3283918162825222615 5 8 4151015189
NWNW3284618231817211621 3 5 210 613155
NWNW3286718232520252118 5 9 611 913185
NWNW328781820211720172212 6 511 813172
NWNW3289518171925201520 3 5 312 911159
NWNW3290618161823192224 3 6 212 615166
NWNW3291918212017191114 8 8 213 716156
NWNW3294318202220221716 510 411 713167
NWNW3295518182018191818 5 4 612 511154
NWNW3302718222118162020 5 4 4131014167
NWNW3303118212324231918 3 9 2101014176
NWNW3304318172418161620 7 6 612 612160
NWNW3306418151819241411 4 8 2 5 811139
NWNW3307018152218212411 710 6 8 711160
NWNW330881819232323212311 5 712 713187
NWNW3310718232321211723 4 8 511 811175
NWNW3311518222822222616 7 6 616 6 8185
NWNW334681820191214 922 6 9 2 4 8 9134
NWNW3448918242520212020 4 6 610 712175
NWNW3450418202120201321 3 4 2 8 814154
SWSW2001018191716151220 7 8 2 6 512139
SWSW2003518222115181521 4 4 510 611152
SWSW200511822 810 6 613 3 2 2 4 216 94
SWSW20068181716192111 8 3 9 211 617140
SWSW2007918171825221610 3 5 311 615151
SWSW2009618163325272116 7 9 7141017202
SWSW2010318172422171518 3   513 713158
SWSW2011118232020101217 5 4 4 5 7 6133
SWSW2014618181512151419 3 5 3 9 6 9128
SWSW2017818221414231722 4 5 2 6 5 8142
SWSW2018018162318201815 3 6 2 9 612148
SWSW2019518162016181623 3 8 210 510147
SWSW2022818172518211316 4 5 813 714161
SWSW2023018192922221914 6 8 816 812183
SWSW202421818151714 819 3 6 31610 8137
SWSW202631818382030262511 81017 616225
SWSW2027418202118181821 9 6 512 612166
SWSW2030918202117182013 9 5 412 611156
SWSW2034018211717161917 7 7 3 8 610148
SWSW2036118142422201314 310 3121017162
SWSW2037218201921181519 6 7 316 614164
SWSW20419182619282521211510 815 913210
SWSW2042718211824141818 3 6 310 711153
SWSW2043118132224282212 3 6 6151014175
SWSW2044318161918151118 9 7 4 9 616148
SWSW2046418221818241323 5 9 2 9 814165
SWSW2048818212823252020 4 9 613 814191
SWSW2050018232628262319 710 3121019206
SWSW2051318191615 91023 6 2 2 8 612128
SWSW205821820213020171912 7 417 513185
SWSW2059818232620212022 6 8 610 611179
SWSW2061418202215151515 4 4 4 9 511139
SWSW2062218203218191723 5 4 511 914177
SWSW2063618182124202120 3 9 211 9 7165
SWSW2066918                           
SWSW2069718213026222219 6 6 6 81015191
SWSW207081818192115 914 3 6 2 9 413133
SWSW207161814251816 916 6 4 310 411136
SWSW2072918242722261421 810 6121011191
SWSW207411821272225202113 7 417 511193
SWSW207571822282524202111 8 617 610198
SWSW2076218212118191219 5 7 611 611156
SWSW2077318201916161522 5 7 613 413156
SWSW207901822272427252013 8 614 815209
SWSW208181820282725181711 8 5121012193
SWSW2082618161922161813 510 3 7 513147
SWSW2085918192115211718 8 4 313 611156
SWSW2086018192525241515 8 8 514 814180
SWSW208871819222422201812 7 311 610174
SWSW2089318162820202021 7 5 311 614171
SWSW2090418132623232716 4 8 7141014185
SWSW209201822191415 818 9 2 213 812142
SWSW209381823332028182111 7 7141013205
SWSW2094518201624181017 3 6 513 713152
SWSW2095318132319211218 7 7 3 8 614151
SWSW209661822 7 6 6 521 3 2 2 4 612 96
SWSW2098118192723212123 3 8 6141017192
SWSW2100718272112201820 8 4 2 9 6 9156
SWSW2101518222120141618 4 5 2 9 711149
SWSW210281818232322212212 5 410 912181
SWSW2104218212725241622 3 9 413 911184
SWSW210741822 912 8 915 3 2 2 7 814111
SWSW2108918192720232025 4 6 8 9 913183
SWSW2115718232517231616 9 7 611 615174
SWSW2116218221212171122 6 4 5 8 3 9131
SWSW2118518152017181323 5 6 2 7 613145
SWSW2119018151614211216 5 6 4 5 912135
SWSW212021815262425121411 8 710 812172
SWSW212101818291824161812 8 610 6 8173
SWSW2124718211617141122 3 4 4 8 412136
SWSW2125118202820222021 910 314 811186
SWSW2126818202217201720 5 7 5 8 812161
SWSW2128418161814181323 3 6 3 4 913140
SWSW2129618191613181721 9 4 610 611150
SWSW2130418142230281621 7 4 214 814180
SWSW2131218142322191712 5 9 4161013164
SWSW2134518162519181710 9 7 7141013165
SWSW21353181816 815 915 4 2 4 8 4 9112
SWSW2136618232222252525 3 6 2121010185
SWSW2137718202121192219 7 6 510 811169
SWSW213811816211916 917 5 8 3 9 815146
SWSW21401181922 920 819 3 9 4 8 815144
SWSW2143618153825301917 6101012 616204
SWSW2144818202017251818 6 8 4121016174
SWSW2145018  2118  131911     8  10132
SWSW214691818262322191311 8 411 8 8171
SWSW2148318212623201019 6 6 5111013170
SWSW2152618202316182019 3 5 411 910158
SWSW2153218 6332226 915 510 313 817167
SWSW2154418142324202122 5 5 4 81014170
SWSW2155918162217172321 7 6 312 812164
SWSW215711825302428262411 9 216 616217
SWSW2158718191720161921 7 4 414 612159
SWSW2160618182125231310 8 9 611 715166
SWSW2161918191622221812 310 411 715159
SWSW216271820323022252111 7 6201013217
SWSW2164318122319221821 5 6 412 714163
SWSW2165518151824152316 6 8 211 812158
SWSW216881818172317171810 8 215 816169
SWSW2172418231416161621 7 4 612 610151
SWSW2173918181521211011 8 7 3 7 610137
SWSW2174618192319161716 6 7 410 410151
SWSW2175218202521222011 6 7 413 812169
SWSW2177818172626211710 6 7 312 613164
SWSW2178018242426262420 9 8 413 912199
SWSW2180018192219181615 310 312 812157
SWSW218371822212220 820 4 8 511 710158
SWSW21898182736262629231510 6201018246
SWSW2190918152218111316 4 6 3 9 413134
SWSW2191718191615151218 8 5 4 8 511136
SWSW2193318191615181113 3 4 2 51012128
SWSW2196118191522191714 410 611 714158
SWSW2198618182120231519 5 8 213 814166
SWSW2201918202018191821 3 6 411 610156
SWSW2203118172120201519 8 8 4131013168
SWSW2204318202413192021 9 7 715 513173
SWSW2207018192319191521 8 7 4 8 812163
SWSW2212818243026242325 710 818 616217
SWSW2214218171721261814 510 210 511156
SWSW2218918161719201314 6 7 4 8 613143
SWSW221911820251825161611 8 717 912184
SWSW2221118212017241120 510 5 8 614161
SWSW2222418203119201821 6 5 311 614174
SWSW2224618202524201722 910 4 7 516179
SWSW222521822251917221911 7 412 817183
SWSW2226718152222151213 3 4 2 71016141
SWSW222951818282522212115 7 9151014205
SWSW2230018161511 91116 3 2 2 6 411106
SWSW223131819212419181512 7 3 9 714168
SWSW223491817151513 918 3 8 210 713130
SWSW22376181415 9141014 6 8 412 613125
SWSW2238218152125231716 7 7 210 416163
SWSW2239818212122202013 3 8 211 912162
SWSW2240218212622161320 8 6 211 713165
SWSW2241018191915221922 5 9 2 9 710158
SWSW224471820141116 819 3 4 2 4 410115
SWSW2245118212120192121 6 8 413 713174
SWSW2246818212216171821 8 4 4 8 614159
SWSW2247918202424181819 610 212 812173
SWSW2248418231918151518 4 9 6 7 513152
SWSW2250918221615101418 4 6 3 7 810133
SWSW2251718212118171619 9 4 512 610158
SWSW2252518202922211522 410 220 913187
SWSW22533181721 814 817 3 8 414 612132
SWSW2255818242714212022 3 5 2141013175
SWSW225611815312525271611 9 813 914203
SWSW2258618172226252818 810 414 816196
SWSW2259418202320202122 5 7 413 912176
SWSW2260518192320201721 7 8 510 516171
SWSW2262618152722281013 5 9 214 913167
SWSW2264418201917181421 4 8 3 8 515152
SWSW2265918182721181721 5 6 516 815177
SWSW2267118201816151320 4 6 3 6 610137
SWSW2270418222023171922 8 4 2 7 713164
SWSW227121822212220162210 4 6151013181
SWSW2272018252819202420 3 3 512 615180
SWSW2274518173030272619 710 619 813212
SWSW2275318212114191617 7 2 510 710149
SWSW2276618211416171221 5 7 2 8 3 9135
SWSW227811815191521 7 8 3 9 2 4 812123
SWSW227991815161618141813 6 611 811152
SWSW228011822202424152212 7 413 616185
SWSW22850181316 713 8 8 3 8 2 6 215101
SWSW2286918221616221520 6 9 311 413157
SWSW2287518163216251417 3 7 6 71014167
SWSW228971816242622 822 7 8 4 81011166
SWSW229341818171919171411 7 511 613157
SWSW2295718192522172321 8 7 416 415181
SWSW2297318192627242623 3 8 214 716195
SWSW2298518152723241423 4 4 417 315173
SWSW2299018151218191413 5 6 3 8 616135
SWSW2301618211411131216 5 5 2 5 610120
SWSW2302918222123212221 7 8 416 911185
SWSW23034181925262514211310 220 710192
SWSW230411819291212 9 9 4 3 3 8 314125
SWSW2306218122427271717 5 6 313 915175
SWSW2307318 72418182219 9 8 610 610157
SWSW2308518221917201819 4 8 4 9 512157
SWSW2309018191817232523 810 4121011180
SWSW2310918131710211219 3 7 6 4 5 9126
SWSW231251823282423211411 5 713 711187
SWSW2313318192524202315 6 6 710 515175
SWSW2314018222912221421 4 6 2 8 310153
SWSW2315818211423191820 7 6 4 9 612159
SWSW231721814231713 918 5 6 310 614138
SWSW2319418192216231916 3 7 3 9 716160
SWSW232011827373030291711 7 6151014233
SWSW2326918142119201821 6 7 410 614160
SWSW2330318211611191423 5 9 4 7 516150
SWSW233391821231921151110 5 510 510155
SWSW2334618221211 6 618 4 2 2 6 211102
SWSW2336718152619  1820 6   8 5 810155
SWSW2339518223328242124 9 9 5191017221
SWSW23400182319 9161318 6 4 512 911145
SWSW2341318171518141922 6 3 211 413144
SWSW234371824181923201910 4 211 918177
SWSW2344918191220161720 3 9 2 6 411139
SWSW234541822262618242110 6 516 811193
SWSW23465181520192316 9 3 8 316 711150
SWSW2347618132118192321 310 2 9 511155
SWSW234821816121015 614 4 5 2 6 612108
SWSW2349818181613 91422 3 5 5 4 811128
SWSW2351918192023221923 4 7 512 914177
SWSW2353118173020161617 3 8 4 8 713159
SWSW2354318162823202015 8 7 615 714179
SWSW2355518192726262919 31010181012209
SWSW2356418162625181219 3 9 210 615161
SWSW2358818172121212625 6 7 314 914184
SWSW2363018182923201921 4 7 616 712182
SWSW2364218182417192119 9 5 310 513163
SWSW2366318221610141020 5 5 3 7 6 8126
SWSW2368918191812 7 724 3 2 2 4 616120
SWSW2369118202620212519 7 8 5131011185
SWSW2370218192017211722 4 5 512 614162
SWSW2371018212624261722 7 5 516 915193
SWSW2373518162320231519 6 8 411 816169
SWSW2374718192116191620 5 7 3 6 716155
SWSW2375118221917191823 7 4 311 812163
SWSW2376818172219262121 9 9 310 615178
SWSW2380418201619201620 6 7 410 413155
SWSW2381218211517171521 3 4 3 6 412138
SWSW2382018121516201812 5 9 311 812141
SWSW2383818211918181520 3 6 3 9 611149
SWSW2384518232018161721 3 4 410 910155
