EA40015EA4 4 8 2361
EA40015EA6 2 2 2121
EA40056EA6121013334
EA40091EA4 8 8 0220
EA40091EA6 8 8 1221
EA40108EA4 8 814324
EA40129EA4 5 811345
EA40129EA6 4 910355
EA40141EA4 2 7 4132
EA40141EA6 513 3341
EA40157EA6 91214334
EA40185EA41011 5342
EA40190EA6 5 3 3211
EA40235EA6 610 8232
EA40251EA611 6 5333
EA40304EA4 4 9 1351
EA40304EA6 2 0 1201
EA40312EA4 8 3 1221
EA40312EA6 8 0 1201
EA40345EA4 8 6 3321
EA40345EA6 51010244
EA40353EA612 8 3321
EA40399EA4 8 8 8323
EA40399EA6101412344
EA40401EA61212 8332
EA40414EA4 7 4 5223
EA40414EA6 7 710223
EA40422EA4 8 8 5233
EA40422EA6 613 5243
EA40436EA6 3 2 1111
EA40450EA4 814 8252
EA40450EA6101311344
EA40469EA4 4 1 1211
EA40469EA6 9 4 0310
EA40475EA41110 6342
EA40497EA4 915 8363
EA40497EA6 6 5 3331
EA40505EA4 8 5 4332
EA40518EA4 5 5 2221
EA40518EA6 5 7 3221
EA40526EA4 5 7 2232
EA40526EA6 2 5 1121
EA40560EA4 4 5 8234
EA40560EA6 5 5 4223
EA40593EA6 4 6 3122
EA40606EA4 4 6 6222
EA40606EA6 7 4 5222
EA40619EA4 4 0 0300
EA40619EA610 8 2321
EA40627EA4 814 2241
EA40627EA611 5 4332
EA40631EA4 9 8 8322
EA40631EA6 6 6 9323
EA40643EA61111 6342
EA40655EA4 811 6342
EA40655EA6 3 4 7323
EA40664EA4 7 4 2221
EA40664EA6 4 1 0210
EA40670EA41110 2331
EA40692EA4 6 6 1221
EA40724EA4 912 7332
EA40724EA6 910 4331
EA40739EA6 1 910134
EA40746EA4 611 6353
EA40746EA6 4 1 2211
EA40752EA6 8 8 5333
EA40767EA410 7 6332
EA40767EA6 811 8364
EA40778EA4 1 812146
EA40778EA6 5 8 8243
EA40780EA6 4 8 8122
EA40795EA4 611 8243
EA40795EA6 71011244
EA40800EA6 6 717336
EA40813EA6 7 5 4222
EA40821EA41110 7332
EA40837EA6 4 0 0100
EA40849EA411 9 3341
EA40849EA6 5 7 1231
EA40865EA411 6 8322
EA40865EA6 8 6 6222
EA40876EA411 2 3322
EA40882EA4 5 6 6222
EA40882EA6 3 4 2121
EA40909EA4 7 6 7323
EA40909EA6 8 9 3231
EA40917EA6 3 6 1231
EA40925EA6 3 0 0100
EA40940EA4101111333
EA40958EA4 9 7 3342
EA40958EA6 6 1 0210
EA40972EA4 6 5 3221
EA40986EA4 713 2361
EA40986EA6 4 0 0200
EA40994EA4 7 8 5222
EA40994EA6 2 7 0120
EA41002EA410 8 6322
EA41002EA6 6 4 4222
EA41010EA4 6 6 3221
EA41010EA6 6 3 0310
EA41035EA4 4 3 2221
EA41047EA4 2 3 1121
EA41047EA6 5 6 4222
EA41051EA4 912 7342
EA41079EA610 4 4322
EA41084EA4 6 6 2221
EA41084EA6 611 4242
EA41096EA41110 7332
EA41096EA6 3 6 0120
EA41103EA4101816355
EA41103EA6 3 9 8245
EA41111EA41015 4352
EA41111EA61012 3352
EA41124EA4 8 4 4321
EA41124EA6 6 7  22 
EA41139EA4 6 8 2362
EA41139EA6 5 4 0310
EA41146EA41010 8343
EA41152EA4 0 0 0000
EA41167EA41215 8342
EA41167EA6 6 6 3321
EA41178EA4 6 3 9213
EA41178EA6 7 4 0210
EA41195EA4 819 4252
EA41195EA6 710 3232
EA41207EA4 5 2 0210
EA41207EA6 9 2 1311
EA41215EA41110 3332
EA41215EA6 711 5342
EA41230EA4 816 8242
EA41230EA6 615 9243
EA41242EA4 8 7 3332
EA41242EA6 7 5 1321
EA41274EA4 2 5 1221
EA41289EA4 91210333
EA41289EA6111110343
EA41309EA4111914365
EA41309EA6102313365
EA41317EA4 8 8 4221
EA41317EA6 7 7 3221
EA41325EA412 8 6322
EA41325EA6 911 6342
EA41333EA4 6 6 3221
EA41333EA6 4 4 4212
EA41340EA4 8 3 0210
EA41340EA6 6 6 0220
EA41358EA4 5 6 4222
EA41358EA6 8 6 4322
EA41361EA4 811 4231
EA41372EA4 4 6 2121
EA41372EA6 4 5 1221
EA41386EA4 91520345
EA41386EA6 8 9 9333
EA41394EA4 710 9233
EA41394EA6 2 4 4223
EA41406EA4 8 0 0300
EA41406EA6 7 1 0210
EA41419EA612 7 0320
EA41427EA41212 4331
EA41427EA611 9 0330
EA41431EA4 9 7 0320
EA41443EA4 9 8 6322
EA41443EA6 3 0 0100
EA41455EA61211 7332
EA43011EA6 71214234
EA43024EA4 51010243
EA43024EA6 0 0 4001
EA43039EA4 812 6232
EA43039EA6 810 5233
EA43046EA4 8 5 1321
EA43052EA4 5 5 5222
EA43052EA6 7 4 3311
EA43067EA4 7 8 5222
EA43067EA6 516 7242
EA43078EA4 8 9 7333
EA43078EA61016 7352
EA43095EA4 816 7353
EA43095EA6 4 6 6323
EA43104EA4 4 816124
EA43112EA4 61511254
EA43112EA6 81212334
EA43138EA4 6 5 3322
EA43138EA6 1 6 3122
EA43145EA4 8 6 3221
EA43145EA6 3 5 2121
EA43153EA4 9 5 8323
EA43153EA6 6 5 2222
EA43166EA4 810 6232
EA43166EA6 814 4241
EA43177EA410 6 3321
EA43177EA6 4 6 6122
EA43181EA41212 8332
EA43181EA6 91410343
EA43206EA6 8 3 0210
EA43255EA4 6 3 3211
EA43255EA6 8 7 4221
EA43264EA4 4 8 5232
EA43264EA6 3 5 3221
EA43270EA4 6 4 3221
EA43270EA6 6 4 7212
EA43292EA4 82113265
EA43292EA6 41315254
EA43308EA6 3 5 3222
EA43334EA411 6 9324
EA43334EA6 4 4 3322
EA43357EA4 4 5 5132
EA43357EA6 7 3 5312
EA43373EA4121015344
EA43373EA6 9 6 3321
EA43390EA6 5 2 3212
EA43405EA4 4 9 2131
EA43426EA4 5 4 2211
EA43426EA6 4 5 1121
EA43432EA4 9 8 7322
EA43459EA4 714 4262
EA43459EA6 5 4 0220
EA43460EA410 4 3322
EA43460EA611 7 5332
EA43493EA4 91818366
EA43522EA41012 8342
EA43522EA6 5 7 5222
EA43548EA4 9 911334
EA43548EA6 9 8 5333
EA43550EA4 7 4 0210
EA43569EA4 3 0 1201
EA43569EA6 3 2 2222
EA43575EA6 7 4 3322
EA43583EA4 514 6264
EA43583EA6 6 7 6222
EA43597EA4 91513355
EA43597EA6 7 9 6232
EA43602EA4 4 0 0200
EA43610EA4 8 5 7222
EA43610EA612 4 0310
EA43623EA6 7 9 5232
EA43635EA6 7 5 1321
EA43651EA6 4 6 3242
EA43684EA6 5 7 4221
EA43696EA4 9 9 5332
EA43707EA4 8 7 2222
EA43707EA6 8 4 2221
EA43715EA4 312 4231
EA43715EA6 6 7 6222
EA43730EA410 812323
EA43730EA6 911 5342
EA43742EA4 810 4232
EA43742EA610 8 6332
EA43756EA41017 6353
EA43756EA6 411 2231
EA43774EA4 8 6 3321
EA43774EA610 6 3321
EA43789EA4 3 4 1331
EA43789EA6 4 1 0110
EA43791EA411 7 7322
EA43809EA4 9 8 6323
EA43809EA6 6 4 3222
EA43817EA6 3 0 0200
EA43825EA41118 8352
EA43825EA610 7 4332
EA43833EA4 7 1 4312
EA43833EA6 5 5 5332
EA43840EA6 7 8 5332
EA43858EA4 7 0 3201
EA43861EA4 9 814324
EA43861EA61110 8343
EA43872EA4 5 6 7222
EA43872EA611 8 4321
EA43886EA412 6 5322
EA43886EA612 8 4321
EA43900EA6 3 1 4212
EA43913EA4 813 8242
EA43913EA6 811 9233
EA43921EA4 412 8132
EA43921EA6 710 4231
EA43937EA410 6 6322
EA43937EA6 9 6 2321
EA43965EA41118 8363
EA43965EA61018 8353
EA43976EA4 8 6 9323
EA43976EA6 5 5 4323
EA43982EA4 7 1 4312
EA43982EA6 8 3 3321
EA43998EA4 4 6 1121
EA43998EA6 7 7 0220
EA44009EA6 913 7342
EA44017EA4 82422266
EA44017EA6 81216234
EA44025EA6 8 0 1301
EA44033EA4 4 8 3221
EA44033EA6 7 7 5222
EA44040EA41112 6342
EA44040EA6 7 7 3221
EA44058EA4 8 0 1301
EA44058EA6 810 3342
EA44061EA6 8 4 3211
EA44072EA4 8 9 8344
EA44072EA6 7 7 6333
EA44086EA4 7 913235
EA44086EA6 2 8 6124
EA44094EA6 815 8242
EA44126EA4 5 8 6343
EA44126EA6 9 6 3332
EA44144EA4 8 3 0210
EA44144EA6 8 7 0240
EA44159EA4 8 711223
EA44159EA6 6 812233
EA44160EA4 618 2251
EA44160EA6 614 4351
EA44171EA4 51716366
EA44171EA6 81610366
EA44187EA4 5 6 2221
EA44187EA6 5 6 3221
EA44193EA410 4 2321
EA44200EA6 6 511223
EA44213EA6 7 5 2221
EA44221EA4 613 8242
EA44221EA6 7 912234
EA44237EA411 4 6322
EA44237EA6 5 2 6212
EA44249EA411 6 6332
EA44249EA6 8 6 6222
EA44254EA4 8 4 8212
EA44254EA612 2 8312
EA44265EA4 2 5 3121
EA44265EA6 0 8 4021
EA44282EA4 615 9365
EA44282EA6 2 2 2212
EA44298EA4 5 9 6233
EA44298EA6 9 7 3321
EA44310EA4 6 5 3321
EA44310EA6 9 7 1341
EA44347EA6 5 3 2221
EA44351EA4 411 7132
EA44351EA6 4 9 0130
EA44368EA4 0 0 0000
EA44368EA6   0 0 00
EA44379EA412 4 3321
EA44379EA612 8 5332
EA44396EA4 7 4 1221
EA44396EA611 4 2321
EA44404EA41212 8332
EA44404EA610 7 7322
EA44412EA4 4 4 4111
EA44412EA6 7 3 0320
EA44481EA4 8 2 5313
EA44481EA610 6 6322
EA44515EA4121612343
EA44515EA61212 7342
EA44528EA4 8 8 7324
EA45034EA4 6 9 3231
EA45034EA6 816 1241
EA45041EA4101310343
EA45041EA6 81613354
EA45057EA4 81211233
EA45057EA610 8 8332
EA45062EA4 9 5 2321
EA45062EA6 6 3 0220
EA45073EA410 8 5333
EA45073EA6 810 7332
EA45085EA6 915 3352
EA45125EA4 7 8 7222
EA45133EA4 5 6 6232
EA45133EA6 7 1 3212
EA45158EA4 9 7 4323
EA45158EA610 7 2321
EA45172EA4 7 0 0200
EA45186EA4121212343
EA45186EA6 8 612223
EA45194EA4 8 8 8223
EA45194EA6 7 3 2211
EA45201EA4 9 8 8322
EA45201EA611 6 0320
EA45214EA6 5 5 3322
EA45236EA4 6 8 7233
EA45250EA4101813354
EA45250EA6 0 5 1021
EA45269EA4 7 811223
EA45269EA6 5 8 9223
EA45275EA412 712323
EA45275EA6 414 9243
EA45283EA4 410 3251
EA45283EA6 5 6 2221
EA45303EA4 82010364
EA45303EA6 715 4362
EA45311EA412 8 6322
EA45311EA6 8 4 0220
EA45324EA411 8 0330
EA45324EA6 8 5 1221
EA45346EA4 915 8353
EA45352EA6 8 0 0200
EA45378EA4 2 9 4131
EA45378EA6 410 4232
EA45380EA6 5 9 3231
EA45395EA4 7 6 4222
EA45395EA6 7 6 3221
EA45400EA4121211333
EA45400EA6 72017366
EA45413EA6 9 8 3341
EA45437EA4 5 1 1211
EA45437EA6 7 0 0200
EA45454EA4 6 6 3232
EA45454EA610 6 4322
EA45465EA4 813 8243
EA45465EA6 71310354
EA45476EA6 4 2 0110
EA45498EA412 7 4324
EA45498EA6 2 4 3111
EA45506EA4 9 3 4322
EA45506EA6 8 3 0320
EA45527EA411 7 5322
EA45527EA6 6 5 4222
EA45531EA41120 7352
EA45531EA6 716 8253
EA45555EA411 6 6323
EA45555EA6 8 6 6333
EA45570EA4 714 6242
EA45570EA6 3 7 2121
EA45588EA4 4 2 5223
EA45588EA6 2 4 3243
EA45607EA4 7 6 3221
EA45607EA6 9 8 3331
EA45628EA4 710 5342
EA45628EA6 4 5 7323
EA45630EA41014 3342
EA45630EA6 9 9 5343
EA45642EA6 8 4 0220
EA45663EA4 912 8342
EA45663EA6 3 1 6112
EA45674EA41111 6342
EA45674EA6 9 3 3321
EA45689EA6 6 3 2211
EA45702EA4 9 7 5322
EA45702EA6 8 6 5222
EA45735EA4 911 3342
EA45747EA4 7 9 5232
EA45747EA6 913 4342
EA45751EA4 8 9 8233
EA45751EA6 4 4 6112
EA45768EA4 619 6262
EA45768EA6 718 7253
EA45796EA4 6 7 4222
EA45796EA6 7 5 2221
EA45804EA410 8 8355
EA45804EA6 6 0 0200
EA45812EA41211 7332
EA45812EA610 7 6332
EA45820EA4 71413344
EA45845EA4 8 1 0210
EA45845EA6 8 3 0220
EA45881EA41110 4332
EA45881EA6 6 7 5232
EA45899EA61210 4331
EA45918EA6 6 1 1211
EA45932EA41212 4331
EA45932EA6 7 7 0220
EA45944EA4 8 2 0310
EA45987EA4 2 2 1221
EA45987EA6 8 0 0200
EA45993EA611 7 3331
MW00013MW1 413 5362
MW00013MW4 0 2 1021
MW00013MW6 615 4251
MW00049MW1 011 3031
MW00049MW411 8 1331
MW00065MW411 5 2321
MW00136MW1 8 0 0200
MW00136MW412 8 7322
MW00136MW610 7 6322
MW00148MW1 1 6 0120
MW00148MW4 61612253
MW00148MW6111513344
MW00150MW1 0 0 0000
MW00150MW4 6 4 3222
MW00150MW6 5 3 0220
MW00169MW1 4 6 0120
MW00169MW4 8 6 3321
MW00169MW6 2 6 0120
MW00175MW1 0 1 3011
MW00175MW4 0 7 3031
MW00183MW11212 6332
MW00183MW412 8 6333
MW00183MW61211 7332
MW00197MW1 6 7 0340
MW00197MW4 5 8 2221
MW00217MW110 5 4321
MW00217MW4 5 7 2241
MW00217MW6 6 3 0310
MW00225MW1 812 8232
MW00225MW412 8 9333
MW00225MW61110 6332
MW00233MW1 6 6 9224
MW00233MW411 7 7323
MW00233MW6 81311345
MW00258MW1 1 2 0120
MW00258MW6 612 4352
MW00272MW1 5 4 4211
MW00272MW4 910 4331
MW00272MW610 4 0310
MW00286MW111 3 1321
MW00286MW4 8 8 2341
MW00286MW6 6 6 1341
MW00306MW1 7 5 4221
MW00306MW412 9 7332
MW00306MW6     4  1
MW00319MW1 0 0 0000
MW00319MW4 5 4 2222
MW00319MW6 8 4 0220
MW00327MW1 3 0 3101
MW00327MW4 8 6 2221
MW00331MW1 4 0 0200
MW00331MW410 2 1311
MW00331MW6 6 3 1311
MW00355MW1 0 0 0000
MW00355MW4 7 6 1331
MW00355MW6 7 7 2331
MW00364MW1 2 6 2121
MW00364MW4 7 8 4221
MW00364MW6 3 8 4121
MW00370MW1 5 9 0230
MW00370MW4 8 6 4332
MW00370MW611 6 5332
MW00388MW1 2 0 1101
MW00388MW4 6 4 2231
MW00388MW6 4 3 1111
MW00392MW6 7 3 2222
MW00408MW1 6 0 0200
MW00408MW4 8 8 5232
MW00408MW6 81010233
MW00416MW1 1 0 0100
MW00416MW4 0 0 0000
MW00416MW6 1 1 0110
MW00429MW1 8 4 4211
MW00429MW6 4 4 1111
MW00434MW1 4 5 2121
MW00434MW4 8 4 2231
MW00434MW612 7 0320
MW00441MW11219  36 
MW00441MW4121913354
MW00457MW1 0 0 0000
MW00457MW6 4 0 0100
MW00462MW1 6 3 2221
MW00462MW4 4 5 4233
MW00462MW6 4 7 3232
MW00473MW1 0 3 1021
MW00473MW410 912333
MW00473MW6121412354
MW00485MW1 0 2 2022
MW00485MW412 912333
MW00485MW6121412354
MW00503MW1 0 0 0000
MW00503MW4 9 1 2311
MW00503MW6 8 6 5322
MW00511MW1 4 0 0200
MW00511MW4 7 6 0240
MW00524MW1 8 2 0220
MW00524MW410 7 0340
MW00524MW6 3 6 0220
MW00539MW1 6 5 1331
MW00539MW4 711 7343
MW00539MW6 6 7 4233
MW00546MW1 4 0 0200
MW00546MW4 8 7 1331
MW00546MW6 4 5 0120
MW00552MW1 4 0 0100
MW00552MW4 2 5 4122
MW00552MW6 5 2 0310
MW00567MW1 4 2 0110
MW00567MW4 6 7 2221
MW00567MW6 8 4 1321
MW00578MW4 8 6 2221
MW00578MW6 9 5 2321
MW00580MW1 0 4 0020
MW00580MW41214 8343
MW00580MW6121212333
MW00595MW1 2 1 0110
MW00595MW4 8 6 4222
MW00595MW6 9 6 4332
MW00604MW1 7 5 0220
MW00604MW412 4 2321
MW00604MW6 9 0 0300
MW00612MW1 4 0 0100
MW00612MW412 8 5332
MW00612MW6 812 7242
MW00620MW1 8 9 1231
MW00638MW1 9 7 0320
MW00638MW41214 9354
MW00638MW6 7 8 4332
MW00645MW1 0 0 0000
MW00645MW4 41117236
MW00645MW6 612 6232
MW00653MW1 913 2351
MW00653MW41015 3352
MW00653MW6 7 7 0220
MW00666MW112 2 1311
MW00666MW4 712 2251
MW00666MW6 8 6 2221
MW00677MW1 7 1 0210
MW00677MW410 8 1321
MW00677MW6 9 7 1331
MW00681MW4 4 0 0100
MW00699MW1 0 0 0000
MW00699MW4 2 7 3121
MW00699MW6 5 3 4222
MW00718MW1 0 0 0000
MW00718MW4 8 0 2201
MW00718MW6 6 0 0200
MW00726MW1 0 0 0000
MW00726MW4 7 5 3221
MW00726MW6 8 6 3221
MW00732MW1 5 1 0210
MW00732MW41120 8363
MW00732MW610 8 0330
MW00744MW1 0 0 0000
MW00744MW4 7 2 4211
MW00771MW1 8 4 6212
MW00771MW4 8 7 4221
MW00771MW612 6 6322
MW00807MW410 7 5342
MW00807MW6 2 4 5122
MW00828MW1 4 5 1121
MW00828MW4 8 6 3221
MW00830MW1 8 812223
MW00830MW411 7 0320
MW00830MW612 8 0320
MW00856MW1 8 6 1321
MW00856MW41110 5332
MW00856MW6 813 6242
MW00863MW1 2 0 0100
MW00863MW4 8 0 0200
MW00874MW4 7 6 6222
MW00874MW6 6 2 2211
MW00889MW1 1 1 0110
MW00889MW4 1 2 6122
MW00889MW6 4 1 0310
MW00891MW1 3 0 0200
MW00891MW4 4 2 1111
MW00891MW6 4 4 3232
MW00902MW1 0 0 0000
MW00902MW4 8 0 0200
MW00902MW6 8 4 2221
MW00923MW1 5 6 3221
MW00923MW412 2 0310
MW00923MW61211 6332
MW00947MW1 1 0 0100
MW00947MW611 5 1321
MW00951MW1 6 2 0220
MW00951MW4 8 8 5232
MW00951MW611 7 3331
MW00968MW1 4 1 0210
MW00968MW4 7 4 2221
MW00968MW610 4 1321
MW00979MW1 3 0 0100
MW00979MW41111 7332
MW00979MW611 8 3321
MW01009MW1 6 0 0200
MW01009MW4 712 3241
MW01009MW6 710 9243
MW01017MW1 8 2 0320
MW01017MW410 3 1321
MW01033MW4122318366
MW01033MW612 8 9323
MW01040MW1 5 8 2231
MW01040MW4 7 4 0220
MW01040MW6 1 1 0110
MW01061MW1 4 3 0210
MW01061MW4 7 8 7322
MW01061MW6 7 8 6222
MW01072MW1 2 0 0100
MW01072MW4 7 1 0210
MW01072MW6 4 0 0100
MW01086MW1 6 4 2321
MW01086MW4 7 2 0320
MW01086MW6 4 0 0100
MW01094MW1 0 0 0000
MW01094MW6 0 2 1011
MW01105MW1 8 0 0200
MW01105MW41114 6342
MW01105MW6 712 6232
MW01118MW1 2 1 0210
MW01118MW4 3 0 0200
MW01118MW6 3 0 1201
MW01126MW1 5 4 3221
MW01126MW41211 4331
MW01126MW6 811 8232
MW01144MW1 4 0 0100
MW01144MW410 6 8324
MW01144MW61112 4331
MW01160MW1 4 0 0100
MW01160MW6 6 2 2221
MW01171MW410 0 0300
MW01171MW612 2 0310
MW01187MW1 0 0 0000
MW01187MW4 7 1 0310
MW01187MW6 5 0 0200
MW01193MW1 2 0 1101
MW01193MW410 5 4321
MW01193MW611 8 4321
MW01200MW1 4 7 3121
MW01200MW412 7 4321
MW01200MW61112 4331
MW01249MW1 6 0 0200
MW01249MW41112 9353
MW01249MW6 7 4 2221
MW01254MW1 9 2 0310
MW01254MW6 8 8 3351
MW01276MW1 8 8 3231
MW01276MW4 4 4 0330
MW01276MW6 6 1 0210
MW01282MW1 4 1 0110
MW01282MW4 3 1 3111
MW01302MW1 5 4 0210
MW01302MW4 4 2 4111
MW01302MW6 4 6 2121
MW01323MW1 0 0 0000
MW01323MW4 8 5 3322
MW01323MW610 7 3321
MW01335MW1 4 9 0230
MW01335MW412 7 6322
MW01335MW6 9 9 4332
MW01347MW4 8 0 0200
MW01347MW6 6 2 1221
MW01351MW1 1 3 0130
MW01351MW4 6 4 2332
MW01351MW6 9 4 1321
MW01368MW1 4 2 0110
MW01368MW6 6 0 0200
MW01396MW1 2 3 0110
MW01396MW412 8 7322
MW01396MW6 5 2 2211
MW01404MW1 1 1 0110
MW01404MW6 8 8 8222
MW01412MW1 7 2 2211
MW01412MW4 4 9 8132
MW01412MW6111012334
MW01420MW4 7 7 0220
MW01420MW6 4 8 2122
MW01438MW1 0 2 0010
MW01438MW6 6 8 4232
MW01453MW1 4 8 0120
MW01453MW4 812 8232
MW01453MW611 8 1321
MW01466MW1 0 1 0010
MW01466MW4 9 2 0320
MW01466MW6 9 4 0320
MW01481MW1 6 0 0200
MW01481MW4 6 2 0220
MW01481MW6 1 0 0100
MW01499MW1 6 5 0220
MW01499MW4 613 3241
MW01515MW4 8 2 2211
MW01515MW6 8 6 3221
MW01528MW1 0 0 0000
MW01528MW410 5 0320
MW01528MW6 4 0 0100
MW01530MW1 3 1 0110
MW01530MW6 8 4 0210
MW01542MW1 4 1 0210
MW01542MW4 4 0 0100
MW01542MW6 3 0 0200
MW01556MW1 513 6242
MW01556MW4 714 8354
MW01556MW6 5 9 6243
MW01574MW1 1 0 0100
MW01574MW4 6 4 3221
MW01589MW1 2 0 0200
MW01589MW4 6 4 3221
MW01589MW6 8 0 0300
MW01591MW1 9 7 3321
MW01591MW410 3 3321
MW01591MW6 7 3 3211
MW01608MW1 5 6 5232
MW01608MW411 8 6332
MW01608MW611 9 7334
MW01629MW1 7 4 0320
MW01629MW410 6 4332
MW01629MW6 8 8 3231
MW01634MW1 4 3 4111
MW01634MW4 6 4 3221
MW01634MW6 0 8 3021
MW01657MW4 9 6 2332
MW01657MW6 5 0 0300
MW01673MW1 0 5 2021
MW01673MW4 5 7 4221
MW01685MW1 3 2 2221
MW01685MW4 3 4 0230
MW01685MW6 3 3 0220
MW01690MW1 1 0 0100
MW01690MW4 8 5 2221
MW01690MW6 8 0  20 
MW01701MW1 5 1 0310
MW01701MW411 6 1321
MW01701MW6 9 7 3332
MW01714MW1 8 7 1221
MW01714MW410 3 0320
MW01722MW1 4 3 0120
MW01722MW4 7 5 0220
MW01722MW6 8 8 4242
MW01736MW1 2 0 0100
MW01736MW411 3 2321
MW01736MW6 9 5 2331
MW01748MW1 1 0 0100
MW01748MW612 8 8322
MW01750MW1 0 0 0000
MW01750MW4 9 9 6332
MW01750MW61211 8342
MW01769MW1 0 0 0000
MW01769MW6 2 2 3221
MW01775MW1 5 0 0200
MW01775MW4 8 1 0210
MW01797MW1 4 0 0100
MW01797MW41214  34 
MW01797MW6 813 4241
MW01803MW1 0 0 0000
MW01803MW4 5 1 1211
MW01803MW6 5 5 1221
MW01811MW1 1 0 0100
MW01811MW41012 2341
MW01811MW611 8 1321
MW01824MW1 8 0 0200
MW01824MW410 6 3321
MW01839MW1 2 0 0100
MW01839MW4 6 4 2221
MW01839MW6 6 8 0240
MW01846MW1 2 5 6122
MW01846MW61212 7332
MW01852MW1 4 0 0200
MW01852MW4 6 1 0210
MW01852MW611 8 0320
MW01867MW1 4 3 0230
MW01867MW4 6 3 1321
MW01867MW6 5 3 0320
MW01895MW1 3 0 0200
MW01895MW4 4 3 3211
MW01895MW6 1 2 2111
MW01906MW1 5 8 0240
MW01906MW4 9 8 3352
MW01906MW6 710 3232
MW01927MW110 1 0310
MW01927MW4 8 3 3222
MW01943MW1 6 0 0200
MW01943MW410 5 6322
MW01943MW6111010343
MW01955MW1 2 0 0100
MW01955MW4 8 0 0200
MW01970MW1 4 2 0110
MW01970MW4 7 9 5342
MW01970MW61112 6342
MW01988MW1 1 0 0100
MW01988MW6 4 3 3121
MW01992MW111 2 0310
MW01992MW4 5 5 5222
MW01992MW6 6 8 9223
MW02008MW1 7 0 0200
MW02008MW411 8 6332
MW02016MW1 2 0 0100
MW02016MW4 5 0 0200
MW02016MW6 7 4 0210
MW02034MW111 0 0300
MW02034MW6 412 0130
MW02041MW1 6 2 2212
MW02041MW410 6 1341
MW02041MW610 7 5332
MW02057MW1 0 0 0000
MW02057MW4 3 7 3242
MW02057MW6 7 4 2221
MW02073MW1 6 7 0230
MW02073MW6 8 8 2351
MW02090MW1 1 1 0110
MW02090MW6 7 5 2221
MW02117MW4 511 1241
MW02117MW6 7 8 0240
MW02125MW1 0 0  00 
MW02125MW411 6 4321
MW02125MW6 8 3 0210
MW02140MW1 6 0 0200
MW02140MW4 8 4 0220
MW02140MW612 9 6342
MW02158MW1 4 2 0110
MW02158MW4 4 0 0100
MW02158MW6 3 1 0210
MW02161MW1 4 0 0200
MW02161MW4 6 3 4212
MW02161MW6 5 7 2231
MW02172MW1 0 0 0000
MW02172MW61212 7343
MW02186MW112 2 2321
MW02186MW4 5 2 3312
MW02214MW1 0 0 0000
MW02214MW4 4 5 1121
MW02214MW6 7 1 0210
MW02222MW1 6 7 4221
MW02222MW4 91310343
MW02222MW61219 7352
MW02236MW1 0 0 0000
MW02236MW41214 4341
MW02236MW61014 5342
MW02248MW1 0 0 0000
MW02248MW6 8 1 2211
MW02269MW1 2 1 0110
MW02269MW6 3 6 4231
MW02275MW1 0 0 0000
MW02275MW4 7 0 0300
MW02275MW6 5 1 0210
MW02283MW1 0 0 0000
MW02283MW4 8 8 6232
MW02283MW610 3 0310
MW02303MW1 3 1 0110
MW02303MW4 8 9 3231
MW02311MW1 4 0 0100
MW02311MW4 8 2 1221
MW02311MW6 7 3 2321
MW02324MW1 0 0 1001
MW02324MW4 8 5 1321
MW02324MW6 9 5 2322
MW02339MW4 7 6 5222
MW02339MW6 4 0 3201
MW02346MW1 5 3 0220
MW02346MW4 2 1 1111
MW02367MW1 0 0 0000
MW02367MW4 5 0 1201
MW02367MW6 5 1 0210
MW02378MW1 2 5 0130
MW02378MW4 9 8 6323
MW02378MW611 6 2321
MW02380MW1 2 0 0200
MW02380MW4 3 7 5122
MW02380MW6 710 7352
MW02400MW1 4 0 3202
MW02400MW4 5 2 3211
MW02465MW1 9 4 0320
MW02465MW61214 2341
MW02476MW1 5 2 0210
MW02476MW41210 4331
MW02476MW6111911353
MW02482MW1 2 0 0100
MW02482MW6 9 4 0320
MW02519MW1 0 0 0000
MW02519MW4 811 8232
MW02531MW1 4 0 0100
MW02531MW4 8 6 2231
MW02531MW6 8 4 2221
MW02543MW1 0 0 0000
MW02543MW4 4 2 1221
MW02543MW61210 6332
MW02570MW6 6 2 1221
MW02588MW1 9 813325
MW02588MW4121613344
MW02588MW6121214334
MW02592MW1 6 0 0200
MW02592MW412 8 4322
MW02592MW612 6 6322
MW02607MW1 0 0 0000
MW02607MW4 7 0 0300
MW02615MW1 4 0 0100
MW02615MW4 4 9 0130
MW02615MW6 4 0 0100
MW02630MW1 812 8252
MW02630MW4 3 0 0200
MW02630MW6 7 3 4222
MW02642MW410 0 0300
MW02642MW6 8 5 0220
MW02656MW1 7 9 2231
MW02656MW4 811 7232
MW02663MW1 1 2 1111
MW02663MW4 8 8 5242
MW02663MW6 512 5252
MW02674MW1 0 0 0000
MW02674MW4 3 6 4221
MW02674MW6 515 6262
MW02689MW1 1 9 5133
MW02689MW4 5 6 4222
MW02691MW1 1 0 0100
MW02691MW61010 2331
MW02702MW1 4 2 0220
MW02702MW6 6 6 2231
MW02710MW4 8 2 2222
MW02710MW6 6 4 3221
MW02723MW1 5 2 0210
MW02723MW4 7 2 4211
MW02723MW6 6 4 4211
MW02735MW1 0 0 0000
MW02735MW6 9 0 0300
MW02747MW1 2 0 0100
MW02747MW6 9 0 0300
MW02751MW1 0 7 3022
MW02751MW4 2 7 3121
MW02751MW6 8 4 0320
MW02768MW1 3 0 0200
MW02768MW4 8 3 0320
MW02779MW1 6 3 0210
MW02779MW4 810 4231
MW02779MW611 5 7322
MW02784MW1 411 5264
MW02784MW4 718 6364
MW02784MW6 511 7365
MW02796MW1 3 0 0100
MW02796MW61110 3331
MW02804MW1 0 0 0000
MW02804MW4 5 2 2211
MW02804MW6 5 5 2221
MW02812MW1 5 810223
MW02812MW412 8 5322
MW02812MW61214 7342
MW02838MW112 4 4322
MW02838MW612 6 0330
MW02845MW1 0 2 0010
MW02845MW412 9 2341
MW02853MW1 1 0 0100
MW02853MW4 5 9 4253
MW02853MW6 81412354
MW02866MW1 0 0 0000
MW02866MW4 8 3 1321
MW02866MW6 0 0 0000
MW02877MW1 3 1 0210
MW02877MW4 9 9 3331
MW02877MW610 7 3321
MW02881MW1 4 0 0100
MW02881MW4 8 2 2211
MW02881MW6 9 6 3321
MW02899MW6   0 0 00
MW02905MW1 0 0 0000
MW02905MW410 3 0310
MW02905MW6 4 2 0210
MW02926MW1 3 0 0100
MW02926MW4 8 5 4221
MW02926MW610 0 0300
MW02932MW1 0 1 3011
MW02932MW4 5 3 1221
MW02944MW1 2 0 1101
MW02944MW4 9 7 2331
MW02944MW6 6 7 3322
MW02959MW1 6 0 0200
MW02959MW4 7 4 1221
MW02959MW6 5 0 0300
MW02960MW4 7 0 0200
MW02960MW6 5 0 0300
MW02971MW1 4 5 3122
MW02971MW4 5 8 3231
MW02971MW612 8 4331
MW02987MW1 6 6 0230
MW02987MW410 9 4342
MW02987MW611 9 4341
MW02993MW1 3 0 0100
MW02993MW41210 1331
MW02993MW610 2 1321
MW03005MW1 1 0 0100
MW03005MW412 4 1321
MW03005MW612 3 2311
MW03026MW112 7 5332
MW03026MW610 6 2341
MW03032MW1 6 4 5212
MW03032MW412 6 3331
MW03032MW612 5 2331
MW03044MW1 7 2 0320
MW03044MW411 6 2321
MW03044MW6 7 6 0220
MW03060MW1 8 4 0210
MW03060MW412 8 4321
MW03071MW1 4 9 4252
MW03071MW4 6 6 1341
MW03071MW6 4 4 2332
MW03093MW1 1 0 0100
MW03093MW4 2 0 0200
MW03093MW6 0 0 0000
MW03119MW4 9 8 3332
MW03119MW6 4 2 1111
MW03127MW112 6 6322
MW03127MW61211 3341
MW03131MW1 0 1 0010
MW03131MW4 7 8 6323
MW03131MW611 9 2342
MW03155MW1 5 0 0200
MW03155MW4 6 2 0310
MW03155MW6 9 4 0330
MW03170MW1 2 0 0100
MW03170MW4 7 2 4211
MW03170MW6 8 6 3321
MW03188MW1 8 1 0210
MW03188MW412 8 4321
MW03192MW1 4 2 0110
MW03192MW410 1 0310
MW03192MW6 7 4 0220
MW03204MW1 0 0 0000
MW03204MW4 5 1 1211
MW03204MW6 7 2 1311
MW03212MW1 0 0 0000
MW03212MW4 8 2 1311
MW03212MW6 7 2 1311
MW03220MW1 3 2 1221
MW03220MW4 8 2 1321
MW03220MW6 3 2 2221
MW03238MW1 0 0 0000
MW03238MW412 9 9333
MW03238MW6111012333
MW03245MW41214 8342
MW03253MW1 0 0 0000
MW03253MW410 8 4321
MW03253MW6 3 0 0100
MW03266MW1 4 0 0100
MW03266MW412 9 2331
MW03266MW6 8 5 0220
NW30020NW2 2 1 1211
NW30020NW4 3 0 1301
NW30020NW6 1 0 1101
NW30045NW1 1 0 1101
NW30045NW4 2 1 0210
NW30045NW6 2 3 0230
NW30053NW2 2 3 4234
NW30053NW4 2 5 2252
NW30066NW3 3 3 1331
NW30066NW4 3 3 1331
NW30066NW6 2 2 2222
NW30077NW3 3 4 4344
NW30077NW6 3 2 2322
NW30081NW2 2 3 0230
NW30081NW4 3 2 2322
NW30081NW6 3 3 2332
NW30099NW3 3 1 0310
NW30099NW4 3 1 1311
NW30099NW6 3 2 1321
NW30113NW1 2 1 2212
NW30113NW4 2 2 2222
NW30113NW6 3 2 1321
NW30121NW2 3 3 2332
NW30121NW6 3 3 1331
NW30137NW1 2 0 0200
NW30137NW4 2 3 2232
NW30137NW6 3 3 1331
NW30149NW1 3 3 0330
NW30149NW4 2 0 1201
NW30149NW6 2 0 1201
NW30154NW2 3 4 4344
NW30154NW4 3 3 3333
NW30154NW6 3 2 3323
NW30176NW4 3 2 2322
NW30176NW6 2 3 1231
NW30182NW2 2 2 1221
NW30182NW4 2 0 1201
NW30182NW6 2 0 1201
NW30198NW4 3 1 1311
NW30198NW6 3 3 1331
NW30205NW3 3 5 1351
NW30205NW4 3 3 0330
NW30218NW1 1 0 0100
NW30218NW4 2 0 0200
NW30218NW6 3 1 0310
NW30226NW4 2 3 3233
NW30226NW6 3 4 2342
NW30232NW1 1 1 0110
NW30232NW4 3 3 1331
NW30232NW6 3 4 5345
NW30244NW3 3 3 1331
NW30244NW4 3 2 1321
NW30244NW6 3 2 1321
NW30259NW4 2 1 0210
NW30260NW3 2 3 1231
NW30260NW4 2 2 2222
NW30260NW6 1 2 1121
NW30271NW3 2 4 3243
NW30271NW4 3 4 2342
NW30271NW6 3 3 3333
NW30287NW3 3 2 2322
NW30287NW4 3 1 1311
NW30287NW6 3 4 1341
NW30293NW4 2 3 2232
NW30293NW6 1 3 2132
NW30307NW1 2 3 1231
NW30307NW4 2 2 2222
NW30307NW6 2 4 3243
NW30315NW4 3 2 1321
NW30315NW6 3 2 1321
NW30328NW2 3 3 2332
NW30328NW4 3 2 1321
NW30328NW6 3 3 1331
NW30330NW4 3 4 2342
NW30330NW6 3 4 2342
NW30342NW0 2 0 0200
NW30342NW4 3 0 0300
NW30356NW3 1   11 1
NW30356NW6 3 5 2352
NW30363NW3 3 2 1321
NW30363NW4 3 3 1331
NW30363NW6 3 2 2322
NW30374NW4 3 5 2352
NW30389NW1 2 2 1221
NW30389NW4 3 0 0300
NW30389NW6 2 0 0200
NW30391NW4 3 1 1311
NW30391NW6 3 1 0310
NW30409NW3 2 2 2222
NW30409NW4 3 2 1321
NW30409NW6 2 0 0200
NW30417NW3 3 6 3363
NW30417NW4 3 5 3353
NW30417NW6 3 4 3343
NW30425NW3 3 2 1321
NW30425NW4 3 2 1321
NW30425NW6 2 2 2222
NW30433NW2 2 1 1211
NW30433NW6 1 2 2122
NW30440NW3 3 3 1331
NW30440NW4 3 3 1331
NW30440NW6 3 3 2332
NW30458NW4 3 2 1321
NW30458NW6 3 2 2322
NW30461NW0 3 0 0300
NW30461NW4 3 1 0310
NW30461NW6 3 2 1321
NW30472NW3 2 0 0200
NW30472NW4 2 1 0210
NW30472NW6 2 0 0200
NW30486NW3 2 3 1231
NW30486NW4 3 2 2322
NW30486NW6 3 3 2332
NW30494NW4 2 0 0200
NW30494NW6 2 2 2222
NW30502NW2 2 1 1211
NW30502NW4 2 0 1201
NW30502NW6 3 0 2302
NW30510NW3 2 1 0210
NW30510NW4 2 1 0210
NW30510NW6 2 2 2222
NW30523NW1 1 1 0110
NW30523NW4 2 1 0210
NW30523NW6 2 0 0200
NW30535NW0 0 0 0000
NW30535NW4 2 0 0200
NW30535NW6 1 0 0100
NW30547NW3 3 1 1311
NW30547NW6 2 0 0200
NW30551NW1 2 0 0200
NW30551NW4 2 0 0200
NW30551NW6 3 2 0320
NW30568NW4 3 4 1341
NW30568NW6 3 2 2322
NW30579NW3 3 2 2322
NW30579NW4 3 2 2322
NW30579NW6 3 4 3343
NW30584NW1 3 1 0310
NW30584NW4 3 3 2332
NW30584NW6 3 2 2322
NW30596NW2 1 0 0100
NW30596NW6 3 0 0300
NW30603NW1 3 3 3333
NW30603NW6 3 3 4334
NW30611NW1 3 0 1301
NW30611NW4 3 0 0300
NW30611NW6 3 2 0320
NW30624NW2 3 0 1301
NW30624NW4 3 2 1321
NW30624NW6 2 2 1221
NW30639NW1 3 1 0310
NW30639NW4 3 2 1321
NW30639NW6 3 1 2312
NW30646NW1 1 0 0100
NW30646NW4 3 1 1311
NW30646NW6 3 2 1321
NW30652NW4 3 4 2342
NW30652NW6 2 0 0200
NW30667NW4 2 2 1221
NW30667NW6 3 2 1321
NW30678NW3 3 1 2312
NW30678NW4 3 1 1311
NW30678NW6 3 1 1311
NW30680NW1 2 0 0200
NW30680NW4 3 1 0310
NW30680NW6 2 1 1211
NW30695NW3 3 2 1321
NW30695NW6 3 3 1331
NW30706NW1 2 1 1211
NW30706NW4 2 0 0200
NW30706NW6 2 0 0200
NW30719NW1 3 0 2302
NW30719NW4 3 2 0320
NW30727NW2 2 0 1201
NW30727NW4 2 0 1201
NW30727NW6 2 1 0210
NW30731NW0 1 0 0100
NW30731NW4 3 2 1321
NW30743NW4 2 2 1221
NW30743NW6 2 2 1221
NW30764NW4 3 2 3323
NW30764NW6 3 2 3323
NW30770NW2 3 1 0310
NW30770NW4 2 0 1201
NW30770NW6 3 0 0300
NW30788NW2 3 2 2322
NW30788NW4 3 3 3333
NW30788NW6 3 5 2352
NW30792NW4 2 2 2222
NW30792NW6 1 2 2122
NW30808NW2 3 3 1331
NW30808NW4 3 2 1321
NW30808NW6 3 2 1321
NW30816NW2 2 1 1211
NW30816NW4 3 2 2322
NW30829NW1 1 0 0100
NW30829NW4 3 3 1331
NW30829NW6 2 2 0220
NW30834NW3 3 2 2322
NW30834NW4 2 3 3233
NW30834NW6 2 3 3233
NW30841NW2 2 2 0220
NW30841NW4 3 1 1311
NW30862NW4 2 0 0200
NW30862NW6 2 0 0200
NW30873NW0 1 1 0110
NW30873NW4 2 0 0200
NW30873NW6 3 3 3333
NW30885NW2 3 2 1321
NW30885NW4 3 3 1331
NW30885NW6 3 1 1311
NW30890NW3 3 1 0310
NW30890NW4 2 2 2222
NW30901NW4 2 1 0210
NW30901NW6 2 0 0200
NW30914NW1 3 0 0300
NW30914NW4 3 2 1321
NW30914NW6 3 2 1321
NW30922NW4 3 1 2312
NW30922NW6 2 3 1231
NW30936NW2 2 2 1221
NW30936NW4 2 2 1221
NW30936NW6 2 1 1211
NW30948NW0 0 0 0000
NW30948NW4 3 1 0310
NW30948NW6 3 2 1321
NW30950NW2 3 1 1311
NW30950NW4 1 5 3153
NW30950NW6 3 5 0350
NW30969NW2 2 2 1221
NW30969NW4 3 2 1321
NW30969NW6 3 2 1321
NW30975NW4 2 1 1211
NW30997NW2 1 2 1121
NW30997NW4 1 0 1101
NW30997NW6 2 2 1221
NW31005NW4 3 3 1331
NW31005NW6 3 3 3333
NW31018NW4 3 3 2332
NW31018NW6 3 4 2342
NW31026NW3 2 0 0200
NW31026NW4 3 0 0300
NW31026NW6 2 0 1201
NW31032NW2 3 3 2332
NW31032NW4 3 2 1321
NW31032NW6 3 3 2332
NW31044NW4 2 2 2222
NW31044NW6 2 2 2222
NW31059NW4 3 3 0330
NW31059NW6 2 2 1221
NW31060NW4 3 4 2342
NW31060NW6 2 2 2222
NW31071NW1 2 1 0210
NW31071NW4 2 1 1211
NW31071NW6 2 2 1221
NW31087NW0 1 0 0100
NW31087NW4 3 2 1321
NW31087NW6 3 3 1331
NW31093NW1 1 0 0100
NW31093NW4 3 1 0310
NW31093NW6 3 3 2332
NW31106NW4 3 2 2322
NW31119NW4 1 4 4144
NW31127NW1 1 0 1101
NW31127NW4 2 1 1211
NW31127NW6 3 2 3323
NW31131NW2 1 1 0110
NW31131NW4 2 0 0200
NW31131NW6 2 2 1221
NW31143NW4 2 4 2242
NW31143NW6 3 0 1301
NW31155NW3 3 0 0300
NW31155NW4 3 2 0320
NW31155NW6 3 2 1321
NW31164NW3 2 3 2232
NW31164NW4 2 3 2232
NW31164NW6 3 1 0310
NW31170NW3 2 4 3243
NW31170NW6 2 3 1231
NW31188NW1 1 0 1101
NW31188NW4 2 1 1211
NW31188NW6 2 0 0200
NW31192NW2 2 2 3223
NW31192NW4 2 2 2222
NW31192NW6 2 3 2232
NW31204NW4 2 4 6246
NW31204NW6 2 5 3253
NW31212NW3 2 2 1221
NW31212NW4 2 2 1221
NW31212NW6 2 2 1221
NW31220NW2 2 2 1221
NW31220NW4 3 2 1321
NW31220NW6 3 2 2322
NW31238NW4 2 2 2222
NW31238NW6 2 2 2222
NW31245NW4 3 2 2322
NW31245NW6 3 2 1321
NW31253NW1 1 0 1101
NW31253NW4 3 2 2322
NW31266NW2 1 2 1121
NW31266NW4 1 2 0120
NW31277NW2 2 1 0210
NW31277NW4 2 1 0210
NW31277NW6 2 2 1221
NW31281NW1 3 0 0300
NW31281NW4 2 0 0200
NW31281NW6 2 2 1221
NW31299NW0 1 0 0100
NW31299NW6 2 1 0210
NW31301NW3 3 3 2332
NW31301NW4 3 2 2322
NW31301NW6 3 2 0320
NW31314NW3 3 3 1331
NW31314NW4 3 3 1331
NW31314NW6 3 1 0310
NW31322NW3 3 3 0330
NW31322NW4 3 1 0310
NW31322NW6 3 2 3323
NW31336NW2 3 2 3323
NW31336NW4 2 1 2212
NW31336NW6 2 2 2222
NW31348NW1 2 2 1221
NW31348NW4 3 2 1321
NW31350NW1 2 0 0200
NW31350NW4 3 2 1321
NW31369NW2 3 2 1321
NW31369NW4 2 0 0200
NW31369NW6 3 1 0310
NW31375NW1 3 4 2342
NW31375NW4 3 3 2332
NW31375NW6 3 3 1331
NW31383NW1 3 1 0310
NW31383NW4 3 2 0320
NW31397NW4 3 3 2332
NW31397NW6 3 3 2332
NW31403NW2 2 4 2242
NW31403NW4 2 2 3223
NW31403NW6 3 4 1341
NW31424NW6 1 0 0100
NW31439NW2 2 0 0200
NW31439NW4 3 0 0300
NW31439NW6 2 0 0200
NW31446NW2 2 0 2202
NW31446NW4 3 0 0300
NW31446NW6 2 1 1211
NW31452NW1 1 0 1101
NW31452NW4 2 1 1211
NW31467NW3 2 1 2212
NW31467NW4 1 0 0100
NW31467NW6 2 2 0220
NW31478NW3 2 3 3233
NW31478NW4 2 2 2222
NW31478NW6 2 2 2222
NW31480NW4 2 3 1231
NW31480NW6 3 3 1331
NW31495NW2 3 2 1321
NW31495NW4 2 2 1221
NW31495NW6 2 2 1221
NW32033NW1 2 0 1201
NW32033NW4 3 1 0310
NW32033NW6 2 0 0200
NW32040NW2 3 3 2332
NW32040NW4 2 2 0220
NW32040NW6 2 2 1221
NW32058NW2 2 2 1221
NW32058NW4 2 2 1221
NW32058NW6 2 2 0220
NW32061NW3 2 3 3233
NW32061NW6 3 2 1321
NW32072NW3 3 2 1321
NW32072NW4 3 2 1321
NW32072NW6 3 2 1321
NW32086NW3 3 2 0320
NW32086NW4 3 2 0320
NW32086NW6 2 2 0220
NW32094NW4 3 3 3333
NW32094NW6 3 4 3343
NW32105NW3 2 0 0200
NW32105NW4 2 0 0200
NW32105NW6 2 0 0200
NW32118NW3 2 3 3233
NW32118NW4 2 1 1211
NW32118NW6 3 3 1331
NW32126NW4 2 2 1221
NW32126NW6 3 2 0320
NW32132NW3 3 3 1331
NW32132NW4 3 2 1321
NW32132NW6 3 3 1331
NW32144NW3 3 3 2332
NW32144NW4 3 1 4314
NW32144NW6 2 2 1221
NW32159NW4 3 5 2352
NW32159NW6 3 4 2342
NW32160NW3 3 1 1311
NW32160NW4 3 3 1331
NW32160NW6 3 1 0310
NW32171NW4 3 3 4334
NW32171NW6 3 4 2342
NW32187NW4 3 2 2322
NW32193NW3 3 3 3333
NW32193NW4 2 2 1221
NW32193NW6 2 2 0220
NW32200NW2 3 1 0310
NW32200NW4 3 3 2332
NW32200NW6 3 2 1321
NW32213NW2 3 2 3323
NW32213NW4 3 1 2312
NW32213NW6 2 2 0220
NW32221NW1 1 2 2122
NW32221NW4 2 0 1201
NW32221NW6 2 2 1221
NW32237NW2 3 2 1321
NW32237NW4 3 3 2332
NW32249NW2 3 3 1331
NW32249NW4 3 2 2322
NW32249NW6 2 3 2232
NW32265NW3 3 4 2342
NW32265NW4 3 4 2342
NW32265NW6 3 3 2332
NW32276NW4 2 3 4234
NW32276NW6 2 4 3243
NW32282NW2 2 2 1221
NW32282NW4 2 2 2222
NW32282NW6 1 2 1121
NW32298NW4 2 1 0210
NW32298NW6 3 2 2322
NW32302NW4 2 2 2222
NW32302NW6 3 0 0300
NW32310NW4 3 0 0300
NW32310NW6 1 0 0100
NW32323NW1 1 1 1111
NW32323NW4 3 2 1321
NW32323NW6 3 2 2322
NW32335NW2 3 1 1311
NW32335NW4 3 2 1321
NW32335NW6 3 3 2332
NW32347NW3 3 1 1311
NW32347NW4 3 1 1311
NW32347NW6 3 2 1321
NW32351NW3 3 3 2332
NW32351NW4 3 1 1311
NW32351NW6 3 1 1311
NW32368NW2 3 3 3333
NW32368NW6 3 6 4364
NW32379NW1 3 3 2332
NW32379NW4 3 5 3353
NW32379NW6 3 3 2332
NW32384NW3 3 2 1321
NW32384NW4 3 1 1311
NW32384NW6 2 1 0210
NW32396NW2 1 0 1101
NW32396NW4 2 1 0210
NW32396NW6 2 0 0200
NW32412NW1 3 2 1321
NW32412NW4 2 2 1221
NW32412NW6 3 2 1321
NW32420NW3 3 2 1321
NW32420NW4 3 2 2322
NW32438NW4 3 1 0310
NW32438NW6 2 1 1211
NW32445NW3 2 2 1221
NW32445NW4 2 2 1221
NW32445NW6 2 2 1221
NW32453NW3 1 1 1111
NW32453NW4 2 0 0200
NW32453NW6 2 0 0200
NW32466NW4 2 0 1201
NW32466NW6 3 1 0310
NW32477NW2 3 2 1321
NW32477NW4 3 2 1321
NW32477NW6 2 0 0200
NW32481NW2 2 0 0200
NW32481NW4 2 0 0200
NW32499NW3 3 3 1331
NW32499NW4 3 2 2322
NW32499NW6 3 2 1321
NW32507NW3 3 3 3333
NW32507NW4 3 3 1331
NW32507NW6 3 3 4334
NW32515NW3 3 2 2322
NW32515NW4 3 1 1311
NW32515NW6 3 2 2322
NW32528NW3 2 1 0210
NW32528NW4 2 1 0210
NW32528NW6 2 5 6256
NW32530NW2 3 1 2312
NW32530NW4 3 0 2302
NW32530NW6 3 4 2342
NW32542NW4 3 4 1341
NW32542NW6 2 4 0240
NW32556NW4 3 3 1331
NW32556NW6 3 3 1331
NW32563NW4 3 2 0320
NW32563NW6 3 3 0330
NW32589NW3 2 2 3223
NW32589NW4 1 2 2122
NW32589NW6 3 2 2322
NW32591NW4 2 3 2232
NW32591NW6 3 3 1331
NW32608NW4 3 3 2332
NW32608NW6 1 2 1121
NW32616NW4 3 3 2332
NW32629NW2 2 2 2222
NW32629NW6 3 3 2332
NW32634NW2 2 1 2212
NW32634NW4 2 2 1221
NW32634NW6 2 0 1201
NW32641NW4 2 1 0210
NW32641NW6 3 1 0310
NW32657NW3 2 2 2222
NW32657NW4 3 2 1321
NW32657NW6 3 3 2332
NW32662NW4 2 1 1211
NW32662NW6 2 2 1221
NW32673NW4 2 3 4234
NW32673NW6 3 3 2332
NW32685NW2 3 2 1321
NW32685NW4 3 3 3333
NW32690NW2 3 1 0310
NW32690NW4 2 1 0210
NW32701NW4 3 2 3323
NW32701NW6 2 2 0220
NW32714NW3 0 0 0000
NW32714NW4 1 1 1111
NW32722NW2 3 3 2332
NW32722NW4 3   03 0
NW32722NW6 3 2 0320
NW32736NW2 3 3 1331
NW32736NW4 2 3 2232
NW32736NW6 2 2 2222
NW32748NW4 2 1 0210
NW32748NW6 3 1 0310
NW32750NW2 3 0 2302
NW32750NW6 3 3 2332
NW32769NW3 2 3 2232
NW32769NW4 2 3 2232
NW32769NW6 3 3 2332
NW32775NW2 3 2 1321
NW32775NW4 2 1 0210
NW32775NW6 2 2 1221
NW32783NW3 3 2 1321
NW32783NW4 3 2 1321
NW32783NW6 2 1 1211
NW32797NW3 2 2 3223
NW32797NW4 2 2 3223
NW32797NW6 2 2 2222
NW32803NW2 2 2 1221
NW32803NW4 3 3 2332
NW32811NW2 1 0 0100
NW32811NW4 2 1 0210
NW32811NW6 2 1 0210
NW32824NW2 1 0 0100
NW32824NW4 3 0 0300
NW32824NW6 3 1 0310
NW32839NW2 3 2 1321
NW32839NW4 3 2 1321
NW32839NW6 2 2 1221
NW32846NW4 3 3 2332
NW32846NW6 2 4 1241
NW32852NW2 3 1 2312
NW32852NW4 3 6 1361
NW32852NW6 3 4 2342
NW32867NW2 3 5 3353
NW32867NW6 3 3 2332
NW32878NW1 2 2 1221
NW32878NW4 3 2 1321
NW32878NW6 2 1 1211
NW32880NW2 3 3 2332
NW32880NW4 2 2 2222
NW32880NW6 2 0 0200
NW32895NW3 3 2 2322
NW32895NW4 2 1 1211
NW32895NW6 2 2 2222
NW32906NW2 2 2 2222
NW32906NW4 2 3 1231
NW32906NW6 3 2 2322
NW32919NW3 3 2 1321
NW32919NW4 2 2 1221
NW32927NW3 3 2 0320
NW32927NW4 3 1 0310
NW32927NW6 3 1 0310
NW32931NW2 3 2 2322
NW32931NW4 3 2 2322
NW32931NW6 3 2 2322
NW32943NW2 2 3 2232
NW32943NW4 3 2 2322
NW32943NW6 2 2 2222
NW32955NW2 3 1 1311
NW32955NW4 2 2 1221
NW32955NW6 2 0 0200
NW32964NW2 3 3 3333
NW32964NW4 3 5 2352
NW32964NW6 3 1 0310
NW32970NW4 2 3 2232
NW32970NW6 3 3 3333
NW32988NW2 0 0 1001
NW32988NW4 1 2 2122
NW32988NW6 0 1 1011
NW32992NW2 3 2 0320
NW32992NW4 3 1 1311
NW33006NW2 2 2 2222
NW33006NW4 3 3 2332
NW33019NW3 2 1 0210
NW33019NW4 3 2 1321
NW33019NW6 3 2 1321
NW33027NW2 3 4 1341
NW33027NW4 3 3 1331
NW33027NW6 3 3 1331
NW33031NW4 3 4 1341
NW33031NW6 3 3 1331
NW33043NW2 3 1 3313
NW33043NW4 3 1 0310
NW33043NW6 3 2 1321
NW33055NW3 3 4 2342
NW33055NW4 3 1 0310
NW33055NW6 3 3 1331
NW33064NW3 3 3 2332
NW33064NW4 3 2 1321
NW33064NW6 3 2 1321
NW33070NW2 2 2 0220
NW33070NW4 3 0 1301
NW33070NW6 2 1 1211
NW33088NW3 2 2 1221
NW33088NW6 2 1 1211
NW33092NW2 3 1 0310
NW33092NW4 3 1 1311
NW33092NW6 2 2 0220
NW33107NW4 2 2 1221
NW33115NW2 3 3 2332
NW33115NW4 3 2 1321
NW33115NW6 3 3 2332
NW33128NW2 2 2 0220
NW33128NW4 2 1 0210
NW33128NW6 3 2 0320
NW33130NW2 2 1 0210
NW33130NW4 3 2 1321
NW33130NW6 2 2 0220
NW33447NW3 2 3 2232
NW33451NW2 3 0 1301
NW33451NW4 3 1 1311
NW33451NW6 1 0 0100
NW33468NW2 3 0 0300
NW33468NW4 2 1 2212
NW33468NW6 3 1 2312
NW34489NW2 3 1 0310
NW34489NW4 3 1 1311
NW34489NW6 2 1 1211
NW34504NW3 3 2 0320
NW34504NW4 2 0 1201
NW34504NW6 1 0 0100
SO10016SO412 7 4321
SO10016SO6 8 9 2231
SO10029SO412 6 4321
SO10034SO412 7 4321
SO10034SO6 8 3 6212
SO10041SO4 7 4 2221
SO10041SO6 7 6 4232
SO10057SO4 6 3 4211
SO10057SO6 7 4 0310
SO10062SO4 4 1 4212
SO10073SO4 3 8 8132
SO10073SO6 710 8232
SO10085SO411 8 4321
SO10085SO61212 4331
SO10090SO4 3 7 4121
SO10109SO4 314 6142
SO10117SO4 3 6 3221
SO10117SO6 7 7 4221
SO10125SO6 8 6 3221
SO10133SO4 7   82 3
SO10133SO6 811 7233
SO10140SO4 711 5242
SO10140SO6 8 6 3221
SO10158SO4 4 2 2111
SO10158SO6 5 4 2221
SO10172SO4 4 7 6132
SO10186SO4 2 5 4122
SO10186SO6 3 6 4121
SO10194SO4 616 6343
SO10194SO6 6 9 8353
SO10201SO4 4 8 4121
SO10201SO6 8 8 4221
SO10214SO411 5 4321
SO10222SO6 5 1 3211
SO10236SO4 9 9 4331
SO10236SO6 9 7 5332
SO10248SO4 3 2 2112
SO10248SO6 1 3 3122
SO10250SO4 3 6 0130
SO10250SO6 7 2  32 
SO10269SO4 3 5 2231
SO10269SO6 4 8 3231
SO10275SO4 711 2252
SO10275SO6 7 9 1231
SO10283SO4 7 9 8233
SO10297SO4 8 7 4221
SO10297SO6 7 7 6222
SO10303SO4 910 6342
SO10311SO4 912 4331
SO10311SO61212 8332
SO10324SO4 4 9 3131
SO10324SO6 7 6 3231
SO10339SO41012 7343
SO10339SO610 6 9323
SO10346SO4 7 3 2221
SO10346SO611 6 4321
SO10367SO4 511 3241
SO10367SO611 9 4341
SO10378SO4 8 8 8222
SO10378SO612 7 8322
SO10380SO4 8 5 4221
SO10380SO61210 4331
SO10395SO4 4 913134
SO10400SO4111220335
SO10400SO6 411 8232
SO10413SO4 61312365
SO10413SO6 61312365
SO10421SO4 6 7 4231
SO10437SO4 7 4 3231
SO10437SO610 4 4311
SO10449SO4 3 6 4143
SO10449SO6 6 5 8222
SO10454SO412 9 5332
SO10454SO610 7 5322
SO10465SO4 8 9 8232
SO10465SO61117 7353
SO10476SO4 1 8 4121
SO10476SO6 7 8 6222
SO10482SO6 32119266
SO10498SO4 810 4231
SO10498SO6 8 6 7232
SO10506SO41116 9353
SO10506SO6 814 3241
SO10519SO4 612 9366
SO10519SO610 2 4312
SO10527SO4 6 5 5222
SO10527SO612 7 4322
SO10531SO411 7 6332
SO10531SO61017 5352
SO10543SO4 711 4231
SO10543SO611 7 3321
SO10555SO4 911 9346
SO10564SO4 7 9 6332
SO10570SO6 8 9 7332
SO10588SO410 5 2321
SO10588SO6 711 4242
SO10592SO4 720 6252
SO10592SO61110 4331
SO10607SO4 7 7 6222
SO10607SO6 6 4 4211
SO10615SO4 3 1 2211
SO10615SO6 1 0 0100
SO10628SO411 7 4321
SO10628SO6 8 7 6222
SO10630SO4 0 1 4011
SO10630SO6 1 4 2111
SO10642SO4 610 9333
SO10642SO6 4 2 6213
SO10656SO6 2 4 3121
SO10674SO4 611 6243
SO10674SO610   73 3
SO10689SO4 5 7 3222
SO10689SO6 5 5 4221
SO10702SO4 7 7 3221
SO10702SO61215 9343
SO10710SO4 5 6 3221
SO10710SO6 3 2 1211
SO10723SO4 812 5352
SO10723SO6 52113264
SO10735SO4 9 8 7322
SO10735SO6111210333
SO10747SO4 4 3 5222
SO10747SO6 8 3 2221
SO10751SO6 3 3 0110
SO10768SO4 8 5 3221
SO10768SO610 5 4322
SO10779SO4 9 8 4321
SO10779SO6 4 4 4111
SO10784SO4 6 6 6222
SO10784SO6 4 8 7122
SO10796SO412 4 4311
SO10796SO610 6 6322
SO10804SO4111516344
SO10804SO6 7 0 3201
SO10812SO4 61110344
SO10812SO6 5   52 2
SO10820SO410 0 1301
SO10820SO6 8 1 0310
SO10838SO610 9 6332
SO10845SO4 7 7 4332
SO10845SO6 4 4 3211
SO10853SO4 8 0 0200
SO10853SO6 7 6 5222
SO10866SO4 512 7232
SO10866SO61011 8332
SO10881SO4 9 8 6322
SO10881SO6 6 7 0220
SO10899SO4 8 8 4221
SO10899SO6 5 6 6222
SO10905SO410   83 2
SO10918SO4 8 2 3211
SO10918SO6 7 3 0210
SO10926SO4 4 7 7122
SO10932SO4 5 2 2321
SO10932SO6 5 3 4211
SO10944SO4 4 8 4121
SO10944SO6 1 0 1101
SO10959SO4 9 9 7333
SO10959SO611 8 4322
SO10960SO411 914335
SO10960SO611 910343
SO10993SO4 7 4 5212
SO10993SO6 8 6 4221
SO11001SO410 6 2321
SO11001SO6 6 8 4231
SO11014SO4 8 8 6222
SO11014SO6 8 8 3221
SO11036SO4 2 0 2101
SO11050SO410 8 4321
SO11050SO6 7 7 4221
SO11069SO41111 7332
SO11069SO6 811 4231
SO11075SO4 710 9233
SO11075SO6 91314344
SO11083SO4 910 9335
SO11083SO6 6 4 6212
SO11102SO4 7 5 6222
SO11102SO6 6 6 7222
SO11110SO412 8 5322
SO11110SO611 8 4321
SO11123SO4 9 4 3321
SO11123SO6 5 1 4211
SO11135SO4 5 4 1231
SO11147SO4 9 6 3321
SO11147SO6 7 5 5322
SO11151SO4 8 6 3221
SO11151SO6 6 7 0220
SO11168SO4 7 7 6322
SO11168SO6 713 4251
SO11179SO4 6 3 0210
SO11184SO4 8 4 0210
SO11196SO4 210 5153
SO11196SO6 5 7 3231
SO11208SO41212 6342
SO11208SO612 8 4321
SO11216SO4 8 5 4221
SO11216SO6 4 4 0110
SO11229SO4 6 2 4211
SO11234SO411 6 1321
SO11234SO6 2 5 2121
SO11241SO4 2 4 3122
SO11241SO6 810 6232
SO11257SO4 6 4 3311
SO11257SO6 7 5 4322
SO11262SO4 3 6 4221
SO11262SO6 8 4 6212
SO11273SO4 4 8 6253
SO11273SO6 4 7 4121
SO11290SO4 9 7 4321
SO11290SO6 8 6 4221
SO11305SO4 3 4 4233
SO11305SO6 6 3 1321
SO11318SO4 6 7 7232
SO11326SO4 71716256
SO11326SO6 5 9 5232
SO11332SO4 7 8 5322
SO11332SO610 6 4321
SO11344SO4 6 9 4231
SO11344SO6 0 2 0020
SO11359SO4 5 5 4222
SO11359SO610 9 6332
SO11360SO4 5 0 6203
SO11360SO6 6 4 5322
SO11387SO412 8 8322
SO11387SO6 4 4 2221
SO11393SO41211 7332
SO11393SO6 81111233
SO11407SO4 9 9 2331
SO11415SO41012 2331
SO11415SO6 8 7 4332
SO11430SO4   6 8 22
SO11430SO6 1 4 3121
SO11442SO4 5 4 4222
SO11442SO6 5 5 4322
SO11456SO41211 5332
SO11456SO6 815 7242
SO11463SO4 4 7 4121
SO11463SO6 610 4231
SO11474SO41012 3341
SO11474SO610 8 7333
SO11489SO410 8 7322
SO11489SO6101210333
SO11491SO4 9 6 5322
SO11504SO4 8 8 5222
SO11504SO6 8 8 4221
SO11512SO4 6 3 2221
SO11520SO4 713 5253
SO11520SO6 9 8 3341
SO11538SO4 3 1 3211
SO11538SO6 4 7 4121
SO11545SO4 713 8243
SO11545SO61212 9343
SO11553SO4 4 7 2121
SO11566SO4 810 4341
SO11566SO6 6 5 1221
SO11577SO4 810 4331
SO11577SO611 9 4331
SO11581SO4 7 7 5222
SO11599SO4 610 5232
SO11599SO6 9 8 8322
SO11600SO4 4 4 7114
SO11600SO611 7 4321
SO11613SO410 9 6353
SO11613SO612 3 0320
SO11621SO4 8 0 0200
SO11621SO6 4 2 0210
SO11637SO4 2 4 2122
SO11637SO61212 8332
SO11649SO4 8 7 4221
SO11649SO6 4 7 4121
SO11654SO4 8 4 5322
SO11654SO6 6 4 2221
SO11665SO411 5 4321
SO11676SO4111211353
SO11676SO6 8 6 5322
SO11682SO4 8 8 6232
SO11682SO6 71411245
SO11717SO4 6 7 8222
SO11717SO6 4 8 8122
SO11725SO411 3 3311
SO11733SO4 3 1 1211
SO11733SO6 2 4 0110
SO11740SO4 812 2341
SO11740SO6 9 4 3321
SO11758SO4 5 4 4221
SO11758SO611 8 4321
SO11761SO4 3 7 1121
SO11761SO612 8 4331
SO11772SO6 5 8 4231
SO11786SO410 9 9333
SO11786SO6 7 6 4322
SO11794SO4111111344
SO11794SO6 9 6 6322
SO11806SO4 7 6 0220
SO11806SO6 2 5 0120
SO11819SO4 3 1 0110
SO11831SO4 8 2 1221
SO11831SO6 8 2 1211
SO11843SO410 6 3321
SO11843SO6 8 0 0300
SO11855SO41217 4351
SO11864SO410 5 8334
SO11864SO6 6 2 3212
SO11870SO6 6 5 5222
SO11888SO4 6 6 7223
SO11892SO4 710 3241
SO11892SO6 8 5 4221
SO11903SO4 8 8 3221
SO11903SO61213 3351
SO11911SO411 0 4301
SO11911SO6 8 0 0200
SO11924SO4 7 1 1311
SO11924SO6 6 1 0310
SO11939SO4 818 4251
SO11939SO6 6 8 4221
SO11946SO411 8 5322
SO11952SO4 8 7 4221
SO11952SO6 8 7 4221
SO11967SO6 3 1 2211
SO11978SO41216 9343
SO11978SO61214 9353
SO11980SO41010 3331
SO11980SO61010 1331
SO11995SO4 3 2 3211
SO12000SO4 8 914235
SO12000SO6 91212334
SO12013SO4 9 9 7333
SO12013SO610 910334
SO12021SO411 8 7322
SO12021SO6 7 7 3221
SO12037SO4111910353
SO12037SO6 7 4 1221
SO12049SO4 3 0 0100
SO12054SO411 9 3331
SO12054SO61213 3341
SO12065SO4 8 8 5332
SO12065SO6 9 8 4331
SO12076SO41211 7332
SO12076SO612 9 7332
SO12082SO4 4 6 6122
SO12082SO6 3 6 2121
SO12098SO411 4 7313
SO12098SO6   4 9 13
SO12101SO4 8 4 4211
SO12101SO6 5 5 3221
SO12114SO410 6 6322
SO12114SO6 6 7 4243
SO12122SO411 6 4322
SO12136SO4 7 7 6322
SO12136SO6 6 6 4221
SO12148SO4 5 9 6232
SO12150SO4 711 8232
SO12150SO6 81221236
SO12169SO41214 8342
SO12169SO61114 4341
SO12175SO4 4 2 3221
SO12175SO6 91011333
SO12183SO4 8 7 2231
SO12183SO610 8 3321
SO12197SO4 8 8 6222
SO12197SO6 8 8 4221
SO12209SO4 8 8 3221
SO12209SO6 812 3231
SO12217SO6 5 5 6332
SO12225SO4 4 6 4221
SO12225SO6 4 5 3121
SO12233SO411 9 3332
SO12240SO4 810 4231
SO12240SO61117 7352
SO12258SO4 7 6 2221
SO12258SO6 4 7 0120
SO12261SO4 810 6232
SO12261SO61210 8342
SO12272SO4 6 6 3221
SO12272SO6 5 2 0220
SO12286SO4 4 9 8233
SO12286SO6 712 7242
SO12294SO4 4 1 1311
SO12306SO410 8 4341
SO12306SO6 7 4 4211
SO12319SO41211 2341
SO12319SO61212 5342
SO12327SO411 8 4321
SO12327SO6 9 7 4321
SO12331SO41111 8333
SO12331SO6 7 7 2331
SO12343SO412 8 7322
SO12343SO6 8 8 4221
SO12355SO411 5 4321
SO12364SO4 911 4341
SO12364SO6 8 4 4211
SO12370SO4 8 3 2221
SO12370SO6 8 7 6222
SO12392SO6 712 8332
SO12408SO6 811 4231
SO12416SO6 8 8 4221
SO12434SO6 71110233
SO12441SO61111 6352
SO12457SO612 8 0330
SO12462SO6 8 3 4312
SO12473SO61212 7332
SO12485SO6 8 6 2221
SO12490SO61114 6353
SO12503SO6 411 3231
SO12511SO6 3 5 3231
SO12524SO6 7 6 3221
SO12539SO6 8 8 4221
SO12546SO6 5 4 0210
SO12567SO6 8 3 3211
SO12578SO6 4 5 2221
SO12580SO6 7 4 4211
SO12595SO6 8 8 3221
SO12604SO6 8 7 1221
SW20010SW6 810 2352
SW20035SW6 8 4 0220
SW20051SW6 8 4 3211
SW20068SW6 8 6 2222
SW20079SW6 8 6 2222
SW20084SW612 6 4321
SW20096SW61219 6352
SW20103SW6 811 4242
SW20124SW61216 0340
SW20139SW611 5 1321
SW20167SW61217 1351
SW20178SW611 5 2331
SW20180SW610 7 7323
SW20195SW6 3 2 1121
SW20215SW6121411344
SW20230SW61217 5362
SW20242SW611 9 0330
SW20256SW6 72011253
SW20263SW6 8 6 5332
SW20274SW6 8 5 0220
SW20289SW6 8 8 7222
SW20291SW610 6 6322
SW20309SW61015 4352
SW20325SW6 8 4 0210
SW20333SW6 7 6 0220
SW20361SW6 812 4332
SW20372SW6 8 3 2311
SW20394SW6 8 0 0200
SW20419SW610 5 0320
SW20427SW61011 0340
SW20443SW61011 5332
SW20455SW6102116365
SW20464SW6 7 6 0220
SW20470SW6 7 5 1221
SW20488SW6 3 4 1331
SW20492SW6 8 4 3211
SW20500SW6 4 2 1111
SW20513SW6 6 5 2321
SW20521SW6 9 0 0300
SW20537SW6 6 4 1321
SW20554SW610 0 0300
SW20576SW61021 8362
SW20598SW6 8 2 0210
SW20601SW612 8 0320
SW20614SW612 7 2332
SW20622SW6 8 5 0220
SW20636SW6 6 2 0210
SW20650SW611 5 0330
SW20669SW6 7 8 2231
SW20683SW6 8 7 3231
SW20708SW6 6 7 0230
SW20716SW6 6 7 0230
SW20729SW6 7 7 1321
SW20734SW6 9 8 5332
SW20741SW6 817 2262
SW20790SW6 7 4 1321
SW20805SW6 4 0 1201
SW20818SW61214 8353
SW20826SW6121112333
SW20844SW6 3 1 0110
SW20859SW6 811 8232
SW20860SW6 8 2 0210
SW20871SW6 812 9245
SW20893SW6 4 1 0210
SW20904SW6 6 9 0340
SW20912SW6 917 7363
SW20920SW612 0 0300
SW20938SW6 8 4 4211
SW20945SW6 8 7 5323
SW20953SW6 5 2 1221
SW20977SW612 0 0300
SW20981SW6 8 6 4222
SW21007SW6 8 9 7332
SW21015SW61217 5352
SW21028SW6 2 0 2101
SW21030SW6 8 5 0330
SW21042SW6 7 5 3332
SW21074SW6 5 3 0220
SW21089SW6 6 5 1221
SW21091SW6 9 7 4352
SW21157SW6 9 5 0320
SW21162SW6 6 5 2221
SW21173SW610 4 2311
SW21185SW6 6 4 2221
SW21190SW6   0 0 00
SW21210SW6 2 0 0100
SW21223SW6 8 8 3232
SW21235SW610 2 0310
SW21247SW6 2 2 0110
SW21251SW6 8 3 0210
SW21268SW610 3 0310
SW21279SW6 5 0 0200
SW21296SW610 8 8322
SW21304SW6 4 1 0310
SW21312SW6 8 3 0210
SW21320SW61213 0340
SW21353SW61212 8332
SW21366SW61018 2362
SW21377SW61211 8342
SW21381SW610 7 5332
SW21401SW6 8 8 4221
SW21414SW6 9 3 1311
SW21422SW612 5 0320
SW21436SW61114 5352
SW21450SW610 7 5322
SW21469SW612 6 0320
SW21483SW61210 3331
SW21497SW6 5 6 0220
SW21505SW6 6 2 2211
SW21526SW611 5 3322
SW21532SW61211 9334
SW21544SW611 5 2321
SW21559SW6 6 5 1221
SW21571SW6 5 0 0200
SW21587SW61214 5352
SW21619SW6 9 4 3311
SW21627SW6 5 2 3223
SW21643SW61214 5352
SW21655SW6 8 4 2212
SW21664SW6 6 9 4352
SW21670SW6 7 0 0200
SW21688SW61212 8332
SW21703SW6 4 6 0120
SW21724SW61012 8332
SW21739SW6 91411354
SW21746SW610 7 0320
SW21752SW6 8 5 0220
SW21778SW6 8 3 3211
SW21780SW612 6 2321
SW21795SW6 810 4351
SW21821SW6 81212233
SW21837SW612 7 2322
SW21865SW610 4 0310
SW21898SW6 6 3 1221
SW21909SW6 8 6 5222
SW21917SW6 9 2 4311
SW21925SW6 6 3 3222
SW21933SW6 8 9 6232
SW21972SW612 0 0300
SW21986SW611 8 1331
SW22006SW6 8 8 8222
SW22019SW6121310353
SW22031SW61210 3331
SW22043SW6 8 8 0220
SW22107SW610 3 0310
SW22130SW610 6 3321
SW22142SW612 8 3321
SW22189SW611 6 5322
SW22191SW6 6 8 4222
SW22203SW6 8 7 1221
SW22211SW6 9 7 0340
SW22224SW6 3 7 0120
SW22246SW6 7 9 0230
SW22252SW6 815 4242
SW22267SW612 6 7322
SW22278SW6 8 7 6222
SW22280SW6 6 2 2211
SW22295SW610 9 0330
SW22300SW61112 4351
SW22313SW612 8 8322
SW22365SW6 7 6 3221
SW22376SW6 8 5 2221
SW22382SW6 6 2 0210
SW22398SW6 9 4 4322
SW22402SW6 8 0 1201
SW22410SW6 8 0 0200
SW22423SW6 7 6 0220
SW22435SW611 6 4332
SW22447SW610 6 1321
SW22451SW61111 6342
SW22468SW6 8 4 2221
SW22479SW6 3 0 0100
SW22484SW611 6 1331
SW22509SW6111510353
SW22525SW610 8 0330
SW22558SW612 8 0320
SW22561SW612 9 6342
SW22586SW61112 8332
SW22594SW6 8 7 6222
SW22605SW6 7 5 2321
SW22618SW6 7   32 2
SW22626SW6 8   22 1
SW22644SW6 8 3 1221
SW22659SW612 5 1321
SW22671SW6 8 9 4342
SW22687SW6 8 0 0200
SW22693SW6 8 7 4232
SW22704SW612 8 0330
SW22712SW6 8 0 0200
SW22720SW6 6 2 0220
SW22753SW6 6 5 2231
SW22766SW6 8 7 3221
SW22777SW6 9 6 6333
SW22781SW6122011353
SW22799SW6 8 6 0230
SW22801SW61110 6332
SW22822SW6 912 8355
SW22850SW6   2 2 11
SW22869SW6 7 3 2221
SW22875SW6 8 7 0220
SW22883SW6 614 0240
SW22897SW61010 5343
SW22929SW6 31510243
SW22934SW6 2 3 2221
SW22957SW6 4 0 0300
SW22973SW6 8 0 1301
SW22985SW612 8 8323
SW22990SW61011 4342
SW23008SW6 6 6 0220
SW23016SW6 1 0 2102
SW23029SW6 8 7 5232
SW23034SW6 1 6 2131
SW23041SW6 5 2 0210
SW23057SW6 811 7243
SW23062SW6122413366
SW23073SW6 5 4 2221
SW23085SW6 710 6332
SW23090SW611 4 3311
SW23109SW611 4 3311
SW23125SW61112 6342
SW23140SW6 8 4 4222
SW23158SW610 6 4321
SW23161SW6 5 0 0200
SW23172SW6 8 0 0200
SW23186SW610 8 2331
SW23194SW61212 9354
SW23201SW6 7 7 3221
SW23222SW6 4 1 2211
SW23236SW6121415344
SW23248SW6121415344
SW23250SW6 6 2 4211
SW23269SW6 5 0 0200
SW23303SW6 8 6 2221
SW23324SW6 3 0 0200
SW23339SW6 7 6 4222
SW23352SW6 4 8 4221
SW23367SW61113 8342
SW23380SW6 711 0240
SW23395SW6 7 7 3221
SW23400SW6 4 1 2211
SW23413SW6 8 6 0220
SW23437SW6 5 6 0230
SW23449SW6 9 7 6322
SW23454SW6 9 8 9323
SW23476SW6 5 0 0200
SW23482SW61213 4352
SW23498SW6 8 6 4222
SW23506SW6 810 3241
SW23519SW6 9 7 6322
SW23527SW611 6 2332
SW23543SW6 9 5 3322
SW23555SW6 8 3 2221
SW23564SW6 6   32 1
SW23570SW61119 6352
SW23588SW6 7 7 6222
SW23592SW6 7 4 1221
SW23607SW6 2 2 0220
SW23615SW610 4 3311
SW23628SW6 9 4 4321
SW23642SW6 7 5 4332
SW23656SW6 5 2 0320
SW23663SW6 7 5 0220
SW23674SW6 8 8 8222
SW23689SW6 7 0 0300
SW23691SW611 8 4321
SW23710SW610 8 8323
SW23735SW6 8 6 3231
SW23747SW6 8 5 2221
SW23751SW6 812 4231
SW23768SW6 812 4231
SW23779SW6 7 0 0200
SW23784SW6 8 4 2221
SW23796SW6 3 7 2121
SW23804SW6 8 7 4221
SW23820SW610 9 2331
SW23838SW612 7 0320
SW23845SW6 9 4 2321
SW23866SW6 811 6232
