EAEA40015     0  0   0   20220   0                           010101010101  0 0 2020222020 00   14 00000000 50
EAEA40129     0  22000   0   0   0                           010101010101  0 0 0 0 0   0   0   14 00000000 10
EAEA40185     0  0   0   0   0   0                           010101010101  222222200   0   0   14 00000000 40
EAEA40247     0  22000   200 0   0                           010101010101  0 0 0 0 0   22200   14 00000000 30
EAEA40251     0  0   0   202020200                           010101010101  0 200 0 0   220 20 014 00000000 50
EAEA40304     0  0   0   0   0   0                           010101010101  0 0 0 220   0   0   14 00000000 10
EAEA403121A   2002222222222222222222222200 20202014  0       222222211101000 0 0 0 0   0   20 214 11000000 64
EAEA40353     0  200 0   200 0   0                           010101010101  0 0 0 0 0   0   0   14 00000000 20
EAEA40399     0  22002020200 200 0                           010101010101  0 0 0 2020 020 020 014 00000000 80
EAEA40401     0  222222222022222222220 0 220 0 0 10    0     1201212321212 0 2222220   0   0   14 11000000 74
EAEA40422     0  0   200 200 0   0                           010101010101  0 0 0 0 0   0   20 014 00000000 30
EAEA40436     0  0   0   0   0   0                           010101010101  0 0 0 0 0   0   0   14 00000000 00
EAEA40450     0  200 0   220022000                           010101010101  0 200 0 220 0   0   14 00000000 50
EAEA40505     0  22000   20200   200 0 200 200 20            010101010101  0 200 0 0   0   0   14 00000000 30
EAEA40526     0  0   0   0   0   0                           010101010101  0 0 0 200   0   0   14 00000000 10
EAEA40593     0  0   0   200 0   0                           010101010101  0 0 0 0 0   0   0   14 00000000 10
EAEA40643     0  0   0   0   0   0                           010101010101  0 0 0 0 0   0   0   14 00000000 00
EAEA40655     0  0   0   0   0   0                           010101010101  0 0 0 2220 00   20 014 00000000 30
EAEA40664     0  0   0   0   0   0                           010101010101  0 200 0 0   0   0   14 00000000 10
EAEA40724     0  0   0   0   0   0                           010101010101  0 0 0 0 0   0   0   14 00000000 00
EAEA40739     0  0   22000   200 0                           010101010101  0 0 200 0   0   0   14 00000000 30
EAEA40752     0  0   0   0   0   0                           010101010101  0 0 0 0 0   222220 014 00000000 20
EAEA40767     0  200 0   200 0   0                           010101010101  0 0 200 0   0   0   14 00000000 30
EAEA40780     0  0   0   0   0   0                           010101010101  0 0 0 0 0   0   0   14 00000000 00
EAEA40821     0  0   0   0   0   0                           010101010101  0 0 0 0 0   0   0   14 00000000 00
EAEA40865     0  0   2202200 0   202020200 202020            010101010101  22220 0 0   0   0   14 00000000 40
EAEA40876     0  200 0   0   0   0                           010101010101  0 0 0 0 0   0   0   14 00000000 10
EAEA40917     0  200 0   20200   0                           010101010101  0 0 0 0 0   0   0   14 00000000 20
EAEA40925     0  0   0   0   0   0                           010101010101  0 0 0 0 0   0   0   14 00000000 00
EAEA40958     0  0   200 200 0   0                           010101010101  0 0 0 0 0   0   0   14 00000000 20
EAEA40994     0  200 0   0   0   0                           010101010101  0 0 0 0 0   0   0   14 00000000 10
EAEA41002     0  22220   220022020                           010101010101  0 2222220   0   0   14 00000000 60
EAEA41010     0  0   0   22020   200 0 0 0 0 0 0             010101010101  0 200 0 0   0   0   14 00000000 20
EAEA41047     0  0   0   0   0   0                           010101010101  200 0 0 0   0   0   14 00000000 10
EAEA410794D3  2222022222222222022222222222222222215  42      121212122201022222222222222222222214211111101128
EAEA41084     0  0   0   0   0   0                           010101010101  200 0 0 0   0   0   14 00000000 10
EAEA41096     0  0   0   0   0   0                           010101010101  0 0 0 0 0   0   0   14 00000000 00
EAEA41103     0  0   0   0   0   0                           010101010101  0 0 0 0 0   0   0   14 00000000 00
EAEA41111     0  0   0   0   0   0                           010101010101  0 0 0 0 0   0   0   14 00000000 00
EAEA41124     0  22000   0   0   200 0 0 0 0 200             010101010101  0 0 0 0 0   0   0   14 00000000 10
EAEA41152     0  0   0   200 0   0                           010101010101  0 0 0 0 0   0   0   14 00000000 10
EAEA41167     220200 2202222222000                           010101010101  0 202222220 220 222014000000000110
EAEA41178     0  0   22200   0   0                           010101010101  0 0 0 0 0   0   220 14 00000000 20
EAEA41195     0  0   0   0   0   0                           010101010101  0 0 0 0 0   0   0   14 00000000 00
EAEA41207     0  0   0   0   0   0                           010101010101  0 0 0 0 0   0   0   14 00000000 00
EAEA41215     0  0   0   0   200 0                           010101010101  0 0 0 200   0   0   14 00000000 20
EAEA41242     0  0   0   0   0   0                           010101010101  0 0 0 0 0   0   0   14 00000000 00
EAEA41274     0  0   0   0   0   0                           010101010101  22200 0 0   0   222014 00000000 30
EAEA41289     0  0   0   20220   0                           010101010101  0 0 0 200   0   0   14 00000000 20
EAEA41317     0  0   0   0   0   0                           010101010101  0 0 0 0 0   0   0   14 00000000 00
EAEA41325     0  0   0   0   0   0                           010101010101  20200 0 22222220222014 00000000 50
EAEA41333     0  0   0   0   0   0                           010101010101  0 0 0 0 0   0   0   14 00000000 00
EAEA41340     0  0   0   22222222200 0 0 0 200 20            010101010101  0 200 0 0   0   0   14 01000000 31
EAEA41361     0  22022200220022000                           010101010101  0 0 0 0 0   0   0   14 00000000 40
EAEA41372     0  0   0   200 0   0                           010101010101  0 0 0 0 0   0   0   14 00000000 10
EAEA41386     0  0   0   0   200 0                           010101010101  0 0 200 0   0   0   14 00000000 20
EAEA41394     0  22220   200 0   0                           010101010101  0 0 0 0 0   0   0   14 00000000 20
EAEA41419     0  0   0   0   0   0                           010101010101  0 0 0 0 0   0   0   14 00000000 00
EAEA41427     0  0   0   22222222200 0 0 0 0 0 0             010101010101  0 0 0 0 0   0   0   14 01000000 21
EAEA41443     0  0   0   0   0   0                           010101010101  0 0 0 0 0   0   0   14 00000000 00
EAEA43011     0  0   0   20200   0                           010101010101  0 200 0 0   0   0   14 00000000 20
EAEA43024     0  0   0   0   0   0                           010101010101  0 0 0 0 0   0   0   14 00000000 00
EAEA43052     0  0   0   200 0   0                           010101010101  0 0 0 200   0   0   14 00000000 20
EAEA43067     2202202220022200   0                           010101010101  0 0 0 0 0   0   20 214000000000 50
EAEA43078     0  200 0   0   0   0                           010101010101  0 0 0 0 0   0   222014 00000000 20
EAEA43095     0  200 0   200 200 0                           010101010101  0 0 200 0   0   0   14 00000000 40
EAEA43104     0  0   0   0   0   0                           010101010101  0 0 0 0 0   0   0   14 00000000 00
EAEA43112     0  0   0   200 200 0                           010101010101  0 0 0 0 0   0   222014 00000000 30
EAEA43138     0  0   0   0   0   0                           010101010101  0 0 0 0 0   20 0220 14 00000000 20
EAEA43145     0  200 0   0   0   0                           010101010101  0 0 0 0 0   0   0   14 00000000 10
EAEA43153     0  200 22000   0   0                           010101010101  0 0 0 0 0   0   0   14 00000000 20
EAEA43166     0  0   0   0   0   0                           010101010101  0 0 0 0 0   0   0   14 00000000 00
EAEA43177     0  0   0   0   0   0                           010101010101  0 0 0 0 0   0   0   14 00000000 00
EAEA43181     2000   0   0   0   0                           010101010101  0 0 0 0 22200   0   14 00000000 20
EAEA43255     0  0   20200   0   0                           010101010101  0 0 0 0 0   0   0   14 00000000 10
EAEA43264     0  200 0   200 0   0                           010101010101  0 0 0 0 0   0   0   14 00000000 20
EAEA43270     0  200 0   200 0   0                           010101010101  0 0 0 0 0   0   220 14 00000000 30
EAEA43292     0  0   0   0   0   0                           010101010101  0 0 0 0 0   0   0   14 00000000 00
EAEA43334     0  200 0   0   0   0                           010101010101  0 0 0 2020 00   0   14 00000000 30
EAEA43426     0  200 22020   0   0                           010101010101  0 200 220   20 020 014 00000000 60
EAEA43459     0  200 0   0   0   0                           010101010101  0 200 0 0   0   0   14 00000000 20
EAEA43522     0  200 0   200 200 0                           010101010101  200 0 200   0   0   14 00000000 50
EAEA43548     0  200 0   0   0   0                           010101010101  0 200 0 0   0   0   14 00000000 20
EAEA43569     0  0   0   0   0   0                           010101010101  0 0 0 0 0   0   0   14 00000000 00
EAEA43583     0  200 0   200 0   0                           010101010101  0 0 0 0 0   0   0   14 00000000 20
EAEA43597     0  0   200 200 0   0                           010101010101  0 0 0 0 0   0   220 14 00000000 30
EAEA43623     0  0   0   0   0   0                           010101010101  0 0 0 0 20 220 20   14 00000000 20
EAEA43635     0  0   20200   0   200 0 0 200 0 0             010101010101  0 0 200 0   0   0   14 00000000 20
EAEA43651     0  200 0   200 0   0                           010101010101  0 0 0 0 0   0   20 214 00000000 30
EAEA43684     0  0   0   0   0   0                           010101010101  0 0 0 0 0   0   0   14 00000000 00
EAEA43707     0  200 0   0   0   0                           010101010101  0 0 0 0 0   220 0   14 00000000 20
EAEA43715     0  0   0   0   0   0                           010101010101  0 0 0 0 0   0   0   14 00000000 00
EAEA43730     0  0   0   0   0   0                           010101010101  0 0 0 0 0   0   0   14 00000000 00
EAEA43742     0  200 0   200 0   0                           010101010101  0 0 0 0 20 20   0   14 00000000 30
EAEA43756     22022200   20200   0                           010101010101  0 0 0 0 0   220 0   14000000000 40
EAEA43774     0  200 200 20200   20200 0 0 0 200             010101010101  0 0 0 0 0   0   0   14 00000000 30
EAEA43789     0  22000   0   0   0                           010101010101  0 0 0 0 0   0   0   14 00000000 10
EAEA43791     0  0   0   0   0   0                           010101010101  0 0 200 0   0   0   14 00000000 10
EAEA43809     0  0   0   0   0   0                           010101010101  0 0 0 2222220   0   14 00000000 20
EAEA43817     0  0   0   0   0   0                           010101010101  0 0 0 0 0   20 00   14 00000000 10
EAEA43840     2000   0   0   0   0                           010101010101  200 0 0 0   20 00   14 00000000 30
EAEA43858     0  0   0   0   0   0                           010101010101  0 0 0 0 0   0   0   14 00000000 00
EAEA43861     0  200 0   200 0   0                           010101010101  0 200 200   0   20 014 00000000 50
EAEA43872     0  200 200 200 200 0                           010101010101  0 0 0 0 0   0   0   14 00000000 40
EAEA43886     0  20200   2020200 200 200 0 0 200             010101010101  0 0 0 0 0   0   0   14 00000000 30
EAEA43913     0  0   0   0   0   0                           010101010101  0 0 0 0 220 0   0   14 00000000 10
EAEA43921     0  0   0   0   0   0                           010101010101  0 0 0 0 0   0   0   14 00000000 00
EAEA43937     0  0   0   0   0   0                           010101010101  0 0 0 0 0   0   0   14 00000000 00
EAEA43965     0  22200   222222222222200 22220 20 4    22 4  012201012112000 0 200 0   0   0   14 11000000 44
EAEA43976     0  0   0   0   0   0                           010101010101  0 0 0 0 0   0   0   14 00000000 00
EAEA439826F   22022020   200 0   200 0 0 220 0 0 14          01010101010100202020200   0   0   14200000000 71
EAEA44017     200200 200 0   200 0                           010101010101  0 0 20220   0   0   14 00000000 60
EAEA44033     0  0   0   0   0   0                           010101010101  0 0 0 0 220 0   0   14 00000000 10
EAEA44040     0  0   0   0   0   0                           010101010101  0 0 0 200   0   0   14 00000000 10
EAEA44058     20022200   22200   0                           010101010101  0 2020200   0   0   14 01000000 61
EAEA44072     0  0   0   0   0   0                           010101010101  0 0 0 200   0   0   14 00000000 10
EAEA44094     0  220222222022200 0                           010101010101  0 0 0 0 0   0   0   14 00000000 40
EAEA44126     0  0   202020220   0                           010101010101  0 0 0 0 20 00   0   14 00000000 30
EAEA44144     0  0   200 22200   200 0 0 20200 20            010101010101  0 0 220 220 220 0   14 00000000 50
EAEA44171     0  200 0   0   0   0                           010101010101  0 0 0 200   0   0   14 00000000 20
EAEA44193     0  200 0   0   0   0                           010101010101  0 0 0 0 0   0   0   14 00000000 10
EAEA44237     0  0   0   0   0   0                           010101010101  0 0 0 0 0   0   0   14 00000000 00
EAEA44249     0  0   0   0   0   0                           010101010101  0 0 0 200   0   0   14 00000000 10
EAEA44254     200200 200 20200   0                           010101010101  22200 0 0   0   0   14 00000000 60
EAEA44265     0  0   0   0   0   0                           010101010101  0 0 0 0 0   0   0   14 00000000 00
EAEA44282     0  0   22000   0   0                           010101010101  0 0 0 0 0   0   0   14 00000000 10
EAEA44298     0  0   0   0   0   0                           010101010101  0 220 200   0   0   14 00000000 20
EAEA44302     0  0   0   0   0   0                           010101010101  0 0 0 0 0   0   0   14 00000000 00
EAEA44310     2020   200 200 200 0                           010101010101  0 0 0 0 0   0   0   14000000000 40
EAEA44351     0  0   0   0   0   0                           010101010101  0 0 0 0 0   0   0   14 00000000 00
EAEA44368     2222222222222222222222222202222222212    2212  221312121212002222222222222222222214211111111127
EAEA44379     0  0   0   0   0   0                           010101010101  0 0 0 0 0   0   0   14 00000000 00
EAEA44396     0  0   0   0   0   0                           010101010101  0 0 0 0 0   0   0   14 00000000 00
EAEA44412     0  200 0   200 0   0                           010101010101  22220 220   0   20 014 00000000 60
EAEA44453     0  0   0   200 0   0                           010101010101  200 20220   220 20 214 00000000 60
EAEA44481     0  0   22000   0   0                           010101010101  0 0 0 200   0   20 014 00000000 30
EAEA44515     0  0   0       0                               010101010101  0 0 0 0 0   0   0   14 00 00000 00
EAEA44528     0  0   0   20200   0                           010101010101  0 0 20200   0   0   14 00000000 30
EAEA45034     0  200 0   0   0   0                           010101010101  0 0 0 0 0   0   0   14 00000000 10
EAEA45041     0  0   222222222222222222220 20202010    0     011313131301002022222222220   0   14 11111111 85
EAEA45062     0  200 0   0   0   0                           010101010101  0 0 0 0 0   0   0   14 00000000 10
EAEA45085     0  20200   0   0   0                           010101010101  0 0 0 0 0   0   0   14 00000000 10
EAEA45133     0  0   0   0   0   0                           010101010101  0 0 0 0 0   0   0   14 00000000 00
EAEA45158     0  0   0   0   0   0                           010101010101  0 0 0 0 0   0   0   14 00000000 00
EAEA45186     0  0   22200   0   200 0 0 220 0 0 13    0     010101010101000 200 0 0   0   0   14 00000000 21
EAEA45194     0  0   0   222222220                           010101010101  0 200 0 0   0   0   14 01000000 31
EAEA45236     0  0   0   0   0   0                           010101010101  0 0 0 0 0   0   0   14 00000000 00
EAEA45248     0  202220222022200 0                           010101010101  0 20200 0   0   220 14 00000000 70
EAEA45269     0  0   0   0   200 0                           010101010101  0 0 0 0 0   0   0   14 00000000 10
EAEA45275     200200 2200200 0   0                           010101010101  0 200 2020 00   0   14 00000000 70
EAEA45283     0  200 0   0   0   0                           010101010101  220 0 0 0   0   20 014 00000000 30
EAEA45303     0  0   0   0   0   0                           010101010101  0 0 0 0 0   20 020 014 00000000 20
EAEA45311     0  0   0   200 0   0                           010101010101  0 0 0 220   0   0   14 00000000 20
EAEA45324     0  0   0   0   0   0                           010101010101  0 0 0 0 0   0   0   14 00000000 00
EAEA45346     0  0   0   200 0   0                           010101010101  0 0 0 0 0   0   0   14 00000000 10
EAEA45352     0  0   0   200 0   0                           010101010101  0 0 0 0 0   0   20 014 00000000 20
EAEA45395     0  0   0   200 0   0                           010101010101  0 0 0 0 0   0   0   14 00000000 10
EAEA45400     22222220   0   200 220 20200 20202212    20    010101012101000 200 0 0   222020 014211000000 63
EAEA45437     22222222222222222200                           010101010101  2222222222222222222214201000000121
EAEA45454     0  200 0   20202200200 200 0 0 0 20            010101010101  0 200 220   0   0   14 00000000 50
EAEA45476     0  200 0   0   0   0                           010101010101  0 0 0 0 0   220 0   14 00000000 20
EAEA45498     0  0   0   0   0   0                           010101010101  0 0 0 0 0   0   0   14 00000000 00
EAEA45506     0  0   0   0   0   0                           010101010101  0 0 0 0 0   0   0   14 00000000 00
EAEA45531     0  0   0   0   0   0                           010101010101  0 0 0 0 0   0   0   14 00000000 00
EAEA45570     0  200 0   2020200 0                           010101010101  0 0 0 0 0   0   20 014 00000000 40
EAEA45588     0  220022000   0   0                           010101010101  0 0 0 0 0   0   0   14 00000000 20
EAEA45607     0  0   0   0   0   0                           010101010101  0 0 0 0 0   0   0   14 00000000 00
EAEA45628     0  0   0   22220   0                           010101010101  0 0 0 0 0   0   0   14 00000000 10
EAEA45630     0  200 0   0   0   0                           010101010101  0 0 0 0 0   0   0   14 00000000 10
EAEA45642     0  0   0   0   0   0                           010101010101  0 200 220   0   0   14 00000000 20
EAEA45663     0  200 2020200 0   0                           010101010101  0 0 20200   20 00   14 00000000 60
EAEA45674     0  0   0   0   22020                           010101010101  0 0 0 200   0   20 014 00000000 30
EAEA45689     0  0   0   0   0   0                           010101010101  0 0 0 0 0   0   0   14 00000000 00
EAEA45702     0  0   200 22202220220 0 0 0 22200 11    2211  010101010101000 0 0 0 20 20   0   14 11000000 43
EAEA45735     0  22000   0   22000                           010101010101  0 0 0 0 0   0   0   14 00000000 20
EAEA45747     0  0   0   0   0   0                           010101010101  0 0 0 0 0   0   0   14 00000000 00
EAEA45751     0  200 222022002200200 0 0 200 0 0             010101010101  0 0 0 200   0   0   14 00000000 50
EAEA45804     0  200 0   200 0   0                           010101010101  0 0 0 0 0   0   0   14 00000000 20
EAEA45812     0  200 0   0   0   0                           010101010101  0 0 0 0 0   0   0   14 00000000 10
EAEA45845     0  0   0   200 0   0                           010101010101  0 0 0 0 0   0   0   14 00000000 10
EAEA458665E   0  22000   22222222222222222222220 13          2301010101012 0 0 0 0 0   0   0   14 11111011 37
EAEA45899     0  222222000   22200                           010101010101  0 0 0 0 0   0   20 014 01000000 41
EAEA45918     0  22200   202022020                           010101010101  0 0 0 200   0   0   14 00000000 40
EAEA45932     0  0   200 200 0   0                           010101010101  0 0 0 0 0   0   0   14 00000000 20
EAEA45987     0  0   200 20222222200 0 0 0 0 0 0             010101010101  0 0 0 0 0   0   0   14 00000000 30
MWMW00136     0  22002200200 0   0                           010101010101  0 0 0 0 0   0   220 14 00000000 40
MWMW00169     0  0   0   0   0   0                           010101010101  0 0 0 2020 00   0   14 00000000 20
MWMW00175     0  22000   220222020                           010101010101  0 2020200   20 020 014 00000000 80
MWMW00183     0  200 0   0   0   0                           010101010101  0 0 0 0 0   0   0   14 00000000 10
MWMW00217     0  0   0   0   0   0                           010101010101  200 0 0 0   0   0   14 00000000 10
MWMW00258     0  0   200 0   0   0                           010101010101  0 0 0 0 0   0   0   14 00000000 10
MWMW00272     200200 2022222020200                           010101010101  0 200 0 0   0   20 014 00000000 70
MWMW00286     0  0   0   200 0   0                           010101010101  0 20200 0   0   0   14 00000000 30
MWMW00306     0  0   0   0   0   0                           010101010101  0 0 0 0 0   0   0   14 00000000 00
MWMW00331     0  200 0   200 0   0                           010101010101  0 0 0 0 0   0   0   14 00000000 20
MWMW00355     0  22000   0   0   0                           010101010101  0 2020220   0   0   14 00000000 40
MWMW00364     0  200 22000   0   0                           010101010101  0 0 0 220   0   222014 00000000 40
MWMW00370     2000   0   200 0   0                           010101010101  0 0 20200   22200   14 00000000 50
MWMW00388     20020222220200 0   0                           010101010101  0 0 0 0 0   0   0   14 00000000 40
MWMW00416     0  200 200 200 200 0                           010101010101  0 0 0 200   0   0   14 00000000 50
MWMW00429     0  0   0   0   0   0                           010101010101  200 0 0 0   0   0   14 00000000 10
MWMW00457     0  200 0   0   0   0                           010101010101  0 0 0 0 0   0   0   14 00000000 10
MWMW00462     0  0   0   0   0   0                           010101010101  0 0 0 0 0   0   0   14 00000000 00
MWMW00503     0  0   0   0   0   0                           010101010101  0 0 0 0 0   0   0   14 00000000 00
MWMW00511     200200 200 200 0   0                           010101010101  0 2020200   0   0   14 00000000 70
MWMW00524     0  0   0   0   0   0                           010101010101  0 0 0 0 0   0   0   14 00000000 00
MWMW00539     0  22220   22220   0                           010101010101  0 0 0 2020 20   20 214 01000000 51
MWMW00546     2000   0   0   0   0                           010101010101  0 0 0 0 0   0   0   14 00000000 10
MWMW00552                                                    010101010101                      14     0000   
MWMW00580     0  0   0   0   0   0                           010101010101  0 2020220   0   20 014 00000000 40
MWMW00595     0  0   0   200 0   0                           010101010101  0 0 200 0   0   0   14 00000000 20
MWMW00612     0  200 200 0   0   0                           010101010101  0 200 0 0   0   0   14 00000000 30
MWMW00638     0  0   200 0   0   0                           010101010101  0 0 0 0 0   0   20 014 00000000 20
MWMW00645     0  0   0   0   200 0                           010101010101  220 0 0 20 00   0   14 00000000 30
MWMW00653     22022200   0   0   0                           010101010101  0 0 0 0 0   0   220 14000000000 30
MWMW00699     0  0   0   0   0   0                           010101010101  0 0 0 0 0   0   0   14 00000000 00
MWMW00718     0  0   0   202220220                           010101010101  0 0 0 0 0   0   0   14 00000000 20
MWMW00744     0  2202200 0   0   0                           010101010101  0 200 0 22200   0   14 00000000 40
MWMW00771     0  0   0   0   0   0                           010101010101  0 20200 0   0   0   14 00000000 20
MWMW00807     0  0   0   0   0   0                           010101010101  0 200 0 220 0   0   14 00000000 20
MWMW00830     0  0   0   0   0   0                           010101010101  0 0 0 0 0   0   0   14 00000000 00
MWMW00856     0  200 0   0   0   0                           010101010101  20200 0 20 00   0   14 00000000 40
MWMW00863     0  0   2222222222220                           010101010101  220 222220 20   20 014 01000000 81
MWMW00874     22222000   0   2202200 0 0 0 200 20            010101010101  200 200 0   0   20 014000000000 60
MWMW00891     0  222022200   0   0                           010101010101  20200 20220 0   222014 01000000 71
MWMW00968     0  0   0   0   0   0                           010101010101  0 0 0 0 22200   0   14 00000000 10
MWMW00979     0  200 0   0   0   0                           010101010101  0 0 0 0 0   0   0   14 00000000 10
MWMW01040     0  0   0   0   0   0                           010101010101  0 200 0 0   0   0   14 00000000 10
MWMW01105     0  2200200 0   0   0                           010101010101  0 200 0 0   0   20 014 00000000 40
MWMW01171     0  0   0   0   0   0                           010101010101  2220200 0   0   20 014 00000000 40
MWMW01193     0  0   0   0   0   0                           010101010101  0 0 0 0 0   0   0   14 00000000 00
MWMW01200     0  0   0   0   0   0                           010101010101  0 0 0 0 0   0   0   14 00000000 00
MWMW01276     0  22200   0   0   0                           010101010101  0 0 0 0 0   0   0   14 00000000 10
MWMW01302     0  0   0   0   0   0                           010101010101  0 0 0 0 0   0   0   14 00000000 00
MWMW01347     0  200 200 0   0   0                           010101010101  0 20200 0   0   0   14 00000000 40
MWMW01351     0  0   0   0   0   0                           010101010101  0 0 0 0 0   0   0   14 00000000 00
MWMW01528     0  0   0   0   0   0                           010101010101  0 0 0 220   0   222214 00000000 20
MWMW01542     0  200 0   0   0   0                           010101010101  0 0 0 0 0   0   0   14 00000000 10
MWMW01591     0  200 0   0   0   0                           010101010101  0 0 0 0 0   0   0   14 00000000 10
MWMW01608     0  200 22220   0   0                           010101010101  200 20200   0   20 014 00000000 60
MWMW01629     0  22000   0   0   0                           010101010101  0 0 0 0 0   0   0   14 00000000 10
MWMW01634     0  220022200   200 200 0 0 200 0 0             010101010101  0 200 0 20 00   0   14 00000000 50
MWMW01657     0  200 200 22020   0                           010101010101  0 200 0 20 20   20 214 00000000 60
MWMW01673     0  200 0   0   0   0                           010101010101  0 0 0 0 0   0   0   14 00000000 10
MWMW01685     0  222220220   0   0                           010101010101  0 0 0 0 0   22200   14 00000000 30
MWMW01736     0  22002202220222000                           010101010101  0 0 0 0 20 00   20 214 00000000 60
MWMW01750     0  0   0   0   0   0                           010101010101  0 0 0 0 0   0   0   14 00000000 00
MWMW01846     0  0   0   200 0   0                           010101010101  0 0 0 0 0   220 0   14 00000000 20
MWMW01852     0  0   0   0   0   0                           010101010101  0 200 0 0   0   0   14 00000000 10
MWMW01867     0  200 0   20220   220 0 202022202013 2  20    010122111112000 20200 0   0   20 014 00000000 51
MWMW01895     0  0   0   200 0   0                           010101010101  0 0 0 0 0   0   0   14 00000000 10
MWMW01906     0  22000   0   0                               010101010101  0 0 0 0 0   0   0   14 00 00000 10
MWMW01943     0  200 0   0   0   0                           010101010101  0 0 0 0 0   0   0   14 00000000 10
MWMW01988     0  200 0   0   22020                           010101010101  0 0 0 0 0   0   0   14 00000000 20
MWMW01992     0  0   2202200 200 0                           010101010101  0 200 0 0   0   0   14 00000000 40
MWMW02008     0  0   22220   0   0                           010101010101  0 0 0 0 0   0   0   14 00000000 10
MWMW02016     0  200 22002020200 0                           010101010101  0 200 0 22220   0   14 00000000 60
MWMW02057     0  200 22000   22000                           010101010101  0 200 0 0   0   0   14 00000000 40
MWMW02090     0  0   0   0   0   0                           010101010101  0 0 0 0 0   0   0   14 00000000 00
MWMW02117     0  0   0   0   0   0                           010101010101  0 0 0 0 0   0   0   14 00000000 00
MWMW02125     0  200 0   200 0   0                           010101010101  0 0 0 200   20 00   14 00000000 40
MWMW02158     0  2200200 200 0   0                           010101010101  0 0 0 0 0   0   0   14 00000000 30
MWMW02172     202200 200 0   200 200 0 0 0 0 2020            010101010101  0 0 20200   0   0   14200000000 60
MWMW02222     0  20200   0   0   0                           010101010101  0 0 0 200   0   0   14 00000000 20
MWMW02236     200200 0   20222022200 0 0 0 0 2222                          0 0 0 200   2220220 14 00000000 72
MWMW02269     22022200   0   20200                           010101010101  0 0 0 0 0   0   0   14000000000 30
MWMW02275     0  0   0   22000   0                           010101010101  0 0 0 0 0   0   20 014 00000000 20
MWMW02283     0  0   0   0   0   0                           010101010101  0 2222220   0   0   14 00000000 30
MWMW02311     0  200 0   200 0   0                           010101010101  0 0 0 0 20 00   0   14 00000000 30
MWMW02378     0  0   0   0   0   0                           010101010101  0 0 0 200   0   20 014 00000000 20
MWMW02380     0  200 200 222022000                           010101010101  2220202020 00   0   14 00000000 90
MWMW02400     0  200 0   0   0   0                           010101010101  0 0 0 0 0   0   0   14 00000000 10
MWMW02465     0  200 0   0   0   0                           010101010101  0 0 0 0 0   0   0   14 00000000 10
MWMW02476     0  200 0   0   22000                           010101010101  0 0 0 0 0   0   0   14 00000000 20
MWMW02482     2220   0   0   0   22220 220 22202211    20    0101012101010022220 0 0   0   220 14000100000 44
MWMW02531     0  2202200 0   0   0                           010101010101  0 0 0 0 0   0   20 014 00000000 30
MWMW02543     0  200 0   200 0   0                           010101010101  0 0 0 200   0   0   14 00000000 30
MWMW02592     0  0   0   222022200                           010101010101  202020220   0   0   14 01000000 61
MWMW02689                                                    010101010101                      14     0000   
MWMW02702     0  22000   0   0   200 200 200 2022                          0 0 0 0 0   0   222014 00000000 21
MWMW02723     0  0   22000   0   0                           010101010101  0 0 0 200   0   0   14 00000000 20
MWMW02751     0  0   200 200 0   0                           010101010101  0 0 0 0 0   0   0   14 00000000 20
MWMW02768     0  20222020222022200                           010101010101  0 0 0 0 0   220 0   14 01000000 51
MWMW02779     0  0   0   0   0   0                           010101010101  0 0 0 0 0   0   0   14 00000000 00
MWMW02784     0  22002200202022000                           010101010101  0 200 0 0   0   0   14 00000000 50
MWMW02796     200200 0   0   0   0                           010101010101  0 0 0 0 0   0   0   14 00000000 20
MWMW02804     20020200   200 200 0                           010101010101  0 220 0 0   0   0   14 00000000 50
MWMW02853     0  200 2200200 200 0                           010101010101  22200 200   0   222014 00000000 80
MWMW02877     0  0   0   0   0   0                           010101010101  0 0 0 0 0   0   20 014 00000000 10
MWMW02899     0  200 0   200 0   0                           010101010101  0 0 0 0 0   0   0   14 00000000 20
MWMW02905     20022200   200 0   0                           010101010101  0 0 0 200   0   0   14 00000000 40
MWMW02932     0  200 0   200 0   0                           010101010101  0 20200 0   0   0   14 00000000 40
MWMW02944   2B200200 220222220   200 2220200 222012 2  2212 0010101010101000 0 0 0 0   0   0   14 00000000 42
MWMW02959     0  0   22000   0   0                           010101010101  0 0 200 0   0   0   14 00000000 20
MWMW02960     2022222222022200   20200 0 2020200             010101010101  0 2020200   0   0   14001000000 71
MWMW02971     200202022000   20200                           010101010101  0 200 0 0   0   20 014 00000000 60
MWMW02987     0  200 0   0   0   0                           010101010101  0 0 20220   0   0   14 00000000 30
MWMW03026     0  0   200 0   0   0                           010101010101  0 0 0 0 220 220 220 14 00000000 40
MWMW03032     0  200 0   0   0   0                           010101010101  0 0 0 0 0   0   0   14 00000000 10
MWMW03044     0  0   0   0   0   0                           010101010101  0 0 0 0 0   0   0   14 00000000 00
MWMW03060     0  0   0   200 0   0                           010101010101  0 0 0 0 0   0   0   14 00000000 10
MWMW03127     0  2200222222222202222220202020202010    2210  010122230101002020202022200   20 014 11000000103
MWMW03170     0  0   20200   0   0                           010101010101  0 0 0 0 0   0   0   14 00000000 10
MWMW03192     200200 22002020200 0                           010101010101  0 2020220   0   0   14 00000000 80
MWMW03220     0  0   0   0   0   0                           010101010101  0 0 0 0 0   0   0   14 00000000 00
MWMW03253     0  0   0   0   0   0                           010101010101  0 0 0 0 0   0   0   14 00000000 00
NWNW30020     0  0   220022000   0                           010101010101  0 0 0 0 0   0   0   14 00000000 20
NWNW30053     0  200 0   0   0   0                           010101010101  0 0 0 0 0   0   20 014 00000000 20
NWNW30066     20222020   0   0   0                           010101010101  222222220   20 20   14200000000 70
NWNW30077     0  200 0   200 0   0                           010101010101  0 0 0 0 0   0   20 214 00000000 30
NWNW30099     0  22020   0   0   0                           010101010101  2220200 20 00   20 214 00000000 60
NWNW30137     0  0   0   0   0   0                           010101010101  0 0 0 0 0   0   0   14 00000000 00
NWNW30149     0  200 200 200 0   0                           010101010101  0 0 0 200   0   0   14 00000000 40
NWNW30154     0  0   0   0   0   0                           010101010101  0 200 0 0   0   0   14 00000000 10
NWNW30176     0  0   0   0   0   0                           010101010101  0 0 0 0 0   0   0   14 00000000 00
NWNW30182     0  200 222222200   0                           010101010101  0 200 200   0   0   14 01000000 51
NWNW30205     0  0   0   0   0   0                           010101010101  0 0 0 0 0   0   0   14 00000000 00
NWNW30218     0  0   0   0   0   0                           010101010101  0 20200 0   0   0   14 00000000 20
NWNW30226     0  200 0   0   0   0                           010101010101  0 0 0 0 0   0   0   14 00000000 10
NWNW30232     2000   0   0   0   0                           010101010101  0 0 0 0 0   0   20 014 00000000 20
NWNW30244     0  220222020   0   0                           010101010101  0 0 0 0 220 0   0   14 00000000 30
NWNW30259     0  0   22222222220022220 0 2222222210    2210  1101012211110022222222222222220   14 11111000 96
NWNW30260     0  0   0   0   0   0                           010101010101  0 0 0 0 0   0   0   14 00000000 00
NWNW30293     0  200 0   0   0   0                           010101010101  0 0 0 0 20 20   0   14 00000000 20
NWNW30328     2202222220220200   22200 0 20202020            010101010101  222220220   0   20 014010000000 91
NWNW30330     0  0   0   0   0   0                           010101010101  0 0 0 0 0   0   0   14 00000000 00
NWNW30363     0  0   0   0   0   0                           010101010101  0 0 0 0 0   0   20 014 00000000 10
NWNW30374     0  0   0   0   0   0                           010101010101  0 0 200 0   0   0   14 00000000 10
NWNW30391     0  200 0   0   0   0                           010101010101  0 200 0 0   0   0   14 00000000 20
NWNW30409     0  0   0   0   0   0                           010101010101  0 0 0 0 0   0   0   14 00000000 00
NWNW30425     0  0   0   20200   200 0 0 0 200 20            010101010101  0 0 0 0 0   20 00   14 00000000 20
NWNW30433     0  0   0   22200   20200 200 0 2020            010101010101  202020200   0   0   14 00000000 50
NWNW30458     0  22000   0   0   0                           010101010101  0 0 0 0 0   0   0   14 00000000 10
NWNW30461     0  0   0   0   0   0                           010101010101  0 0 0 0 0   0   0   14 00000000 00
NWNW30486     0  0   0   0   0   0                           010101010101  0 0 0 0 0   0   0   14 00000000 00
NWNW30494     0  2020202222200   0                           010101010101  200 200 0   0   0   14 00000000 50
NWNW30502     0  0   0   2022200 220 0 0 22200 0 11    0     12010111110100202022200   0   0   14 00000000 61
NWNW30523     0  200 0   0   200 0                           010101010101  0 200 0 0   0   0   14 00000000 30
NWNW30535     0  200 0   0   220220200 0 0 200 20            010101010101  0 0 20200   0   20 014 00000000 50
NWNW30547     0  0   0   0   200 0                           010101010101  0 220 0 0   0   0   14 00000000 20
NWNW30551     200200 0   200 0   0                           010101010101  0 0 200 220 0   0   14 00000000 50
NWNW30579     0  0   0   0   0   0                           010101010101  0 0 0 0 0   0   0   14 00000000 00
NWNW30584     0  0   2202200 2202200 0 20200 2020            010101010101  0 0 0 0 0   0   0   14 00000000 30
NWNW30596     0  200 200 0   0   0                           010101010101  0 0 0 0 0   0   0   14 00000000 20
NWNW30603     0  0   0   0   0   0                           010101010101  0 0 0 0 0   0   0   14 00000000 00
NWNW30611     0  22000   200 0   0                           010101010101  0 0 2020220 220 0   14 00000000 60
NWNW30639     0  22000   0   0   0                           010101010101  0 0 20200   0   0   14 00000000 30
NWNW30646     0  200 0   200 0   0                           010101010101  0 0 0 0 0   0   0   14 00000000 20
NWNW30652     2000   0   0   0   0                           010101010101  0 22200 220 0   220 14 00000000 50
NWNW30667     0  0   0   0   0   0                           010101010101  0 0 0 0 0   0   0   14 00000000 00
NWNW30678     0  200 0   0   0   0                           010101010101  0 20200 0   0   0   14 00000000 30
NWNW30680     0  222222222222222222220 0 2222202266    2210  01010101010100202220220   220 220 14 11110000105
NWNW30719     0  0   22000   0   0                           010101010101  0 0 0 0 0   0   0   14 00000000 10
NWNW30743     0  0   0   0   0   0                           010101010101  0 0 0 0 0   0   0   14 00000000 00
NWNW30764     200220022000   0   0                           010101010101  0 200 200   0   0   14 00000000 50
NWNW30770     0  0   0   0   0   0                           010101010101  0 200 200   0   0   14 00000000 20
NWNW30808     0  0   0   0   0   0                           010101010101  0 0 0 0 0   0   0   14 00000000 00
NWNW30816     0  22000   200 0   200 0 0 0 0 200             010101010101  0 0 0 0 0   0   0   14 00000000 20
NWNW30829     200200 0   22000   0                           010101010101  0 0 0 20220 0   0   14 00000000 50
NWNW30834     0  0   0   0   0   0                           010101010101  0 0 0 0 20 00   0   14 00000000 10
NWNW30873     0  0   0   0   0   0                           010101010101  0 0 0 0 0   0   0   14 00000000 00
NWNW30885     2222222222222222222222222222222222210    20    010101010101002222222220 220 020 214211110000128
NWNW30922     0  0   200 200 0   0                           010101010101  0 0 0 220   0   220 14 00000000 40
NWNW30936     0  200 222220200   0                           010101010101  0 20200 0   0   20 014 00000000 60
NWNW30948     0  200 0   0   0   0                           010101010101  0 0 0 200   0   0   14 00000000 20
NWNW30950     0  0   0   0   0   0                           010101010101  0 0 0 0 0   0   0   14 00000000 00
NWNW30969     0  0   220222220   220 22220 20222212    2213 20101010101010020200 0 0   0   0   14 10100000 45
NWNW30997     0  22220   2022200 0                           010101010101  0 0 0 0 20 20   20 014 00000000 50
NWNW31005     0  22220   200 200 0                           010101010101  0 200 0 0   22200   14 00000000 50
NWNW31018     22020220   200 0   0                           010101010101  0 0 0 0 0   0   20 014200000000 40
NWNW31032     0  200 0   0   0   0                           010101010101  0 0 0 220   0   20 014 00000000 30
NWNW31044     0  0   0   0   0   0                           010101010101  0 0 0 0 0   0   0   14 00000000 00
NWNW31060     0  22002220222022000                           010101010101  0 200 0 220 0   0   14 01000000 61
NWNW31071     0  200 0   0   0   0                           010101010101  0 0 0 0 0   0   0   14 00000000 10
NWNW31087     0  200 2202200 200 0                           010101010101  0 20200 0   0   0   14 00000000 60
NWNW31106     0  22000   200 0   0                           010101010101  0 0 0 0 0   0   0   14 00000000 20
NWNW31119     0  0   0   0   0   0                           010101010101  0 0 0 200   0   0   14 00000000 10
NWNW31127     0  0   0   0   0   0                           010101010101  0 200 0 0   0   0   14 00000000 10
NWNW31131     0  0   0   0   0   0                           010101010101  0 0 0 0 0   0   0   14 00000000 00
NWNW311559I   0  22220   22220   2022220 0 0 202013 0        010101210101000 0 0 0 0   0   0   14 01000000 23
NWNW31164     0  0   0   0   0   0                           010101010101  0 0 0 0 0   0   0   14 00000000 00
NWNW31170                                                    010101010101                      14     0000   
NWNW31192     0  22200   0   2200202022200 0 2020                          0 0 0 20220 0   220 14 00000000 51
NWNW31204     0  200 22000   0   0                           010101010101  0 200 0 0   0   0   14 00000000 30
NWNW31212     0  0   222222000   0                           010101010101  0 0 0 0 22222222222014 00000000 50
NWNW31220     0  0   0   0   0   0                           010101010101  0 0 0 0 0   0   0   14 00000000 00
NWNW31245     0  200 0   20200   0                           010101010101  0 0 200 0   0   0   14 00000000 30
NWNW31253     0  0   0   0   0   0                           010101010101  0 0 0 0 0   0   0   14 00000000 00
NWNW31277     0  0   0   0   0   0                           010101010101  0 200 2020 00   0   14 00000000 30
NWNW31281     0  0   0   0   0   0                           010101010101  0 0 0 0 20 220 00   14 00000000 20
NWNW31299     0  2202200 0   2200200 0 0 0 0 0 0             010101010101  0 0 0 20220 0   0   14 00000000 50
NWNW31301     2020   0   0   0   0                           010101010101  0 0 0 0 0   0   220 14000000000 20
NWNW31336     0  0   0   0   0   0                           010101010101  0 0 0 0 0   0   0   14 00000000 00
NWNW31350     222200 0   22220   0                           010101010101  0 0 20200   0   220 14001000000 61
NWNW31369     0  0   0   0   0   0                           010101010101  22220 0 0   0   0   14 00000000 20
NWNW31375     0  0   0   200 0   0                           010101010101  0 0 0 0 0   0   0   14 00000000 10
NWNW31397     200200 0   0   0   0                           010101010101  0 0 0 0 220 0   0   14 00000000 30
NWNW31403     0  0   0   0   0   0                           010101010101  0 0 220 0   0   0   14 00000000 10
NWNW31424     0  22000   200 0   0                           010101010101  0 200 0 0   0   0   14 00000000 30
NWNW31439     0  22000   0   200 0                           010101010101  20200 0 0   0   0   14 00000000 40
NWNW31446     0  200 0   0   0   0                           010101010101  0 0 0 0 0   0   0   14 00000000 10
NWNW31467     0  200 0   0   0   0                           010101010101  0 0 0 200   0   0   14 00000000 20
NWNW31478     0  200 22000   0   0                           010101010101  0 0 0 200   0   0   14 00000000 30
NWNW31480     0  0   0   0   0   0                           010101010101  0 0 0 0 0   0   220 14 00000000 10
NWNW32033     0  22000   0   200 0                           010101010101  0 0 0 0 0   0   0   14 00000000 20
NWNW32058     0  0   200 0   0   0                           010101010101  0 0 0 0 0   0   0   14 00000000 10
NWNW32061                                                    010101010101                      14     0000   
NWNW32072     0  0   0   200 0   0                           010101010101  0 0 0 0 0   0   0   14 00000000 10
NWNW32086     0  0   0   0   0   0                           010101010101  0 200 0 0   0   0   14 00000000 10
NWNW32094     0  0   0   0   0   0                           010101010101  0 0 0 220   0   0   14 00000000 10
NWNW32144     0  200 0   200 0   0                           010101010101  202020200   0   0   14 00000000 60
NWNW32159     0  0   0   0   200 0                           010101010101  0 0 0 0 0   0   0   14 00000000 10
NWNW32160     0  200 0   200 0   0                           010101010101  0 0 0 2020 00   0   14 00000000 40
NWNW32171     0  2222222222220   0                           010101010101  2222222222220   0   14 01000000 81
NWNW32193     2200   0   0   22000                           010101010101  220 20220   20 220 214000000000 70
NWNW32213     0  200 0   0   0   0                           010101010101  0 0 0 0 0   0   0   14 00000000 10
NWNW32221     0  200 0   0   200 0                           010101010101  0 0 200 0   0   0   14 00000000 30
NWNW32249     0  0   0   0   0   0                           010101010101  0 0 0 0 0   0   0   14 00000000 00
NWNW32265     0  22000   0   0   0                           010101010101  0 2020220   0   20 014 00000000 50
NWNW32276     0  0   0   0   0   0                           010101010101  0 0 0 0 0   0   0   14 00000000 00
NWNW32298     0  200 0   0   0   0                           010101010101  0 0 0 0 0   0   0   14 00000000 10
NWNW32302     0  0   0   0   0   0                           010101010101  0 0 0 0 0   0   0   14 00000000 00
NWNW32335     2002022222222220   202020202220202010    0     0101010122010022200 0 20 20   20 214 01000000 82
NWNW32347     0  200 200 2020200 0                           010101010101  202022220   0   0   14 00000000 80
NWNW32368     0  200 0   0   0   0                           010101010101  0 0 0 0 0   0   0   14 00000000 10
NWNW32379     0  22020   0   0   0                           010101010101  0 0 0 0 0   0   0   14 00000000 10
NWNW32384     0  2222220022000   0                           010101010101  0 0 0 220   0   0   14 00000000 40
NWNW32412     0  0   0   0   0   0                           010101010101  0 0 0 0 0   0   0   14 00000000 00
NWNW32420     200222022000   0   0                           010101010101  0 200 0 0   0   0   14 00000000 40
NWNW32438     0  22000   0   0   0                           010101010101  0 0 0 0 0   0   0   14 00000000 10
NWNW32445     0  0   0   0   0   0                           010101010101  0 0 0 0 0   0   0   14 00000000 00
NWNW32466     0  20220   222022222222222020202222 6    2212  01010101220100222220200   0   222214 11111000 86
NWNW32481     0  0   0   0   0   0                           010101010101  0 0 0 200   0   222014 00000000 20
NWNW32507     0  200 2200200 200 200 200 20200 0             010101010101  0 0 20220   20 0222014 00000000 80
NWNW32530     0  2200220220220   200 0 2020202020            010101010101  0 22222220 00   20 014 00000000 80
NWNW32556     0  0   0   0   0   0                           010101010101  0 200 220   0   0   14 00000000 20
NWNW32629     0  200 0   200 0   0                           010101010101  0 0 0 22220 0   20 014 00000000 50
NWNW32634     2200   0   200 0   0                           010101010101  0 200 200   0   220 14000000000 50
NWNW32641     20222022220200 200 0                           010101010101  202020220   0   0   14200000000 90
NWNW32662     0  0   0   0   0   0                           010101010101  0 0 20200   0   20 014 00000000 30
NWNW32673     0  0   0   0   22200                           010101010101  0 0 0 200   0   0   14 00000000 20
NWNW32685     0  0   200 22000   0                           010101010101  0 200 0 0   0   0   14 00000000 30
NWNW32701     0  0   0   0   0   0                           010101010101  0 0 0 0 0   0   0   14 00000000 00
NWNW32736     0  200 0   0   0   0                           010101010101  0 0 0 0 0   0   0   14 00000000 10
NWNW32750     0  0   0   200 0   0                           010101010101  0 220 0 0   0   0   14 00000000 20
NWNW32769     0  20220   0   200 0                           010101010101  0 0 200 20 00   20 014 00000000 50
NWNW32775     0  22220   22200   0                           010101010101  2222202220 020 20   14 01000000 81
NWNW32783     0  200 0   200 0   0                           010101010101  200 22220   220 20 014 00000000 70
NWNW32797     0  200 0   0   0   0                           010101010101  0 0 0 0 0   0   0   14 00000000 10
NWNW32803     0  0   0   0   0   0                           010101010101  0 0 0 0 0   0   0   14 00000000 00
NWNW32811     0  200 200 200 0   0                           010101010101  200 200 20 00   20 014 00000000 70
NWNW32824     20022200   0   0   0                           010101010101  0 0 0 200   0   220 14 00000000 40
NWNW32839     0  200 200 0   2200200 0 200 0 2020            010101010101  0 200 200   0   0   14 00000000 50
NWNW32846     0  0   22200   200 0                           010101010101  0 0 0 200   20 20   14 00000000 40
NWNW32867     0  0   2222202020200                           010101010101  22200 2020 020 020 214 00000000 90
NWNW32878     0  0   0   0   0   0                           010101010101  0 0 0 0 0   0   0   14 00000000 00
NWNW32895     0  0   0   0   0   0                           010101010101  200 20200   0   0   14 00000000 30
NWNW32906     0  22020   0   0   0                           010101010101  0 2022220   0   0   14 00000000 40
NWNW32919     0  200 0   0   0   0                           010101010101  0 0 0 0 0   0   0   14 00000000 10
NWNW32927     0  0   0   0   0   0                           010101010101  0 2222222222220 0   14 00000000 50
NWNW32943     0  200 0   200 200 0                           010101010101  0 20200 0   0   220 14 00000000 60
NWNW32964     0  22000   2200200 0                           010101010101  0 200 200   0   20 214 00000000 60
NWNW32970     0  0   0   200 0   0                           010101010101  0 0 0 0 0   0   20 014 00000000 20
NWNW33027     0  200 0   0   0   0                           010101010101  0 0 0 0 0   0   0   14 00000000 10
NWNW33031     0  0   0   0   0   0                           010101010101  0 200 0 0   0   0   14 00000000 10
NWNW33043     0  0   0   0   0   0                           010101010101  0 0 0 0 0   0   0   14 00000000 00
NWNW33055     0  22000   200 0   0                           010101010101  0 0 20200   0   0   14 00000000 40
NWNW33064     0  0   0   0   0   0                           010101010101  0 222222220 0   0   14 00000000 40
NWNW33107     0  22020   22202200220 200 2020200             010101010101  200 0 200   0   0   14 10000000 51
NWNW33115     0  0   0   0   0   0                           010101010101  0 0 0 0 0   0   0   14 00000000 00
NWNW33128     0  220022220   0   0                           010101010101  0 0 0 0 0   2220222014 00000000 40
NWNW33130     2000   0   0   0   0                           010101010101  0 0 0 0 0   0   20 014 00000000 20
NWNW33451     0  0   0   0   0   0                           010101010101  0 0 0 0 0   0   0   14 00000000 00
NWNW33468     0  200 0   220022000                           010101010101  2020200 0   0   0   14 00000000 60
NWNW34489     0  200 0   0   200 0                           010101010101  0 0 0 0 20 020 020 014 00000000 50
NWNW34504     0  0   0   0   0   0                           010101010101  0 0 20200   0   0   14 00000000 20
SOSO10034     0  0   0   200 0   0                           010101010101  0 0 0 0 0   0   0   14 00000000 10
SOSO10041     0  200 0   200 200 0                           010101010101  2222222220 00   20 214 00000000 90
SOSO10117     0  222022202220200 200 0 0 0 0 220  9    20    110101010101000 200 220   0   0   14 01000000 62
SOSO101338H   0  22220   22222222220 20222222222214  20      11010101211100222222220   0   20 014 11110000 86
SOSO10140     220200 2222222222222222222222222222 3    0     012223222101000 22222220 00   20 214011111111108
SOSO10158     0  0   22000   0   0                           010101010101  0 0 0 0 0   0   220 14 00000000 20
SOSO10186     0  0   0   0   0   0                           010101010101  0 0 0 0 0   0   0   14 00000000 00
SOSO10194     0  0   0   0   0   0                           010101010101  0 0 0 200   220 0   14 00000000 20
SOSO10201     0  220022202200200 0                           010101010101  200 22220   0   0   14 00000000 70
SOSO10222     0  0   0   20200   0                           010101010101  0 0 0 0 0   0   0   14 00000000 10
SOSO10236     0  0   0   0   0   0                           010101010101  0 0 0 0 0   0   0   14 00000000 00
SOSO10248     0  200 0   0   0   0                           010101010101  200 0 0 0   0   0   14 00000000 20
SOSO10269     0  200 0   0   0   0                           010101010101  0 0 0 0 0   0   0   14 00000000 10
SOSO10275     0  200 222220200   200 0 0 0 0 0 0             010101010101  0 2020200   0   0   14 00000000 60
SOSO10303     0  0   2222220022200                           010101010101  0 0 0 0 0   0   222014 01000000 41
SOSO10311     2000   0   22202220220 0 0 220 222212    2212  010101012301000 0 0 0 20 20   20 214 11111011 55
SOSO10324     0  0   0   0   0   0                           010101010101  0 0 0 0 0   0   0   14 00000000 00
SOSO10378     0  200 22000   0   0                           010101010101  0 200 0 0   0   0   14 00000000 30
SOSO10395     0  200 0   200 0   0                           010101010101  0 0 0 200   0   0   14 00000000 30
SOSO10400     0  2222222222020   202020202020222212    0     0101012212120022220 220   0   0   14 01000000 63
SOSO10413     0  22220   222022200                           010101010101  0 0 2020220 0   0   14 01000000 61
SOSO10421     0  0   0   22000   0                           010101010101  0 0 0 0 0   0   220 14 00000000 20
SOSO10437     0  200 0   0   0   0                           010101010101  0 0 0 0 0   0   0   14 00000000 10
SOSO10449     0  200 0   200 0   0                           010101010101  0 200 200   0   0   14 00000000 40
SOSO10454     0  200 200 200 0   0                           010101010101  220 22220   0   20 014 00000000 70
SOSO10465                                                    010101010101                      14     0000   
SOSO10476     0  0   0   0   0   0                           010101010101  0 0 0 200   0   0   14 00000000 10
SOSO10498     0  200 0   0   0   0                           010101010101  0 0 0 200   0   0   14 00000000 20
SOSO10506     0  2222222222220   202220222222222213    20    220101220101002020202220 220 020 214 01100000106
SOSO10519     0  0   2202200 0   0                           010101010101  0 0 0 0 0   0   0   14 00000000 20
SOSO10527     0  200 0   200 0   0                           010101010101  0 2020200   0   0   14 00000000 50
SOSO10531     0  0   0   0   0   0                           010101010101  0 0 22220   0   0   14 00000000 20
SOSO10543     0  22220   2222200 202020200 0 2020            010101010101  2020202020 020 020 014 01000000101
SOSO10570     0  0   220222020   0                           010101010101  0 2020200   0   0   14 00000000 50
SOSO10588     0  0   0   22200   0                           010101010101  0 0 200 20 00   0   14 00000000 30
SOSO10592     0  200 22000   0   0                           010101010101  0 0 0 0 0   0   0   14 00000000 20
SOSO10628     2000   0   0   0   0                           010101010101  0 0 0 0 0   0   0   14 00000000 10
SOSO10630     0  200 0   0   0   0                           010101010101  0 0 0 2020 00   0   14 00000000 30
SOSO106562B   0  0   0   22222222222222222222222215  20      011313232311002220222220 20   0   14 11111111 78
SOSO106747G:  22022000   2222200 222222222222202213 022       22101111101000 20220 0   20 220 214210100000 86
SOSO10689     0  0   0   0   0   0                           010101010101  0 0 0 0 0   0   0   14 00000000 00
SOSO10723     0  0   0   22222222220 2222220 222212    0     0101011122010022220 0 0   0   0   14 11111000 47
SOSO10735     0  0   0   0   2220200 200 0 220 2266    2211  010101212201000 200 0 0   0   0   14 00000000 22
SOSO10768     0  200 0   0   0   0                           010101010101  0 200 0 0   0   0   14 00000000 20
SOSO10779     0  0   0   0   0   0                           010101010101  0 0 0 0 0   0   0   14 00000000 00
SOSO10784     0  200 200 200 200 0                           010101010101  0 0 0 0 0   0   0   14 00000000 40
SOSO10796     0  200 0   0   0   0                           010101010101  0 0 0 0 20 00   0   14 00000000 20
SOSO10804     0  0   0   0   0   0                           010101010101  0 0 0 0 0   0   0   14 00000000 00
SOSO10838     0  0   0   0   0   0                           010101010101  0 0 0 0 0   0   0   14 00000000 00
SOSO10845     0  0   22000   0   200 0 0 200 0 0             010101010101  0 0 0 0 0   0   220 14 00000000 20
SOSO10853     2000   0   0   200 0                           010101010101  0 0 0 2020 20   20 214 00000000 50
SOSO10881     0  200 22020   0   0                           010101010101  0 2020200   0   0   14 00000000 50
SOSO10899     0  0   0   200 0   0                           010101010101  0 0 0 0 0   220 20 014 00000000 30
SOSO10905     0  22220   0   0   0                           010101010101  0 0 0 220   0   0   14 00000000 20
SOSO10918     0  0   0   0   0   0                           010101010101  0 0 0 220   0   0   14 00000000 10
SOSO10926     0  0   200 200 0   0                           010101010101  0 200 0 20 22220220 14 00000000 60
SOSO10959     0  0   0   0   0   0                           010101010101  0 0 0 0 0   0   0   14 00000000 00
SOSO10960     0  22200   0   0   200 0 0 0 200 0             010101010101  0 0 0 0 0   0   0   14 00000000 10
SOSO10993     2000   0   0   200 0                           010101010101  0 2020200   0   222014 00000000 60
SOSO11001     2020   0   0   0   200 0 0 0 0 2020            010101010101  0 0 20200   20 00   14000000000 40
SOSO11050     2000   0   0   0   0                           010101010101  0 0 0 0 0   0   0   14 00000000 10
SOSO11069     0  0   0   0   0   0                           010101010101  0 0 0 0 0   0   0   14 00000000 00
SOSO11102     0  0   222022200   0                           010101010101  0 0 0 0 0   0   0   14 01000000 21
SOSO11110     0  200 0   0   0   0                           010101010101  0 0 0 200   0   0   14 00000000 20
SOSO11135     0  0   222022000   0                           010101010101  0 0 0 0 0   0   0   14 00000000 20
SOSO11147     0  22002222200 0   0                           010101010101  20200 0 0   20 0220 14 00000000 70
SOSO11151     0  0   0   0   0   0                           010101010101  0 0 0 2020 20   20 214 00000000 30
SOSO11196     0  0   0   0   0   0                           010101010101  0 0 0 0 0   0   0   14 00000000 00
SOSO11208     0  200 0   0   0   0                           010101010101  0 0 0 220   0   0   14 00000000 20
SOSO11216     0  200 0   0   0   0                           010101010101  0 0 0 0 0   0   0   14 00000000 10
SOSO11229     0  0   200 2220200 202020200 202020            010101010101  200 0 220   0   0   14 00000000 50
SOSO11234     0  200 0   200 0   0                           010101010101  0 0 0 0 0   0   0   14 00000000 20
SOSO11241     0  22020   0   200 0                           010101010101  0 200 200   220 0   14 00000000 50
SOSO11257     0  0   0   0   0   0                           010101010101  0 2020200   0   20 214 00000000 40
SOSO11262     0  0   0   200 0   0                           010101010101  0 0 0 0 0   0   0   14 00000000 10
SOSO11273     0  200 0   2020200 0                           010101010101  0 0 200 0   0   220 14 00000000 50
SOSO11290     0  200 0   0   0   0                           010101010101  0 200 0 0   0   0   14 00000000 20
SOSO11305     0  200 0   200 0   0                           010101010101  200 200 22222222222214 00000000 70
SOSO11318     0  200 200 0   0   0                           010101010101  0 0 0 0 0   0   0   14 00000000 20
SOSO11326     0  200 0   0   0   0                           010101010101  0 0 0 200   0   0   14 00000000 20
SOSO11332     0  0   0   0   0   0                           010101010101  0 0 0 0 0   0   0   14 00000000 00
SOSO11344     0  0   200 200 0   0                           010101010101  20200 2022220   0   14 00000000 60
SOSO11359     0  200 220022202200200 0 0 20200 20            010101010101  0 20200 0   220 0   14 00000000 70
SOSO11387     2000   22022020200 0                           010101010101  20200 200   0   220 14 00000000 80
SOSO11393     0  200 200 0   0   0                           010101010101  0 0 0 0 220 0   0   14 00000000 30
SOSO11407     0  0   22020   0   0                           010101010101  0 0 0 0 0   0   0   14 00000000 10
SOSO11415     0  0   0   22200   220 22222222222211    0     0101010123232 22220 22220 0   20 214 00100000 65
SOSO11430     0  0   0   0   0   0                           010101010101  0 0 0 0 0   0   0   14 00000000 00
SOSO11442     0  200 220022000   0                           010101010101  0 0 20200   0   220 14 00000000 60
SOSO11463     0  22000   0   0   0                           010101010101  0 20200 0   0   0   14 00000000 30
SOSO11474     0  0   0   200 0   0                           010101010101  0 2020200   0   0   14 00000000 40
SOSO11504     2020   2220200 0   20200 0 0 20200             010101010101  0 200 0 220 20 220 014000000000 70
SOSO11520     2000   0   20222220200 0 200 0 200             010101010101  2220202020 00   0   14 00000000 80
SOSO11538     0  200 0   0   0   0                           010101010101  0 0 20200   0   0   14 00000000 30
SOSO11553     0  22220   0   22200                           010101010101  0 2222220   0   220 14 01000000 61
SOSO11581     0  200 2200200 22000                           010101010101  2020200 0   0   0   14 00000000 70
SOSO11599     0  22020   0   0   0                           010101010101  0 0 0 200   0   0   14 00000000 20
SOSO11600     0  0   0   0   0   0                           010101010101  0 0 0 0 0   0   0   14 00000000 00
SOSO11613     0  0   0   200 0   0                           010101010101  0 0 0 0 0   0   0   14 00000000 10
SOSO11621     0  0   0   0   0   0                           010101010101  0 0 0 0 0   0   0   14 00000000 00
SOSO11637     0  0   0   200 0   0                           010101010101  0 0 0 0 0   0   0   14 00000000 10
SOSO11649     0  2200222220220   0                           010101010101  0 200 20222020 020 014 00000000 80
SOSO11654     20222220   20220   0                           010101010101  0 200 0 0   0   0   14000000000 40
SOSO11665     0  22020   20200   0                           010101010101  0 200 2020 00   20 014 00000000 60
SOSO11676     0  0   0   0   0   0                           010101010101  0 0 0 0 0   0   0   14 00000000 00
SOSO11682     0  200 0   200 0   0                           010101010101  200 0 0 0   0   0   14 00000000 30
SOSO11717     0  0   0   22000   0                           010101010101  0 200 0 0   20 020 014 00000000 40
SOSO11733     0  22000   200 0   200 0 0 0 0 0 20            010101010101  0 200 200   0   0   14 00000000 40
SOSO11758     0  200 0   0   22000                           010101010101  200 0 0 20 00   0   14 00000000 40
SOSO11772     2000   0   0   0   0                           010101010101  0 22200 20 00   0   14 00000000 40
SOSO11786     0  0   0   0   0   0                           010101010101  0 200 0 22200   220 14 00000000 30
SOSO11794     0  200 200 200 0   0                           010101010101  0 20220 0   0   0   14 00000000 50
SOSO11819     0  200 0   200 0   0                           010101010101  0 0 0 200   0   0   14 00000000 30
SOSO11864     0  200 0   0   0   0                           010101010101  0 0 220 0   20 20   14 00000000 30
SOSO118884D   0  22000   0   2222200 20220 0 202012 0        010101232201000 2020200   0   0   14 00000000 51
SOSO11892     0  200 0   0   0   0                           010101010101  0 0 0 20220 220 0   14 00000000 40
SOSO11903     0  0   0   22222222220 20200 0 2220 6    22 6  010101010101000 0 22222222222220 214 11000000 73
SOSO11911     0  0   0   200 0   0                           010101010101  0 0 200 0   0   0   14 00000000 20
SOSO11924     0  0   0   200 0   0                           010101010101  0 0 0 0 20 020 00   14 00000000 30
SOSO11946     0  0   0   0   0   0                           010101010101  0 0 0 0 0   0   0   14 00000000 00
SOSO11952     20022000   200 0   0                           010101010101  0 0 0 200   0   0   14 00000000 40
SOSO11967     2222222222222222222220 0 200 0 0 0             010101010101  0 0 220 0   0   220 14011000000 72
SOSO11978     0  0   0   200 200 0                           010101010101  0 0 0 0 220 0   0   14 00000000 30
SOSO11980     0  0   0   0   0   0                           010101010101  0 0 0 0 22200   0   14 00000000 10
SOSO11995     0  0   0   200 0   0                           010101010101  0 0 0 0 0   0   0   14 00000000 10
SOSO12013     0  0   0   0   0   0                           010101010101  0 0 0 0 0   0   0   14 00000000 00
SOSO12021     0  0   0   0   0   0                           010101010101  220 0 2220 20   0   14 00000000 30
SOSO12037     22222220   222222020                           010101010101  2222222220 00   20 014001000000101
SOSO12049     0  0   0   0   0   0                           010101010101  0 0 0 0 0   0   0   14 00000000 00
SOSO12054     0  2220220022000   0                           010101010101  20200 2020 00   0   14 00000000 70
SOSO12065     0  200 22000   0   0                           010101010101  0 0 0 0 0   0   20 014 00000000 30
SOSO12076     0  0   0   22200   200 0 20200 2020            010101010101  0 200 220   0   0   14 00000000 30
SOSO12082     0  0   0   0   0   0                           010101010101  0 0 0 0 0   0   0   14 00000000 00
SOSO12098     0  0   0   0   0   0                           010101010101  0 0 0 0 0   0   20 214 00000000 10
SOSO12114     0  0   22020   0   0                           010101010101  0 0 0 200   0   0   14 00000000 20
SOSO12122     0  200 0   22020   0                           010101010101  202020220   0   0   14 00000000 60
SOSO12150     0  0   0   0   0   0                           010101010101  0 0 0 0 0   0   0   14 00000000 00
SOSO12169     222200 0   0   0   0                           010101010101  0 200 2220 220 020 014200000000 70
SOSO12175     0  0   0   0   0   0                           010101010101  0 0 0 0 0   0   0   14 00000000 00
SOSO12183     0  200 0   20200   200 200 0 0 200             010101010101  0 0 0 0 0   0   0   14 00000000 20
SOSO12197     0  22200   0   0   0                           010101010101  0 0 0 0 0   0   0   14 00000000 10
SOSO12209     0  0   0   0   0   0                           010101010101  0 0 0 200   0   0   14 00000000 10
SOSO12225     2000   0   20200   0                           010101010101  0 2020200   220 0   14 00000000 60
SOSO12240     0  22000   0   200 0                           010101010101  0 200 0 0   0   0   14 00000000 30
SOSO12272     0  0   0   0   0   0                           010101010101  0 200 0 0   20 020 014 00000000 30
SOSO12286     0  0   0   0   22200                           010101010101  220 0 0 0   0   0   14 00000000 20
SOSO12306     0  0   0   0   0   0                           010101010101  0 0 0 0 0   0   0   14 00000000 00
SOSO12319     0  200 0   0   0   0                           010101010101  0 0 0 0 0   0   0   14 00000000 10
SOSO12327     0  0   0   0   0   0                           010101010101  0 0 0 0 0   0   0   14 00000000 00
SOSO12331     0  0   2202200 0   0                           010101010101  0 0 0 0 0   0   0   14 00000000 20
SOSO12364     0  0   0   0   0   0                           010101010101  0 0 0 0 0   0   0   14 00000000 00
SOSO12370     0  0   0   0   0   0                           010101010101  0 0 0 0 0   0   0   14 00000000 00
SOSO12392     0  22000   200 0   200 0 200 0 0 0             010101010101  0 0 20220   0   0   14 00000000 40
SOSO12434     0  0   0   0   0   0                           010101010101  0 0 0 0 0   0   0   14 00000000 00
SOSO12441     0  0   0   2220200 0                           010101010101  0 0 0 0 0   0   0   14 00000000 20
SOSO12457     2000   200 200 0   0                           010101010101  0 2222220   20 220 014 00000000 80
SOSO12462     20022020   220222020                           010101010101  22220 220   2222222214 00000000 90
SOSO12473     0  0   0   0   0   0                           010101010101  0 0 0 0 0   0   0   14 00000000 00
SOSO12503     0  0   0   0   0   0                           010101010101  0 0 0 0 0   0   0   14 00000000 00
SOSO12511     0  22020   200 0   0                           010101010101  0 0 0 200   0   0   14 00000000 30
SOSO12524     2020   0   22200   0                           010101010101  202020200   20 020 214000000000 80
SOSO12539     0  0   0   0   0   0                           010101010101  0 0 0 0 0   0   0   14 00000000 00
SOSO12546     0  22200   200 0   0                           010101010101  22220 2020 00   0   14 00000000 60
SOSO12552     0  0   0   20220   0                           010101010101  0 0 0 0 0   0   0   14 00000000 10
SOSO12567     0  0   0   0   0   0                           010101010101  0 0 0 0 0   0   0   14 00000000 00
SOSO12578     0  200 0   20202202200 0 2020202020            010101010101  202020200   20 00   14 00000000 80
SOSO12580     0  0   0   22200   200 0 0 0 0 0 22                          2222200 0   2222222014 00000000 61
SOSO12595     0  200 0   0   0   0                           010101010101  0 0 0 0 0   0   0   14 00000000 10
SWSW20010     2000   0   200 0   0                           010101010101  0 0 0 0 0   20 00   14 00000000 30
SWSW20035     2000   0   0   0   0                           010101010101  0 200 0 0   20 020 214 00000000 40
SWSW20051     222200 0   0   0                               010101010101  0 0 0 0 0   0   0   14200 00000 20
SWSW20068     0  200 200 200 22020                           010101010101  0 0 20200   0   0   14 00000000 60
SWSW20079     2202200222222202020222220200 0 202013    0     01010101220100202022222220220 20 014011000000123
SWSW20084     0  0   0   0   0   0                           010101010101  20200 0 0   0   0   14 00000000 20
SWSW200967G   0  0   0   22222222022222222222222214          010101010101100 22222222222222222214 11000000 82
SWSW20103     0  202222220   0   0                           010101010101  220 0 0 0   0   20 214 00000000 40
SWSW20111     0  200 0   200 0   0                           010101010101  0 0 0 200   0   0   14 00000000 30
SWSW20139     0  22020   20200   0                           010101010101  0 200 0 0   0   222014 00000000 40
SWSW20146     0  0   0   0   0   0                           010101010101  0 0 0 0 0   0   0   14 00000000 00
SWSW20167     0  22000   220022200                           010101010101  22220 200   0   0   14 00000000 60
SWSW20180     0  0   0   0   0   0                           010101010101  0 0 0 0 0   0   0   14 00000000 00
SWSW20195     0  200 0   0   22220                           010101010101  0 200 0 0   0   0   14 00000000 30
SWSW20228                                                    010101010101                      14     0000   
SWSW20230     0  20200   0   0   0                           010101010101  0 0 0 0 0   0   0   14 00000000 10
SWSW20242     0  0   0   0   0   0                           010101010101  0 0 0 0 0   0   0   14 00000000 00
SWSW202633C9  0  0   220222202022200 220 0 20222013 022      01010101010100202222200   0   0   14 00000000 72
SWSW20274     0  0   0   0   0   0                           010101010101  0 0 0 0 22220   0   14 00000000 10
SWSW20289     0  200 0   200 0   0                           010101010101  0 0 0 0 0   0   0   14 00000000 20
SWSW20291     0  200 0   0   0   0                           010101010101  0 0 0 0 0   0   0   14 00000000 10
SWSW20309     0  200 0   0   0   0                           010101010101  0 0 0 0 0   0   0   14 00000000 10
SWSW20325     2000   0   200 0   0                           010101010101  0 200 200   0   0   14 00000000 40
SWSW20333     0  20220   222022000                           010101010101  0 0 0 0 0   0   0   14 00000000 30
SWSW20358     0  0   2220200 0   0                           010101010101  0 0 0 0 0   0   0   14 00000000 20
SWSW20394     2022222222222222222220 0 0 200 0 2212    0     010122220101000 220 22222222220   14211000000 93
SWSW20406     0  0   0   0   0   0                           010101010101  220 0 0 0   0   0   14 00000000 10
SWSW20419     0  0   0   200 0   0                           010101010101  0 0 0 0 0   0   0   14 00000000 10
SWSW20427     0  0   0   20200   200 200 0 200 0             010101010101  0 0 20200   0   0   14 00000000 30
SWSW20431     2220   0   22000   200 200 2020200             010101010101  0 22220 0   0   20 214200000000 50
SWSW20443     2000   0   200 0   0                           010101010101  0 0 22220   0   0   14 00000000 40
SWSW20455     0  0   0   0   0   0                           010101010101  0 0 0 0 0   0   0   14 00000000 00
SWSW20464     0  2220222022220   0                           010101010101  220 0 0 20 20   0   14 01000000 51
SWSW20492     0  200 0   0   0   0                           010101010101  0 0 20200   0   0   14 00000000 30
SWSW20500     0  0   0   0   0   0                           010101010101  0 0 0 0 22202220222014 00000000 30
SWSW20521     0  200 0   0   0   0                           010101010101  0 0 0 0 0   0   0   14 00000000 10
SWSW20549     0  0   0   200 0   0                           010101010101  2220202222200   222014 00000000 70
SWSW20565                                                    010101010101                      14     0000   
SWSW20582     0  0   0   0   0   0                           010101010101  0 0 0 0 0   0   0   14 00000000 00
SWSW20598     0  0   0   200 0   0                           010101010101  0 0 0 0 0   0   0   14 00000000 10
SWSW20614     0  0   0   0   0   0                           010101010101  0 0 0 0 220 0   0   14 00000000 10
SWSW20622     0  0   0   20200   0                           010101010101  0 0 0 200   0   0   14 00000000 20
SWSW20650     0  0   0   0   0   0                           010101010101  0 0 0 0 0   0   0   14 00000000 00
SWSW20697     0  0   0   0   0   0                           010101010101  0 0 0 0 0   0   0   14 00000000 00
SWSW20708     0  0   0   0   0   0                           010101010101  200 0 0 0   22200   14 00000000 20
SWSW20716     0  0   0   200 0   0                           010101010101  0 0 202020 2222220 214 00000000 60
SWSW20741     0  0   0   22000   200 0 0 0 0 0 0             010101010101  0 0 0 0 0   0   0   14 00000000 10
SWSW20757     0  0   0   22022202200 0 0 0 20200             010101010101  0 0 0 220   0   0   14 00000000 30
SWSW20762     0  22020   0   200 0                           010101010101  200 20200   0   0   14 00000000 50
SWSW20773     0  200 200 0   0   0                           010101010101  0 0 0 0 0   0   0   14 00000000 20
SWSW20790     0  22000   22020   0                           010101010101  0 0 0 0 0   0   0   14 00000000 20
SWSW20805     0  22200   0   0   0                           010101010101  0 0 0 0 0   0   0   14 00000000 10
SWSW20818     0  200 0   200 0   0                           010101010101  0 0 0 200   0   0   14 00000000 30
SWSW20826     0  0   0   0   0   0                           010101010101  0 0 0 0 0   0   0   14 00000000 00
SWSW20832     0  0   0   0   0   0                           010101010101  0 0 0 0 0   0   0   14 00000000 00
SWSW20844     0  0   0   0   0   0                           010101010101  0 220 200   0   0   14 00000000 20
SWSW20859     0  0   2200200 0   0                           010101010101  0 0 200 0   0   0   14 00000000 30
SWSW20893     200220022022020200 200 0 0 200 0 20            010101010101  0 2020200   0   0   14 00000000 80
SWSW20920     0  0   2200200 0   0                           010101010101  0 0 0 0 0   0   0   14 00000000 20
SWSW20938     0  0   200 0   0   0                           010101010101  0 2020220   0   0   14 00000000 40
SWSW20945     0  0   0   0   0   0                           010101010101  0 0 0 0 0   0   0   14 00000000 00
SWSW20953     2000   0   200 0   0                           010101010101  0 0 202020 220 220 014 00000000 70
SWSW20966     2220   0   0   0   200 200 20202020            010101010101  200 0 0 0   20 00   14000000000 30
SWSW20981     0  0   0   0   0   0                           010101010101  200 0 0 0   0   0   14 00000000 10
SWSW21015     0  20200   0   0   0                           010101010101  0 0 0 0 0   0   0   14 00000000 10
SWSW21028     0  0   0   200 0   0                           010101010101  0 200 0 0   0   0   14 00000000 20
SWSW21030     0  200 222020200   0                           010101010101  0 0 0 0 0   0   0   14 00000000 30
SWSW21042     0  200 0   200 0   0                           010101010101  0 0 0 0 0   0   0   14 00000000 20
SWSW21074     0  2222222020200   2222220 22220 0 66    0     010101010101002222220 0   0   0   14 11110000 65
SWSW21091     0  20200   2020200 20220 0 0 0 0 0 10    2210  010101010101000 0 0 0 22200   0   14 00000000 41
SWSW21157     2220   2222222022202222220 2222222212    0     010101012322002222222220 220 20   14011111111107
SWSW21162     0  200 0   0   0   0                           010101010101  0 0 0 0 0   0   0   14 00000000 10
SWSW21185     0  0   0   0   0   0                           010101010101  0 0 0 200   20 020 014 00000000 30
SWSW21202     0  0   0   0   2220222222222222222014 2  0     010101010101000 200 0 20 20   0   14 00100000 35
SWSW21247     0  0   0   0   0   0                           010101010101  0 0 0 0 0   0   0   14 00000000 00
SWSW21251     0  200 0   0   200 0                           010101010101  0 0 0 200   0   0   14 00000000 30
SWSW21304     0  22000   200 200 0                           010101010101  0 200 200   0   0   14 00000000 50
SWSW21353     0  20200   20200   0                           010101010101  0 200 0 0   0   0   14 00000000 30
SWSW21366     0  0   0   200 0   0                           010101010101  0 0 0 0 0   0   0   14 00000000 10
SWSW21377     0  0   0   0   0   0                           010101010101  2020200 0   0   0   14 00000000 30
SWSW21381     0  0   0   0   0   0                           010101010101  0 0 0 0 0   0   0   14 00000000 00
SWSW21401     0  0   0   0   0   0                           010101010101  0 0 220 0   0   0   14 00000000 10
SWSW21436     0  20200   20220   200 0 0 0 0 0 20            010101010101  0 200 0 0   0   0   14 00000000 30
SWSW21450     0  0   0   0   0   0                           010101010101  0 22200 0   0   0   14 00000000 20
SWSW21469     0  0   0   0   0   0                           010101010101  0 0 20200   0   0   14 00000000 20
SWSW21483     0  0   0   200 0   0                           010101010101  0 0 0 0 0   0   0   14 00000000 10
SWSW21526     2220   0   0   0   200 200 0 0 2020            010101010101  0 0 0 200   0   220 14200000000 30
SWSW21532     0  200 0   0   0   0                           010101010101  0 0 0 0 0   220 220 14 00000000 30
SWSW21544     222200 200 0   0   2020202020202020            010101010101  0 202222220 2220222014000000000 90
SWSW21559     0  0   0   0   0   0                           010101010101  0 0 0 0 0   0   0   14 00000000 00
SWSW21571     0  200 0   200 0   0                           010101010101  0 0 0 0 0   0   0   14 00000000 20
SWSW21587     0  22000   0   0   0                           010101010101  0 0 0 0 0   0   0   14 00000000 10
SWSW21606     0  200 2222200 0   200 0 0 0 0 0 20            010101010101  0 0 0 0 0   0   0   14 00000000 30
SWSW21619     0  200 0   200 0   0                           010101010101  0 0 0 0 0   0   0   14 00000000 20
SWSW21627     0  0   0   0   0   0                           010101010101  0 0 0 0 0   0   0   14 00000000 00
SWSW21643     0  0   0   202222020                           010101010101  0 0 20200   0   0   14 00000000 40
SWSW21655     0  0   0   0   0   0                           010101010101  0 0 0 0 0   0   0   14 00000000 00
SWSW21670     0  200 222022000   0                           010101010101  0 0 0 0 0   0   0   14 00000000 30
SWSW21688     0  0   0   0   0   0                           010101010101  0 0 200 0   20 00   14 00000000 20
SWSW21739     0  200 0   2202200 0                           010101010101  0 0 20200   0   0   14 00000000 50
SWSW21752     0  0   0   0   0   0                           010101010101  0 0 200 0   0   0   14 00000000 10
SWSW21795     0  22002200    2222200 0 0 0 0 0 0             010101010101  0 0 0 0 0   0   0   14 0 000000 30
SWSW21800     0  0   0   200 0   0                           010101010101  0 0 200 0   0   20 014 00000000 30
SWSW21898     0  0   0   0   0   0                           010101010101  0 0 0 0 0   0   0   14 00000000 00
SWSW21909     0  20200   0   0   0                           010101010101  0 0 0 0 0   0   0   14 00000000 10
SWSW21917     0  22220   22222222200 0 0 0 0 200             010101010101  200 200 0   20 00   14 01000000 61
SWSW21925     0  0   0   0   0   0                           010101010101  0 0 0 0 0   0   0   14 00000000 00
SWSW21933     0  0   0   0   0   0                           010101010101  0 0 0 0 0   0   0   14 00000000 00
SWSW21986     0  22000   200 0   0                           010101010101  0 0 200 0   0   0   14 00000000 30
SWSW22019     2220   0   0   0   0                           010101010101  0 0 200 0   0   220 14000000000 30
SWSW22031     0  200 0   0   0   0                           010101010101  0 0 0 0 0   0   0   14 00000000 10
SWSW22142     2220   0   22000   220 0 0 0 0 0 20            010101010101  0 2222220   0   0   14210000000 51
SWSW22189     0  0   0   0   0   0                           010101010101  0 0 20200   0   0   14 00000000 20
SWSW22191     0  0   200 0   0   0                           010101010101  0 0 0 0 0   0   0   14 00000000 10
SWSW22224     0  200 0   20200   0                           010101010101  0 0 0 0 0   0   0   14 00000000 20
SWSW22252     0  0   0   0   0   0                           010101010101  0 0 0 0 0   0   0   14 00000000 00
SWSW22267     0  0   0   0   0   0                           010101010101  0 0 0 0 0   0   0   14 00000000 00
SWSW22280     0  0   0   0   0   0                           010101010101  200 0 0 0   0   0   14 00000000 10
SWSW22295     0  22000   22000   0                           010101010101  0 0 200 0   0   0   14 00000000 30
SWSW22313     0  22200   200 0   200 0 220 22222212    2212  010101222201000 0 22220   0   0   14 00100000 44
SWSW22398     0  0   0   0   0   0                           010101010101  0 0 0 0 0   0   0   14 00000000 00
SWSW22402     0  200 0   200 0   0                           010101010101  0 0 0 0 0   0   0   14 00000000 20
SWSW22410     0  200 0   200 0   0                           010101010101  0 0 0 0 0   0   220 14 00000000 30
SWSW22451     0  200 0   0   2200                            010101010101  0 0 0 0 0   0   222214 00 00000 30
SWSW22468     0  200 0   0   0   0                           010101010101  0 0 0 0 0   0   0   14 00000000 10
SWSW22484     0  0   0   200 0   0                           010101010101  0 0 0 0 0   0   0   14 00000000 10
SWSW22517     0  0   0   200 22220                           010101010101  0 220 220   0   0   14 00000000 40
SWSW22533     0  0   0   0   0   0                           010101010101  0 0 0 0 0   0   222214 00000000 10
SWSW22558     0  0   0   0   0   0                           010101010101  0 0 0 0 0   0   0   14 00000000 00
SWSW22594     0  200 0   0   200 0                           010101010101  0 0 0 200   0   0   14 00000000 30
SWSW22605     0  0   200 0   0   0                           010101010101  0 0 0 0 0   0   0   14 00000000 10
SWSW22659     2202202220222200   220 0 0 22202222 5    20    011212110101000 2222220   0   20 014210100000 84
SWSW22712     0  0   0   0   0   0                           010101010101  0 0 0 0 0   0   0   14 00000000 00
SWSW22720     0  200 0   22000   0                           010101010101  0 0 0 0 220 0   0   14 00000000 30
SWSW22766     0  22220   0   22020                           010101010101  200 20220   22200   14 00000000 60
SWSW22781     2200   0   0   0   0                           010101010101  0 0 0 200   0   0   14000000000 20
SWSW22850     0  22002022200 220222220 0 0 22202212    20    21012123120100222020220   0   20 014 10100000 94
SWSW22869     0  0   0       0                               010101010101  0 0 200 0   0   0   14 00 00000 10
SWSW22875     22222020   20202222222222220 222220 3    0     1201232323122 22200 0 220 2220220 14211111111 97
SWSW22883     0  0   0   0   0   0                           010101010101  0 0 20220   22200   14 00000000 30
SWSW22897     0  0   0   20200   0                           010101010101  0 0 20200   0   0   14 00000000 30
SWSW22929     2220   0   0   0   0                           010101010101  0 20200 20 00   0   14000000000 40
SWSW22957     0  200 0   0   0   0                           010101010101  0 0 0 0 0   0   0   14 00000000 10
SWSW22973     0  22220   220022020                           010101010101  0 0 2222220 20 20   14 00000000 70
SWSW22990     0  200 0   0   0   0                           010101010101  0 0 20200   0   0   14 00000000 30
SWSW23008     0  200 0   200 0   0                           010101010101  0 0 0 200   0   0   14 00000000 30
SWSW23016     0  0   0   0   0   0                           010101010101  0 0 0 0 0   0   0   14 00000000 00
SWSW230298H   0  22000   20222202200 0 202020222014          010101010101000 200 200   0   0   14 00000000 51
SWSW23041     2000   0   0   0   0                           010101010101  0 0 20200   0   0   14 00000000 30
SWSW23057     0  0   200 0   0   0                           010101010101  0 0 0 0 0   0   20 014 00000000 20
SWSW23062     220200 0   0   0   0                           010101010101  0 0 0 0 0   0   0   14000000000 20
SWSW23085     0  22020   0   0   0                           010101010101  0 0 0 0 0   0   0   14 00000000 10
SWSW23090     0  0   22220   0   0                           010101010101  0 0 0 0 0   0   0   14 00000000 10
SWSW23109     0  0   0   200 0   0                           010101010101  0 200 0 0   220 20 014 00000000 40
SWSW23125     0  0   0   0   0   0                           010101010101  0 0 0 0 0   0   0   14 00000000 00
SWSW23133     0  200 0   200 0   0                           010101010101  0 20200 0   0   0   14 00000000 40
SWSW23140     0  22200   0   0   0                           010101010101  0 200 0 0   0   220 14 00000000 30
SWSW23172     20022000   22200   20220 2222222222 9    22 9  11220122220100220 222220 220 220 214 00100000 95
SWSW23269     0  0   0   0   0   0                           010101010101  0 0 0 0 220 0   0   14 00000000 10
SWSW23303     0  22200   22200   20200 0 2220222213 2  2214  01222212010100202020200   0   20 014 01100000 74
SWSW23339     0  0   0   0   0   0                           010101010101  0 0 0 0 0   0   0   14 00000000 00
SWSW23346     0  0   0   0   0   0                           010101010101  22200 0 0   0   0   14 00000000 20
SWSW23352     0  0   0   0   0   0                           010101010101  0 0 0 0 0   0   0   14 00000000 00
SWSW23380     0  0   0   0   0   0                           010101010101  0 0 0 0 0   0   0   14 00000000 00
SWSW23400     20220200   2020200 0                           010101010101  220 0 0 0   20 020 014000000000 70
SWSW23413     0  0   0   200 0   0                           010101010101  0 0 0 0 0   0   20 014 00000000 20
SWSW23437     0  0   220022000   0                           010101010101  0 0 0 0 0   0   20 014 00000000 30
SWSW23454     220200 0   22200   0                           010101010101  0 0 20220   0   0   14200000000 50
SWSW23476     202200 0   22020   0                           010101010101  2022200 20 2220 0   14000000000 80
SWSW23482     0  0   200 0   0   0                           010101010101  0 0 0 0 0   0   20 214 00000000 20
SWSW23498     0  200 0   0   0   0                           010101010101  0 0 0 0 0   0   20 014 00000000 20
SWSW23519     0  200 0   0   0   0                           010101010101  0 20200 0   0   0   14 00000000 30
SWSW23527     0  0   200 0   0   0                           010101010101  0 0 0 0 0   0   0   14 00000000 10
SWSW23543     0  0   0   0   0   0                           010101010101  0 0 0 0 0   0   0   14 00000000 00
SWSW23555     0  0   0   0   0   0                           010101010101  0 0 0 0 0   0   0   14 00000000 00
SWSW23564     0  0   0   0   0   0                           010101010101  220 0 0 222020 20   14 00000000 30
SWSW23607     0  200 0   20200   0                           010101010101  0 0 0 0 0   0   20 014 00000000 30
SWSW23630     0  0   0   0   0   0                           010101010101  0 200 200   0   0   14 00000000 20
SWSW23663     0  220022200   0   0                           010101010101  0 0 0 0 0   0   0   14 00000000 20
SWSW23689     0  200 0   0   22000                           010101010101  0 0 0 0 0   0   0   14 00000000 20
SWSW23702     0  0   0   0   0   0                           010101010101  0 0 0 0 0   0   0   14 00000000 00
SWSW23710     0  0   200 0   0   0                           010101010101  0 0 0 200   0   0   14 00000000 20
SWSW23735     0  220222022022200 0                           010101010101  0 220 0 0   20 020 014 00000000 70
SWSW23751     0  200 200 0   0   0                           010101010101  0 0 0 0 0   0   0   14 00000000 20
SWSW237683C   0  22000   0   0   200 0 20200 0 2214          011101110101000 0 2020222020 00   14 00000000 51
SWSW23796     0  22020   0   0   0                           010101010101  0 0 0 0 0   0   0   14 00000000 10
SWSW23812     0  200 0   0   0   0                           010101010101  0 0 0 0 0   0   0   14 00000000 10
SWSW23838     0  0   0   0   0   0                           010101010101  0 0 0 0 0   0   0   14 00000000 00
SWSW23845     0  0   22200   0   22220 0 0 0 0 0 12    20    0101010101012 0 0 0 0 0   0   0   14 00000000 11
