NWNW30020162    113    1                      112    1                      110                             0                             0                             0                             
NWNW30045161    1 2    1                      1 0                             0                             0                             0                             1    1                      1 
NWNW30053161 1    0                             0                             0                             0                             0                             0                             
NWNW30066161     11    1                      1 0                             0                             0                             0                             0                             
NWNW30077161     10                             0                             0                             0                             0                             0                             
NWNW30081160      0                             0                             0                             0                             0                             0                             
NWNW30099160      1    1                       10                             0                             0                             0                             0                             
NWNW30137160      0                             0                             0                             0                             0                             0                             
NWNW30149160      0                             0                             0                             0                             0                             0                             
NWNW30154163    113    1                       11    1                       10                             0                             0                             0                             
NWNW30182160      0                             0                             0                             0                             0                             0                             
NWNW30198162     12    1                       12    1                       13    1                       11    1                       10                             0                             
NWNW30205161    113    1                      111   1                  1      0                             0                             0                             0                             
NWNW30218160      0                             0                             0                             0                             0                             0                             
NWNW30226162    1 1    1                       10                             0                             0                             0                             0                             
NWNW30232161    1 0                             0                             0                             0                             0                             0                             
NWNW30244162    111    1                       10                             0                             0                             0                             0                             
NWNW30260161     10                             0                             0                             0                             0                             0                             
NWNW30271162     12    1                       11    1                       11    1                       11    1                       10                             0                             
NWNW30293160      3 0  1                      1 0                             0                             0                             0                             0                             
NWNW30315160      3    1                      1 0                             1    1                       10                             0                             0                             
NWNW30328160      0                             0                             0                             0                             0                             0                             
NWNW30330163     11    1                       10                             0                             0                             0                             0                             
NWNW30363160      0                             0                             0                             0                             0                             0                             
NWNW30374163    113    1                      111    1                      1 0                             0                             0                             0                             
NWNW30389160      0                             0                             0                             0                             0                             0                             
NWNW30391161     10                             0                             0                             0                             0                             0                             
NWNW30409160      0                             0                             0                             0                             0                             0                             
NWNW30417162  1 113    1                       10                             0                             1    1                       11    1                       10                             
NWNW30425162     12    1                      110                             0                             0                             0                             0                             
NWNW30433161  1   0                             0                             0                             0                             0                             0                             
NWNW30461161     13    1                       10                             0                             0                             0                             0                             
NWNW30486162    113    1                      112    1                      110                             0                             0                             0                             
NWNW30502162     12    1                     0110                             0                             0                             0                             0                             
NWNW30523160      0                             0                             0                             0                             0                             0                             
NWNW30535161    1 2   1                  1      1    1                       10                             0                             0                             0                             
NWNW30547162    112    1                      1 2    1                      1 1    1                       10                             0                             0                             
NWNW30551160      1    1                       10                             0                             0                             0                             0                             
NWNW30568162    110                             0                             0                             0                             0                             0                             
NWNW30579161  1   0                             0                             0                             0                             0                             0                             
NWNW30584162    112    1                       10                             0                             0                             0                             0                             
NWNW30596161      3    1                       11    1                       12    1                       10                             0                             0                             
NWNW30603160      0                             0                             0                             0                             0                             0                             
NWNW30611162    1 0                             0                             0                             0                             0                             0                             
NWNW30624161    1 1   1                 1       0                             0                             0                             0                             0                             
NWNW30639160      2    1                        0                             0                             0                             0                             0                             
NWNW30646160      0                             0                             0                             0                             0                             0                             
NWNW30652162  1 1 2    1                       12    1                       11    1                       12    1                       11    1                       10                             
NWNW30667160      2    1                      1 0                             0                             0                             0                             0                             
NWNW30678160      1    1                       10                             0                             0                             0                             0                             
NWNW30680160      0                             0                             0                             0                             0                             0                             
NWNW30706162     12    1                      1 0                             0                             0                             0                             0                             
NWNW30719161     11    1                      1 0                             0                             0                             0                             0                             
NWNW30727160      2    1                       10                             0                             0                             0                             0                             
NWNW30731160      0                             0                             0                             0                             0                             0                             
NWNW30743162    112    1                      1 2    1                      1 1    1                      1 0                             0                             0                             
NWNW30764161     11    1                       10                             0                             0                             0                             0                             
NWNW30770161     12    1                      111    1                       10                             0                             0                             1    1                       1
NWNW30788162    112    1                      112    1                      110                             0                             0                             0                             
NWNW30808160      0                             0                             0                             0                             0                             0                             
NWNW30816160      0                             0                             0                             0                             0                             0                             
NWNW30829163    112    1                       10                             0                             0                             0                             0                             
NWNW30873160      0                             0                             0                             0                             0                             0                             
NWNW30885161     11    1                      110                             0                             0                             0                             0                             
NWNW3090116211  1 0                             2   1                 1       0                             0                             0                             2   1                 1       
NWNW30922160      0                             0                             0                             0                             0                             0                             
NWNW30936161      0                             0                             0                             0                             0                             0                             
NWNW30948162    1 1    1                      1 0                             0                             0                             0                             0                             
NWNW30950161     10                             0                             0                             0                             0                             0                             
NWNW30969161     12    1                       12    1                      1 2    1                      110                             0                             0                             
NWNW31005162    111 1  1   1                  1 0                             0                             0                             0                             1    1                       1
NWNW31018162    112    1                      111    1                      111    1                       10                             0                             0                             
NWNW31032163    112    1                      112    1                      100                             0                             0                             0                             
NWNW31044160      0                             0                             0                             0                             0                             0                             
NWNW31060161     11    1                       10                             0                             0                             0                             0                             
NWNW31071161  1  11 1       1                   0                             0                             0                             0                             0                             
NWNW31087160      2    1                      1 0                             0                             0                             0                             0                             
NWNW31106161     12    1                       10                             0                             0                             0                             0                             
NWNW31119163     12    1                       10                             0                             0                             0                             0                             
NWNW31127162    113    1                      112    1                       11    1                       10                             0                             1    1                        
NWNW31143162     12    1                        2                             0                             0                             0                             0                             
NWNW31155163      0                             0                             0                             0                             0                             0                             
NWNW31164160      3    1                       10                             0                             0                             0                             0                             
NWNW31170161     12    1                      1 1    1                      1 0                             0                             0                             0                             
NWNW31192162  1  12    1                       12    1                       10                             0                             0                             0                             
NWNW31204161    112    1                      110                             0                             0                             0                             0                             
NWNW31212161    112    1                      110                             0                             0                             0                             0                             
NWNW31220162     12    1                       11    1                       10                             0                             0                             0                             
NWNW312381621   112    1                      1 0                             0                             0                             0                             0                             
NWNW31245161     13    1                       10                             0                             0                             0                             0                             
NWNW31253162     10                             0                             0                             0                             0                             0                             
NWNW31277160      0                             0                             0                             0                             0                             0                             
NWNW31299161     11    1                       10                             0                             0                             0                             0                             
NWNW31301161     10                             1    1                       10                             0                             0                             0                             
NWNW31322160      0                             0                             0                             0                             0                             0                             
NWNW31336161    1 0                             0                             0                             0                             0                             0                             
NWNW31350161     13   11               111   1110                             1    1                      1 0                             0                             0                             
NWNW31369160      0                             0                             0                             0                             0                             0                             
NWNW31375163    113    1                       10                             0                             0                             0                             1    1                      1 
NWNW31397163    113    1                      112    1                      1 1    1                       10                             0                             0                             
NWNW314031611     3    1                       10                             0                             0                             0                             0                             
NWNW31424161     12    1                      1 0                             0                             0                             0                             0                             
NWNW31439161     12    1                       10                             0                             0                             0                             0                             
NWNW31446160      0                             0                             0                             0                             0                             0                             
NWNW31467161     12    1                       10                             0                             0                             0                             0                             
NWNW31478160      1    1                       11  1             1            0                             0                             0                             0                             
NWNW32058160      2    1                       10                             0                             0                             0                             0                             
NWNW32061160      0                             0                             0                             0                             0                             0                             
NWNW32072160      0                             1    1                       10                             0                             0                             0                             
NWNW32086160      2    1                      1 0                             0                             0                             0                             0                             
NWNW32094160      1    1                      010                             0                             0                             0                             0                             
NWNW32118162     12    1                       12    1                       10                             0                             0                             0                             
NWNW32144160      0                             0                             0                             0                             0                             0                             
NWNW32159160      0                             0                             0                             0                             0                             0                             
NWNW32160160      0                             0                             0                             0                             0                             0                             
NWNW32171160      2    1                      1 10   1                      1 0                             0                             0                             2    1                      11
NWNW32193162     11    1                       10                             1    1                       10                             0                             0                             
NWNW32200161    1 0                             0                             0                             0                             0                             0                             
NWNW32213162     12    1                       10                             0                             0                             0                             0                             
NWNW32221160      2    1                      1 1    1                      1 2    1                       10                             0                             1    1                      1 
NWNW32249161     10                             0                             0                             0                             0                             0                             
NWNW32265161  1   2    1                       11    1                       10                             0                             0                             0                             
NWNW32276160      0                             0                             0                             0                             0                             0                             
NWNW32298160      0                             0                             0                             0                             0                             0                             
NWNW32302160      0                             0                             0                             0                             0                             0                             
NWNW32335161     11    1                       10                             0                             0                             0                             0                             
NWNW32347160      1    1                      1 0                             0                             0                             0                             0                             
NWNW32368160      0                             0                             0                             0                             0                             0                             
NWNW32384160      0                             0                             0                             0                             0                             0                             
NWNW32412160      0                             0                             0                             0                             0                             0                             
NWNW32420162     12    1                       10                             0                             0                             0                             0                             
NWNW32438162     11    1                       10                             0                             0                             0                             0                             
NWNW32445161     12    1                       10                             0                             0                             0                             0                             
NWNW32481161     12  1 1        1              10                             0                             0                             0                             0                             
NWNW32507162     13   11                1     1 2    1                      1 2    1                      1 1    1                       11    1                       10                             
NWNW325151621   1 311  11 11                  1 3    1                      1 2    1                      1 2    1                      110                             0                             
NWNW325301631   112    1                       10                             0                             0                             0                             1  1            1             
NWNW325421631111112    1                      1 2    1                      111    1                       10                             0                             0                             
NWNW32556161     11    1                       10                             0                             0                             0                             0                             
NWNW32591161 1    1    1                       10                             0                             0                             0                             0                             
NWNW32608160      3    1                      110                             0                             0                             0                             0                             
NWNW32629161     10                             0                             0                             0                             0                             0                             
NWNW32634161     12    1                       10                             0                             0                             0                             0                             
NWNW32641160      0                             0                             0                             0                             0                             0                             
NWNW32662163     13   11              1        11    1                       11    1                       10                             0                             0                             
NWNW32673160      0                             0                             0                             0                             0                             0                             
NWNW32685160      1    1                       10                             0                             0                             0                             0                             
NWNW32701163    113    1                       11    1                       11    1                       10                             0                             0                             
NWNW32736160      0                             0                             0                             0                             0                             0                             
NWNW32750161     11    1                       12    1                      1 0                             0                             0                             0                             
NWNW32769160      2  1          11              0                             0                             0                             0                             0                             
NWNW32775161     10                             0                             0                             0                             0                             0                             
NWNW32783161     10                             0                             0                             0                             0                             0                             
NWNW32797160      2   11                1    1111    1                      011   1                 1       0                             0                             0                             
NWNW32803162     10                             0                             0                             0                             0                             0                             
NWNW32824161     10                             0                             0                             0                             0                             0                             
NWNW32846162    111    1                       10                             0                             0                             0                             0                             
NWNW32867160      2    1                       10                             0                             0                             0                             0                             
NWNW32878160      2    1                       10                             0                             0                             0                             0                             
NWNW32895161     13    1                       10                             0                             0                             0                             0                             
NWNW32906161     13    1                       10                             0                             0                             0                             0                             
NWNW32919161     12                             0                             0                             0                             0                             0                             
NWNW32943162    112    1                      111    1                       10                             1    1                       10                             0                             
NWNW32955161     12    1                       10                             0                             0                             0                             0                             
NWNW32964160      1   1                  1      0                             0                             0                             0                             0                             
NWNW33006162     11    1                       10                             0                             0                             0                             1    1                       1
NWNW33019161     10                             0                             0                             0                             0                             0                             
NWNW33027160      0                             0                             0                             0                             0                             0                             
NWNW33031161     10                             0                             0                             0                             0                             0                             
NWNW33043160      1    1                       10                             0                             0                             0                             0                             
NWNW33055162     13    1                       10                             0                             0                             0                             0                             
NWNW33064163  1  13  1 1          1            10                             0                             0                             0                             0                             
NWNW33070162    112    1                      1 0                             0                             0                             0                             0                             
NWNW33088160      1    1                      1 0                             0                             0                             0                             0                             
NWNW33107160      0                             0                             0                             0                             0                             0                             
NWNW33115160      0                             0                             0                             0                             0                             0                             
NWNW33128161     11    1                       10                             0                             0                             0                             0                             
NWNW33130161 1    0                             0                             0                             0                             0                             0                             
NWNW33451160      0                             0                             0                             0                             0                             0                             
NWNW33468161    1 0                             0                             0                             0                             0                             0                             
NWNW34489160      0                             0                             0                             0                             0                             0                             
NWNW34504161     13    1                       10                             0                             0                             0                             0                             
SWSW20010162     10                             0                             0                             0                             0                             0                             
SWSW20096162    112    1                      111    1                      110                             0                             0                             0                             
SWSW20146162     12    1                       10                             0                             0                             0                             0                             
SWSW20167160      0                             0                             0                             0                             0                             0                             
SWSW20178162     10                             0                             0                             0                             0                             1    1                       1
SWSW20195162     13    1                      110                             0                             0                             0                             0                             
SWSW20207163   1112   11               11  11   2    1                      113    1                       13  1 1           1           10                             0                             
SWSW20228160      1    1                       10                             0                             0                             0                             0                             
SWSW20230162  1 112    1                      1 2    1                      112    1                      112    1                       10                             0                             
SWSW2026316       1    1                       10                             0                             0                             0                             0                             
SWSW20274161     12    1                       10                             0                             0                             0                             0                             
SWSW20394161    1 1    1                      1 0                             1    1                      1 0                             0                             0                             
SWSW20427162     12    1                      1 2    1                      011    1                       11    1                       10                             0                             
SWSW204311630   113    1                       10                             0                             0                             0                             0                             
SWSW20455161     10                             0                             0                             0                             0                             0                             
SWSW20464163     13    1                       10                             0                             0                             0                             0                             
SWSW20500163    113    1                      113    1                       13    1                      1 3   01                       13    1                       10                             
SWSW20521163    113    1                      112    1                       12    1                      110                             0                             3   01                       1
SWSW205491611     0                             0                             0                             0                             0                             0                             
SWSW20576163 1 1111    1                      110                             0                             0                             0                             0                             
SWSW20598162     12    1                       11    1                       10                             0                             0                             0                             
SWSW20614161     12    1                       10                             0                             0                             0                             0                             
SWSW20622160      1    1                      1 0                             0                             0                             0                             0                             
SWSW20636162    111    1                      1 0                             0                             0                             0                             0                             
SWSW20669163  11113    1                     1112  111           1     1     12    1                       11    1                       10                             0                             
SWSW20729160      2    1                      1 0                             0                             0                             0                             0                             
SWSW20741162     10                             0                             0                             0                             0                             0                             
SWSW20757161     10                             0                             0                             0                             0                             0                             
SWSW20762160      2    1                      100                             0                             0                             0                             0                             
SWSW20773160      2    1                       10                             0                             0                             0                             0                             
SWSW20790162    112    1                       11    1                      111    1                      010                             0                             0                             
SWSW20805162     11    1                       10                             0                             0                             0                             0                             
SWSW20818163    113    1                       12    1                      111    1                      110                             1    1                       10                             
SWSW20826163   1  2   1                1        0                             0                             0                             0                             0                             
SWSW20844162     12    1                      110                             0                             0                             0                             0                             
SWSW20859161     11                             3                             1                             0                             1                             0                             
SWSW20860160      0                             0                             0                             0                             0                             0                             
SWSW20871160      2    1                      1 0                             0                             0                             0                             0                             
SWSW208931611     3    1                       10                             0                             0                             0                             0                             
SWSW20904160      1    1                      1 0                             0                             0                             0                             0                             
SWSW20920162    1 1    1                       10                             0                             0                             0                             0                             
SWSW20938162     12    1                       11    1                       10                             0                             0                             0                             
SWSW20945163     12    1                       10                             0                             0                             0                             0                             
SWSW20953162    112000 1                       11    1                      1 0                             0                             0                             0                             
SWSW20966161     12    1                       10                             0                             0                             0                             0                             
SWSW20981160      1    1                      1 0                             0                             0                             0                             0                             
SWSW21028162    110                             0                             0                             0                             0                             0                             
SWSW21030160      2    1                      1 0                             0                             0                             0                             0                             
SWSW21089160      0                             0                             0                             0                             0                             0                             
SWSW21162161     12    1                       10                             0                             0                             0                             0                             
SWSW21185162   0112    1                      1 0                             0                             0                             0                             0                             
SWSW21202161     13    1                       11    1                       10                             0                             0                             0                             
SWSW21210160      0                             0                             0                             0                             0                             0                             
SWSW21247161     11    1                      1 0                             0                             0                             0                             0                             
SWSW21251160      0                             0                             0                             0                             0                             0                             
SWSW21279162    112    1                      1 2    1                      111    1                      1 0                             0                             0                             
SWSW21296160      0                             0                             0                             0                             0                             0                             
SWSW21320160      2    1                      1 0                             0                             0                             0                             1                             
SWSW21345163    110                             0                             0                             0                             0                             0                             
SWSW21353162    1 3    1                      1 1    1                       10                             0                             0                             0                             
SWSW21366160      1    1                       10                             0                             0                             0                             0                             
SWSW21377160      3  1 1          1          11 0                             0                             0                             0                             0                             
SWSW21381161  1   2    1                       10                             0                             0                             0                             0                             
SWSW21401163     11    1                       10                             0                             0                             0                             0                             
SWSW21414163     1                                                                                                                                                                                    
SWSW21436160      1    1                      1 0                             0                             0                             0                             0                             
SWSW21450163     0                                                                                                                                                                                    
SWSW21469161     10                             0                             0                             0                             0                             0                             
SWSW21483160      0                             0                             0                             0                             0                             0                             
SWSW21526160      1    1                      010                             0                             0                             0                             0                             
SWSW21532162     12    1                      1 0                             0                             0                             0                             0                             
SWSW21544162     11    1                       10                             0                             0                             0                             0                             
SWSW21587160      0                             0                             0                             0                             0                             0                             
SWSW21606162     12    1                      1 0                             0                             0                             0                             0                             
SWSW21619162     11    1                       10                             0                             0                             0                             0                             
SWSW21643160      0                             0                             0                             0                             0                             0                             
SWSW21655163  11113   11                 1     12    1                      111    1                      111    1                      110                             0                             
SWSW21664161     13    1                      1 2    1                       10                             2    1                      100                             0                             
SWSW21670162    1 2    1                       10                             0                             0                             0                             0                             
SWSW21724161     10                             0                             0                             0                             0                             0                             
SWSW21739163  1 113  1 1        1             1 0                             0                             0                             0                             0                             
SWSW21752162     11    1                       10                             0                             0                             0                             0                             
SWSW21778162    110                             0                             0                             0                             0                             0                             
SWSW21780160      1    1                       10                             0                             0                             0                             0                             
SWSW2179516311  113    1                      112   11                 1     12    1                       12    1                      110                             0                             
SWSW21800162    111    1                       10                             0                             0                             0                             0                             
SWSW21898161    113    1                      110                             0                             0                             0                             0                             
SWSW21909163    113    1                       10                             0                             0                             0                             0                             
SWSW21917162     11    1                       11    1                       10                             0                             0                             1    1                       1
SWSW21925163     13    1                       11    1                       10                             0                             0                             0                             
SWSW22019160      0                             0                             0                             0                             0                             0                             
SWSW22031162    112    1                      110                             0                             0                             0                             0                             
SWSW22043160      0                             0                             0                             0                             0                             0                             
SWSW22128163     10                             0                             0                             0                             0                             0                             
SWSW22142160      2    1                       10                             0                             0                             0                             0                             
SWSW22189161     12  1 1       1101           1 1  1          1               0                             0                             0                             0                             
SWSW22224162    112    1                      111    1                      110                             0                             0                             0                             
SWSW22246162     11                             0                             0                             0                             0                             0                             
SWSW22252163   1 13    1                     1111    1                       11    1                       10                             0                             0                             
SWSW22267161    1 0                             0                             0                             0                             0                             0                             
SWSW22280163     10                             0                             0                             0                             0                             0                             
SWSW22295162    113    1                       11    1                      1 1    1                      1 0                             0                             0                             
SWSW22313162    113    1                      110                             1    1                       10                             0                             0                             
SWSW22349160      0                             0                             0                             0                             0                             1    1                      1 
SWSW22398161     11    1                       10                             0                             0                             0                             0                             
SWSW22402160      2    1                      1 0                             0                             0                             0                             0                             
SWSW22410162     13    1                       12    1                       10                             1    1                       10                             0                             
SWSW22451161     10                             0                             0                             0                             0                             0                             
SWSW22468162     11    1                       10                             0                             0                             0                             0                             
SWSW22509163  1 112    1                       11    1                       10                             0                             0                             0                             
SWSW22517163     10                             0                             0                             0                             0                             0                             
SWSW22533162     13    1                       11    1                       10                             0                             0                             0                             
SWSW22558160      1                             0                             0                             0                             0                             0                             
SWSW22561162    112    1                      110                             0                             0                             0                             0                             
SWSW22594161     10                             0                             0                             0                             0                             0                             
SWSW22605163    113    1                       13    1                       12    1                       10                             0                             0                             
SWSW22626163    113  001                      112    1                      111    1                      111    1                       10                             2    1                       1
SWSW22644160      0                             0                             0                             0                             0                             0                             
SWSW22671163   1113 1 11   1           11     112    1                      111    1                      110                             0                             2    1                      11
SWSW22720160      0                             0                             0                             0                             0                             0                             
SWSW22745163     11    1                       10                             0                             0                             0                             0                             
SWSW22753163     10                             0                             2    1                       11    1                       10                             0                             
SWSW22766160      0                             0                             0                             0                             0                             0                             
SWSW22781161    110                             0                             0                             0                             0                             0                             
SWSW22799162    113    1                       10                             0                             0                             0                             0                             
SWSW22850163     12    1                       10                             0                             0                             0                             0                             
SWSW22869161    1 3    1                      1 0                             1    1                      1 0                             0                             3    1                      1 
SWSW22875162     11    1                      1 0                             2    1                      110                             0                             1    1                       1
SWSW22897162     10                             0                             0                             0                             0                             0                             
SWSW22973162     11    1                       10                             0                             0                             0                             0                             
SWSW22990160      0                             0                             0                             0                             0                             0                             
SWSW23008162     12    1                       10                             0                             0                             0                             0                             
SWSW23029162    110                             0                             0                             0                             0                             0                             
SWSW23057162     12    1                       10                             0                             0                             0                             0                             
SWSW23062160      2    1                       10                             0                             0                             0                             0                             
SWSW23073161     10                             0                             0                             0                             0                             0                             
SWSW23085160      0                             0                             0                             0                             0                             0                             
SWSW23090160      0                             0                             0                             0                             0                             0                             
SWSW23109162    1 1    1                       10                             0                             0                             0                             0                             
SWSW23125161     10                             0                             0                             0                             0                             0                             
SWSW23133162    113    1                       10                             0                             0                             0                             0                             
SWSW23140160      0                             0                             0                             0                             0                             0                             
SWSW23194163     13    1                       10                             0                             0                             0                             0                             
SWSW23222162     12    1                       10                             0                             0                             0                             0                             
SWSW23250161     10                             0                             0                             0                             0                             0                             
SWSW23303160      1    1                      110                             0                             0                             0                             0                             
SWSW23339163   1  111111                        0                             0                             0                             0                             0                             
SWSW23346163    112    1                       10                             0                             0                             0                             0                             
SWSW23352163    112    1                      112    1                       10                             0                             0                             0                             
SWSW23367162    113  1 1         1              2  1 1        1             1 0                             0                             0                             0                             
SWSW23380163    113    1                       12    1                       10                             0                             0                             0                             
SWSW23400161    111    1                      1 1    1                      1 0                             0                             0                             0                             
SWSW23449160      1    1                        0                             0                             0                             0                             0                             
SWSW23454160      0                             0                             0                             0                             0                             0                             
SWSW23476163     10                             0                             0                             0                             0                             0                             
SWSW23482162    1 3    1                       10                             1    1                       10                             0                             0                             
SWSW23519160      0                             0                             0                             0                             0                             0                             
SWSW23527163   1113   10                        2    1                       12    1                       11    1                       12                             0                             
SWSW23531161     10                             0                             0                             0                             0                             0                             
SWSW23543163  1 113    1                      113    1                      112    1                      110                             0                             0                             
SWSW23555161     13    1                      1 2    1                      110                             0                             0                             0                             
SWSW23564163    1 2    1                       12    1                      1 1    1                       10                             0                             1    1                       1
SWSW23570163    1 3    1                      1 2    1                      1 2    1                      1 1    1                       11    1                      100                             
SWSW23588163     13    1                       10                             0                             0                             0                             0                             
SWSW23607163     13    1                       10                             0                             0                             0                             0                             
SWSW23630161     12    1                       10                             0                             0                             0                             0                             
SWSW23642162     10                             0                             0                             0                             0                             0                             
SWSW23663162    112    1                       10                             0                             0                             0                             0                             
SWSW23689160      0                             0                             0                             0                             0                             0                             
SWSW236911631    11    1                       11    1                       10                             0                             0                             0                             
SWSW23702161    1 2    1                       10                             0                             0                             0                             0                             
SWSW23710161     11    1                       10                             0                             0                             0                             0                             
SWSW23735161     12  1 1        1 1           110                             0                             0                             0                             0                             
SWSW23747163     12   1                 01      0                             0                             0                             0                             0                             
SWSW23751162    111    1                       10                             0                             0                             0                             0                             
SWSW23768161   1  2  1          1               0                             0                             0                             0                             0                             
SWSW23812160      0                             0                             0                             0                             0                             0                             
SWSW23838160      0                             0                             0                             0                             0                             0                             
SWSW23845161    1 1    1                       10                             0                             0                             0                             0                             
