EAEA40015163413210    2 2   2 3   4 3   5 4   3 3   3 3   5 4   4 4   3 1   3 3   5 4   5 4   
EAEA400561634034012320 3 3 2 4 4 4 3 3 3 4 4 4 5 4 4 4 4 4 4 4 4 4 4 4 4 3 3 4 4 5 3 3 3 2 3 3
EAEA401081632151012321 4 2 4 2 2 2 5 2 3 4 1 5 4 4 4 3 1 3 3 1 4 3 2 5 4 4 4 4 1 4 2 2 2 4 4 1
EAEA401291654054112331 3 2 2 1 1 2 3 3 4 1 1 2 4 3 4 1 1 2 3 3 1 3 2 3 4 3 2 1 1 2 4 4 3 3 2 1
EAEA4014116241   113204   5 3   3 3   3 5   4 5   5 3   3 5   3 5   4 4   3 3   3 5   4 5   4 
EAEA40157162213410    4 4   2 2   5 5   3 5   5 5   3 3   5 5   5 5   4 4   2 3   5 5   4 4   
EAEA4018516   3400     1 4     1     4     4     4     1     5     4     3     1     4     5  
EAEA40235163403210    4 3   2 2   4 3   5 3   5 4   3 3   5 3   4 2   3 2   2 2   4 3   5 2   
EAEA4024716340441114304 3 5 2 2 4 4 4 4 4 4 4 5 3 5 2 2 5 3 2 3 4 4 4 4 3 4 2 2 4 4 4 3 3 2 2 
EAEA40312163313100     2 4   3 4   2 3   3 3   4 5   1 1   3 3   2 3   3 1   3 3   2 3   3 3  
EAEA403531634134012321 4 4 4 3 1 1 1 1 1 4 4 3 4 3 4 3 3 3 3 3 3 4 4 4 4 3 4 3 1 1 4 4 4 3 3 3
EAEA404141622033012340 5 3 4 2 1 2 4 4 4 5 3 5 5 4 5 2 3 4 3 3 4 4 4 4 5 5 5 2 3 3 4 4 5 1 4 5
EAEA404221634034012320 5 5 3 3 3 1 4 4 3 3 3 2 4 4 3 3 3 2 3 3 1 5 5 3 3 3 1 3 3 1 4 4 3 3 3 3
EAEA40436162403400     4 3   1 1   3 4   3 3   5 4   3 3   3 3   3 4   5 5   1 1   3 4   4 3  
EAEA4045016340340114303 4 4 1 3 3 4 4 4 5 4 5 4 4 5 3 3 1 5 3 5 4 3 4 4 4 5 1 4 3 4 3 5 5 3 5 
EAEA40497162403400    3 3   3 3   2 2   3 1   4 4   3 4   2 1   2 1   1 1   3 3   3 2   3 1   
EAEA4050516341330113404 3 4 4 3 2 5 4 5 4 4 3 5 5 4 3 3 1 5 3 3 5 4 4 5 5 5 1 3 4 5 4 4 5 4 4 
EAEA40526163413410     1 1   1 1   3 3   1 1   2 2   1 1   1 3   5 5   3 3   1 1   3 3   1 1  
EAEA40593163413410     4 4   2 2   4 4   4 3   5 5   2 2   4 4   4 4   5 5   3 2   5 5   5 4  
EAEA4063116      12340     2     3     4     4     4     4     5     3     3     1     4     1
EAEA406551624032112311 3 3 3 4 3 2 3 4 4 5 4 3 5 3 4 4 1 3 3 4 2 3 4 3 2 2 5 3 2 3 4 3 4 2 3 5
EAEA40664163412410    4 3   1 1   4 4   4 4   5 4   4 3   4 3   5 4   4 3   2 2   5 5   4 4   
EAEA406701624033112341 4 3 3 1 3 3 5 5 4 5 4 5 5 3 4 3 3 3 5 3 4 5 4 5 5 3 3 3 3 3 5 4 5 5 3 4
EAEA407241634034012341 3 2 3 2 2 3 3 3 4 3 2 4 3 3 3 2 4 5 1 1 3 3 3 4 2 1 3 1 1 3 4 4 5 3 3 4
EAEA407391634132112341 5 4 5 3 3 1 3 2 5 3 3 3 3 3 2 5 5 3 1 3 3 2 2 4 5 3 3 5 3 1 4 5 5 1 3 3
EAEA407461634134112341 5 5 3 1 1 1 4 4 4 5 4 5 5 4 3 1 1 1 3 3 4 5 4 4 5 4 3 1 1 1 5 4 5 4 4 3
EAEA407671624024012321 3 3 3 3 3 3 3 4 5 3 3 4 3 3 4 3 3 3 3 1 3 3 3 4 3 3 3 3 3 3 3 4 5 2 1 3
EAEA407801634134012331 4 4 4 2 3 4 5 4 3 5 2 1 4 3 5 3 2 4 5 2 1 4 3 2 3 3 3 2 3 5 5 3 3 5 3 1
EAEA4079516340   0     5     3     4     3     5     3     1     3     5     3     4     3    
EAEA408001643132012440 2 3 5 1 1 3 3 2 4 3 2 4 3 3 3 1 3 3 1 1 5 2 2 4 3 1 3 3 1 4 2 2 4 1 1 4
EAEA4082116340340113303 3 4 3 1 4 4 4 3 5 3 1 5 3 5 3 3 5 4 1 3 5 4 5 5 1 4 3 1 5 4 4 2 4 1 5 
EAEA408651634134112340 3 4 4 2 3 2 5 4 5 4 4 5 3 3 4 1 1 2 4 3 3 4 4 5 3 2 3 1 1 2 5 4 5 5 3 2
EAEA40925163413410     3 3   1 1   5 5   4 4   4 3   2 2   4 2   4 4   2 2   2 2   4 4   2 2  
EAEA4098616340340113403 3 3 3 3 3 5 5 5 5 4 5 4 3 4 3 3 3 5 3 4 5 5 5 4 3 3 3 3 2 5 5 5 5 2 3 
EAEA4099416341340113404 2 3 3 1 3 5 5 4 5 4 5 5 5 5 2 1 4 4 4 5 3 5 5 5 4 5 2 1 2 4 5 5 4 5 2 
EAEA4101016341440113414 4 5 1 2 3 4 4 5 5 4 5 5 5 5 3 4 3 4 3 5 4 4 5 5 4 5 1 3 2 5 5 5 5 3 5 
EAEA4108416340340113303 1 3 5 3 3 4 4 4 5 1 3 3 3 3 4 4 4 3 1 3 3 3 3 5 1 4 1 1 3 3 3 3 4 1 4 
EAEA410961634034012340 3 2 2 1 3 4 4 3 5 2 1 2 5 4 4 2 2 4 1 1 4 3 3 3 5 3 3 4 2 5 4 3 3 4 2 4
EAEA411111644032012310 4 2 3 1 3 2 5 5 5 5 5 5 5 2 3 3 3 2 4 4 5 5 5 5 4 2 3 2 4 2 4 5 4 5 4 5
EAEA411241634134012331 3 3 5 2 3 4 4 3 5 4 3 5 5 1 4 1 1 4 3 4 5 3 3 5 1 1 5 1 5 5 4 1 4 3 4 4
EAEA41152163203410    3 2   1 3   5 3   3 1   4 4   1 3   3 2   5 4   3 3   1 3   5 3   3 1   
EAEA411951634112012220 4 3 4 2 2 1 4 4 4 2 2 4 3 3 4 3 2 2 3 1 5 4 3 5 4 1 4 1 1 1 4 3 5 2 1 4
EAEA41207163213210    2 2   1 1   2 2   1 1   1 1   5 5   1 1   2 2   1 1   3 3   2 2   1 1   
EAEA412741624024112340 3 3 3 3 3 2 3 3 5 2 2 3 5 5 3 5 5 3 1 1 3 5 3 5 5 3 3 5 5 3 3 3 3 2 1 3
EAEA412891624022012220 4 3 2 2 2 3 5 3 3 5 3 3 5 5 2 3 3 3 2 2 3 5 4 3 5 4 3 3 3 3 5 4 3 5 4 4
EAEA413251634034012320 4 3 4 2 1 1 3 3 4 2 2 4 3 2 3 2 2 3 2 2 3 3 3 4 3 3 4 2 2 3 3 4 4 2 3 4
EAEA4133316340   0     3     3     4     5     5     3     3     3     5     3     5     5    
EAEA41361163414400    4 4   4 3   3 3   4 4   3 4   4 4   3 3   3 3   3 3   2 4   4 4   1 1   
EAEA41372163413410     4 4   2 2   4 5   4 5   4 4   3 3   2 2   4 4   4 4   2 2   4 4   4 5  
EAEA413861634134112340 4 3 3 2 2 2 4 4 3 3 4 1 4 3 4 2 2 1 3 3 3 4 3 3 4 3 4 2 2 2 4 4 4 3 3 3
EAEA4139416340341113414 3 4 3 3 3 4 4 5 5 5 5 5 5 5 3 3 3 5 5 5 5 5 5 5 5 5 3 3 3 5 5 5 5 3 5 
EAEA414311644034011540 5 32  2 15  4 53  1 53  4 33  5 31  1 51  3 43  1 52  5 35  3 43  1 53 
EAEA414431634034112330 4 3 3 3 2 2 5 4 4 5 1 3 5 3 3 5 4 3 3 3 3 5 5 5 4 3 3 5 4 4 5 5 4 5 3 2
EAEA43011163413400    5 4   4 4   5 5   5 5   4 4   3 3   3 5   4 5   5 5   4 3   4 5   3 5   
EAEA430241624024012320 3 2 4 1 3 1 3 3 5 3 1 5 3 3 4 3 3 1 3 1 5 4 3 5 3 1 5 1 1 1 4 3 5 3 1 5
EAEA4305216   3410     1 4   1 2   1 4   1 5   1 3   1 3   1 5   1 4   1 5   1 4   1 5   5 5  
EAEA43078163413400    4 3   2 2   5 5   5 4   5 5   2 1   5 3   5 5   5 4   2 2   5 5   5 3   
EAEA43095162412310    4 3   2 3   5 3   4 1   5 3   2 3   5 1   5 3   4 3   3 2   5 3   5 2   
EAEA431041634134012320 3 3 3 3 2 1 4 4 5 2 2 2 5 5 3 3 3 3 1 1 1 4 4 4 3 3 3 1 1 1 4 4 4 1 1 1
EAEA43112165403410    4 3   1 1   5 4   4 3   3 4   4 3   5 1   5 5   5 4   1 4   5 4   5 3   
EAEA43138163213310    1 1   1 1   3 3   1 1   1 1   1 1   1 1   4 4   1 1   1 1   4 4   1 1   
EAEA431451634033112321 3 3 3 1 1 2 4 4 4 3 3 3 3 3 3 4 3 3 2 2 3 4 4 4 3 2 3 1 1 1 4 4 4 3 3 3
EAEA43166163403300     3 3   3 4   2 4   4 3   3 4   4 3   4 3   3 3   3 3   4 3   4 4   4 3  
EAEA43177164203400     3 2   1 1   5 5   3 2   5 2   1 1   2 2   5 5   5 3   1 1   5 5   3 2  
EAEA43181163313310     4 3   2 2   3 4   3 4   4 4   3 3   4 4   5 5   4 4   4 4   5 5   4 4  
EAEA43206163313200    5 3   4 3   3 3   5 3   5 4   4 4   5 3   3 4   5 3   5 3   4 3   5 1   
EAEA4325516440   0     3     1     4     5     5     3     3     3     4     2     5     2    
EAEA43264163402210     4 3   3 1   4 4   2 2   5 1   5 5   1 1   4 4   2 1   5 2   4 4   1 1  
EAEA43270163403410     4 3   2 3   4 4   5 2   4 4   2 2   5 3   4 2   4 3   2 2   4 3   5 3  
EAEA432921634134112321 3 4 4 2 2 2 5 5 5 4 4 3 5 5 4 3 4 1 4 4 3 5 5 4 3 3 4 4 3 1 5 5 5 4 4 3
EAEA4333416340   0    4 1   2 1   4     4     5     2     5     4     4     2     4     5     
EAEA4335716   4400       2     1     1     1     5     5     5     4     1     1     4     3  
EAEA433901634134012310 2 3 2 2 2 2 3 4 4 5 4 3 5 3 3 3 3 3 5 4 2 3 3 4 1 1 2 1 1 2 3 3 4 2 2 1
EAEA434591634134112341 2 3 4 1 2 1 4 4 5 4 5 5 3 2 4 1 3 1 3 2 5 4 3 5 3 2 4 2 3 1 4 3 5 3 3 5
EAEA435221644024012330 3 2 4 1 1 1 4 4 4 4 4 5 4 3 5 1 1 2 1 1 1 4 4 4 3 1 4 1 1 3 3 3 4 2 1 4
EAEA4354816340430114404 2 3 2 3 2 4 4 5 4 3 4 5 3 4 2 3 2 4 2 5 5 4 5 4 2 2 2 3 2 4 3 4 3 2 5 
EAEA4355016340440113301 1 3 2 1 4 5 5 4 4 5 1 3 3 4 5 5 5 5 4 3 5 4 5 1 1 4 5 1 5 4 4 3 4 4 5 
EAEA435691634124012320 4 2 2 3 1 4 5 3 3 5 2 3 4 4 5 3 4 3 5 1 3 5 3 3 5 1 2 3 1 4 5 4 4 4 1 1
EAEA435971644041012410 5 3 4 4 4 4 5 5 2 5 3 3 4 4 4 1 1 1 3 1 1 4 4 4 5 4 4 1 3 3 4 2 2 1 1 1
EAEA43635163403400     4 4   2 3   4 4   5 5   5 5   2 3   3 4   4 4   3 2   2 3   4 4   4 3  
EAEA4368416341340113404 3 5 1 2 3 5 4 5 5 3 4 4 3 4 2 3 3 5 3 5 5 4 5 4 3 5 2 2 3 5 4 5 5 4 5 
EAEA4370716340440114404 4 5 3 2 4 5 5 5 4 3 5 5 5 5 5 4 5 4 2 5 5 5 5 5 3 5 5 4 5 5 5 5 4 1 5 
EAEA437151634034112320 3 3 4 1 3 3 5 5 5 3 2 2 4 3 3 2 2 3 2 2 3 5 5 3 4 4 4 2 3 3 5 4 4 3 1 1
EAEA437301634134012321 4 2 3 3 1 1 5 5 5 3 3 4 3 3 3 5 1 3 5 1 4 4 3 4 3 3 4 5 4 3 5 5 5 4 3 3
EAEA43742163413400     5 4   3 3   5 5   5 5   5 4   3 3   5 5   5 5   5 4   5 3   5 5   5 5  
EAEA4377416341340113404 3 4 2 2 3 5 4 4 5 3 4 4 3 4 1 3 2 5 2 3 4 4 4 4 3 4 1 2 3 5 4 4 5 3 4 
EAEA437891634132012340 5 3 5 1 1 3 5 4 5 5 3 5 5 3 5 1 2 1 4 1 5 4 2 5 5 1 5 1 1 3 5 3 5 4 1 5
EAEA43791163403400     4 3   3 1   5 3   5 5   5 5   5 4   5 1   5 4   5 3   3 1   5 4   5 5  
EAEA4380916340340113404 4 4 4 1 1 5 5 5 4 4 5 5 4 5 3 4 5 5 4 1 5 4 5 4 4 4 3 1 4 5 4 4 4 5 1 
EAEA43840163403400    4 2   5 5   4 4   5 5   5 5   4 4   5 4   4 4   4 1   4 4   4 4   5 4   
EAEA438581644143012340 2 2 2 1 1 3 5 5 5 3 3 5 5 3 5 3 3 3 3 1 4 5 5 5 3 3 3 3 3 3 5 5 5 4 4 5
EAEA43872163403400    3 3   3 3   2 2   5 3   3 4   3 3   4 5   4 4   3 3   3 3   3 4   5 5   
EAEA43886163413410     3 2   3 1   3 3   2 3   3 3   4 2   1 2   3 3   2 2   4 1   3 3   3 1  
EAEA4391316340340113404 2 4 3 1 3 5 4 5 5 3 5 5 2 5 3 3 3 5 3 5 5 3 5 4 3 4 2 4 2 5 3 5 5 3 5 
EAEA43937163403400     3 3   1 1   4 4   3 3   3 3   3 3   1 3   4 4   3 3   1 1   4 4   3 3  
EAEA43982163404400    5 3   3 2   5 5   5 5   4 4   3 3   5 4   5 5   5 4   3 1   5 5   4 5   
EAEA44017163402400     5 3   4 3   4 4   1 1   4 4   1 3   1 1   4 4   4 1   3 4   4 4   1 1  
EAEA4403316341440114404 3 3 1 3 2 5 5 5 5 5 4 5 5 5 2 2 1 5 4 4 5 5 5 5 4 4 2 2 1 5 5 5 5 5 4 
EAEA440581634134112341 4 3 3 2 2 1 4 4 5 3 2 3 4 3 4 2 2 2 3 3 3 4 4 4 3 3 3 1 1 2 4 4 4 3 2 3
EAEA440941634034012330 2 2 3 1 2 2   3 4 1 1 4 4 2 5 3 1 1 1 1 3 1 3 4 1 1 2 1 1 3 3 2 2 1 2 3
EAEA4412616340440113213 2 4 2 2 3 4 4 4 5 3 5 3 2 5 2 2 3 5 3 5 4 4 5 4 3 4 2 3 3 4 4 4 5 3 5 
EAEA4414416340   113403   4 2   2 4   5 4   5 3   5 2   3 4   5 4   5 3   3 2   2 5   5 4   4 
EAEA4417116340331113315 2 3 3 2 4 5 4 4 5 4 4 5 3 5 2 2 3 5 2 4 5 4 4 5 2 3 2 2 4 5 4 4 5 2 2 
EAEA4421316240240113405 5 3 2 1 4 3 4 3 1 3 3 4 5 2 2 2 5 1 1 3 3 3 4 1 3 3 2 2 2 4 5 3 1 1 1 
EAEA44249163414400    5 4   3 2   5 4   5 4   5 5   3 3   4 4   4 5   4 4   3 4   4 4   4 3   
EAEA44282163313400     4 3   2 4   4 2   4 3   5 3   1 3   2 3   4 5   5 4   1 5   5 3   3 4  
EAEA44298163414400     4 3   1 1   4 4   4 5   5 5   2 1   4 4   4 4   4 3   1 1   4 4   3 5  
EAEA44310163403400    4 3   3 3   4 3   4 4   5 4   3 3   5 3   4 4   3 3   3 3   4 4   3 3   
EAEA4435116341340113305 5 3 3 2 5 5 5 3 3 5 3 5 5 4 2 1 3 3 5 3 4 5 3 5 5 3 3 1 5 4 5 3 3 5 3 
EAEA443681632131112310 4 2 3 2 1 3 2 1 4 3 2 3 2 2 3 1 1 2 2 2 3 2 2 3 1 1 2 1 1 4 3 3 3 2 2 3
EAEA44396164404300    4 3   1 1   5 4   5 3   4 3   1 1   4 3   5 5   5 3   1 1   5 5   5 3   
EAEA44453162403410     3 4   4 3   3 4   1 1   3 3   5 3   3 4   2 4   1 1   3 3   3 3   1 3  
EAEA44515164404400     4 3   2 2   4 4   3 3   4 4   3 3   2 2   3 3   4 3   2 2   4 4   3 3  
EAEA45034163412410     3 3   1 1   4 4   4 3   5 1   4 3   1 1   3 3   3 1   1 1   3 3   2 1  
EAEA450411634033112340 3 3 4 3 4 4 1 1 1 5 5 5 3 3 3 1 1 3 1 1 5 5 5 5 4 4 4 1 1 4 5 5 5 1 1 1
EAEA4505716341340113404 2 5 1 2 3 5 5 5 5 3 5 5 3 5 3 3 4 4 3 4 4 3 5 4 3 4 1 3 5 5 3 5 5 3 5 
EAEA45062163413400    4 3   2 2   4 4   5 3   5 4   2 2   5 4   4 4   5 3   2 2   4 4   4 3   
EAEA45125163403310    2 2   3 3   3 3   3 2   2 3   3 3   2 2   3 3   2 2   3 3   2 3   3 2   
EAEA4515816340240114403 3 3 4 4 3 4 3 5 3 3 5 4 4 4 4 4 4 2 2 4 5 3 5 4 3 3 5 3 3 4 4 5 3 3 4 
EAEA451861634034012341 3 3 4 3 3 3 3 3 4 4 3 4 2 3 4 3 3 2 2 3 4 3 3 3 4 3 4 3 2 2 4 3 3 4 3 3
EAEA4519416340341113204 4 3 1 1 3 4 4 4 5 4 3 4 4 4 2 2 3 5 5 5 5 5 4 4 4 4 1 1 3 5 5 5 5 5 4 
EAEA45214164403210    4 2   3 3   4 2   4 3   5 4   1 3   1 1   4 4   3 1   3 4   4 3   3 1   
EAEA45236164402400     4 3   2 2   5 5   2 2   5 3   1 2   2 2   5 4   3 1   1 1   5 5   2 2  
EAEA4524816341441113214 4 3 3 1 3 5 5 5 4 5 5 5 5 4 1 1 1 4 5 5 5 5 5 5 5 4 1 1 1 5 5 5 4 5 4 
EAEA4526916240   12321 3   4 3   3 5   5 5   5 5   3 5   4 4   3 4   5 3   3 3   3 4   4 1   3
EAEA452751634034112210 4 4 4 3 2 1 5 4 5 4 5 4 4 3 3 2 1 1 3 4 5 4 4 5 3 2 4 3 3 2 5 4 5 3 4 5
EAEA45283163413210     3 4   1 4   5 5   4 5   3 5   3 1   1 4   5 5   4 5   3 4   5 5   1 5  
EAEA45303163215100     1 4   1 1   3 5   1 5   1 5   1 3   1 3   3 5   3 5   1 1   3 5   1 1  
EAEA4531116321321114403 3 5 2 3 3 4 4 5 4 3 5 3 3 3 3 3 2 4 3 5 4 4 5 3 2 5 3 3 3 4 4 5 4 3 5 
EAEA45324163403410    4 3   2 3   4 4   5 4   4 4   2 3   4 2   5 5   4 3   2 3   5 4   5 3   
EAEA4534616441441113404 3 4 5 1 5 5 5 4 5 3 5 5 2 3 3 3 4 5 5 5 5 5 5 5 3 4 3 3 5 5 5 5 5 5 5 
EAEA4539516440330123202 3  45 4  31 4  53 4  53 4  55 3  41 3  51 4  43 3  44 3  31 4  41 3  5
EAEA4540016440321113302 4 2 2 3 4 4 4 4 5 4 5 3 5 3 3 3 3 5 3 5 4 4 4 2 1 2 3 3 3 4 4 4 3 1 4 
EAEA4543716440340113305 4 5 1 1 3 5 4 5 5 3 5 4 3 5 1 1 1 5 4 5 5 4 5 5 3 5 1 1 3 4 3 5 5 1 3 
EAEA4545416340441113414 4 4 2 3 3 4 5 3 4 4 4 3 3 2 3 1 3 3 3 5 4 4 3 2 3 4 2 3 4 4 4 4 3 2 3 
EAEA454761634034012320 4 3 4 1 1 2 4 4 5 4 5 5 5 3 4 2 2 2 5 3 5 4 4 5 4 3 4 2 4 3 4 4 5 5 3 4
EAEA454981634134112321 4 2 4 1 1 1 4 4 4 5 5 4 4 2 4 3 2 3 4 4 4 4 4 4 2 2 4 1 2 2 4 3 5 2 2 4
EAEA4552716320311114412 3 2 4 3 1 3 2 2 3 1 3 4 4 3 3 1 4 1 2 4 4 2 3 3 4 4 1 3 4 2 4 3 1 3 4 
EAEA4553116530440114302 5 5 2 2 3 4 4 5 5 4 5 3 5 5 2 2 2 5 5 1 5 5 5 5 5 5 1 1 3 5 5 5 2 2 2 
EAEA455881634022112310 4 3 4 3 1 3 3 2 2 3 4 5 3 4 5 3 3 3 3 3 5 3 2 3 3 4 4 1 3 4 3 4 4 5 3 5
EAEA4562816341440113404 4 4 1 1 1 5 5 5 5 4 5 5 4 5 1 1 1 5 3 4 5 5 5 5 4 5 1 1 2 5 5 5 5 5 5 
EAEA4563016341321113204 3 4 3 2 3 4 3 4 4 3 5 5 4 5 3 2 3 3 2 4 4 3 4 4 2 4 3 2 3 4 4 5 3 2 4 
EAEA4564216340320113204 3 4 2 2 3 5 4 4 5 3 3 5 4 3 3 3 2 5 4 3 5 4 5 5 4 4 3 4 3 5 4 4 4 3 3 
EAEA45663163413410    2 2   1 2   4 3   5 2   3 2   1 1   5 2   5 3   3 1   1 1   5 4   5 2   
EAEA45689163413400     2 3   2 2   4 3   3 3   3 3   3 3   3 3   4 4   3 3   1 5   3 3   2 3  
EAEA45751163403300    3 2   1 3   4 3   4 4   3 2   1 2   4 3   4 2   3 1   1 2   4 3   2 2   
EAEA458121644044112320 4 1 4 1 1 1 3 5 5 3 1 3 3 3 3 3 1 3 1 1 1 3 2 4 3 1 5 1 1 1 4 4 4 1 1 4
EAEA45866163403410    3 5   2 3   5 5   5 5   4 5   3 3   5 5   5 5   4 4   3 4   5 4   5 5   
EAEA458991634044012331 4 4 4 2 3 2 5 4 5 5 3 5 5 4 4 4 2 3 4 3 5 4 4 4 4 4 5 1 3 2 5 4 4 4 3 5
EAEA45918163213110    4 3   3 3   4 3   3 1   3 5   4 4   3 1   4 4   3 4   1 1   4 3   4 1   
MWMW0001316241221113211 1 2 4 2 1 5 5 3 5 4 4 3 1 1 1 3 1 4 1 1 4 1 1 3 3 1 1 1 1 5 4 3 3 1 1 
MWMW00136163413410    5 3   1 1   5 5   5 4   5 5   1 3   5 4   5 5   5 4   3 3   5 5   5 4   
MWMW00148163403410    2 4   3 4   2 5   1 3   5 2   3 4   1 1   4 3   4 3   5 3   4 3   1 1   
MWMW001501634034112330 5 4 4 1 1 1 4 4 4 5 5 5 5 4 4 1 1 1 5 5 5 4 4 4 5 5 5 2 2 2 5 5 5 4 4 4
MWMW0016916340341113204 4 4 1 2 2 5 3 4 5 5 4 5 5 5 2 2 3 5 5 3 5 4 3 5 3 4 1 2 3 5 4 3 5 4 3 
MWMW0017516340440113204 2 4 2 2 2 4 3 4 4 2 3 4 2 4 4 2 2 4 1 3 5 3 4 4 1 4 3 2 4 5 3 4 4 2 3 
MWMW00183163413410    4 3   1 2   4 3   4 3   5 3   1 2   4 3   5 4   4 3   1 2   4 3   4 3   
MWMW00197163413410    2 2   1 1   5 5   5 3   3 3   3 3   3 1   5 5   3 1   3 3   5 5   5 1   
MWMW00217164404400     4 3   1 1   5 5   5 5   5 5   3 3   5 5   5 5   5 5   2 2   5 5   5 5  
MWMW00225164403400     3 2   2 1   4 4   5 2   5 3   2 2   3 2   4 4   4 2   2 2   5 5   4 3  
MWMW002581634133112340 4 3 4 4 5 2 1 1 1 4 4 4 5 4 5 3 3 3 2 3 4 5 5 5 4 4 5 2 2 2 5 5 5 4 3 5
MWMW0027216140331113314 4 4 3 2 2 4 4 5 5 5 5 4 3 4 2 2 2 5 3 4 5 3 4 3 3 4 3 2 3 5 4 5 4 3 4 
MWMW002861634033012320 4 4 4 2 2 3 4 4 4 4 4 5 4 3 4 3 3 3 3 3 4 3 3 4 4 4 4 3 2 2 4 3 4 2 2 3
MWMW0030616321321113213 4 3 3 3 2 3 4 4 4 5 5 4 3 4 3 3 4 4 4 5 3 4 4 3 4 4 2 2 3 4 4 5 3 2 3 
MWMW00319163413310    5 3   2 1   5 3   5 4   5 2   1 1   4 2   4 4   5 3   5 2   5 5   2 2   
MWMW003271642044012341 2 2 4 1 1 3 3 3 4 3 1 5 1 3 4 1 3 5 3 1 5 4 4 5 3 3 4 3 3 1 3 4 5 1 1 1
MWMW00331163413410     3 3   1 1   5 5   5 4   4 2   1 1   5 4   4 5   2 4   4 4   4 4   5 4  
MWMW00355163313100     2 3   2 2   1 4   3 4   2 3   2 1   1 2   3 4   1 4   2 1   2 5   1 2  
MWMW00364163313400    4 3   2 2   4 4   3 2   5 5   3 3   4 3   4 4   4 3   2 2   4 4   5 4   
MWMW003701634134012320 5 4 5 3 3 3 5 4 5 5 5 5 5 5 5 3 3 3 3 3 3 4 4 4 3 3 3 1 3 3 4 3 4 5 3 5
MWMW003881634134012340 4 2 3 2 2 4 3 3 3 4 2 3 5 3 5 3 2 5 3 3 5 4 4 4 5 3 5 1 3 4 5 3 3 5 1 1
MWMW00392164403210    4 3   3 4   3 3   5 1   4 3   3 1   3 1   4 4   3 1   4 5   4 3   5 1   
MWMW0040816321330113204 3 3 2 3 3 5 5 5 5 5 3 4 3 4 2 3 3 4 5 3 5 5 5 4 3 4 2 3 3 5 5 5 4 4 3 
MWMW004161634022112221 2 4 4 3 3 1 2 3 5 3 1 5 4 3 5 1 1 1 1 1 4 2 4 5 3 4 4 1 1 1 4 3 5 1 3 5
MWMW00429163413310    4 3   2 2   4 4   5 3   4 4   2 2   5 4   4 4   4 4   2 2   4 4   4 3   
MWMW004571634134012310 4 3 3 1 1 1 5 5 5 5 4 4 5 4 4 2 2 2 3 3 3 5 5 5 3 3 3 1 1 1 5 5 5 4 4 4
MWMW0046216340340113205 4 4 2 1 4 5 4 3 5 4 4 5 3 4 2 2 3 5 3 2 5 4 3 5 3 2 2 2 4 5 4 4 5 3 4 
MWMW00473163213210    4 3   1 1   4 4   4 4   5 5   3 3   5 3   4 4   5 3   1 1   5 4   5 4   
MWMW0048516340240113204 3 5 1 3 4 4 3 5 5 3 5 5 4 5 4 3 3 5 4 5 5 3 5 5 4 5 4 4 4 5 3 4 5 3 4 
MWMW00503164403410     4 3   3 3   4 4   5 5   4 4   3 3   1 1   4 4   4 4   3 3   4 4   4 2  
MWMW00511163413410    4 4   2 3   4 4   4 4   5 4   2 3   5 4   4 4   3 3   2 2   4 4   5 4   
MWMW0052416341   0    4     3     5     5     3     1     5     4     5     2     3     5     
MWMW0053916341341113204 4 4 1 2 2 5 5 5 4 4 5 4 3 4 2 1 3 4 2 4 5 5 5 4 4 4 1 1 1 4 4 4 4 3 5 
MWMW0054616341341114404 2 4 1 1 2 5 4 4 4 3 4 4 2 4 1 1 2 4 2 4 5 4 4 4 2 3 1 1 3 5 4 4 4 2 3 
MWMW00552163413410    3 3   3 3   2 2   3 3   4 4   5 5   3 3   4 4   4 4   1 1   3 3   4 4   
MWMW005801633133012340 4 3 4 2 3 3 4 3 4 4 3 3 4 3 4 3 3 3 4 3 3 4 3 4 2 3 3 2 3 3 4 3 4 4 3 3
MWMW00595162413210    4 2   1 1   5 4   5 3   4 3   2 3   5 2   4 4   5 2   1 1   5 4   4 2   
MWMW0061216340341113404 3 3 2 1 3 4 5 5 5 4 4 5 4 5 3 4 2 4 3 4 4 5 5 4 5 4 2 4 3 5 4 4 5 5 4 
MWMW006381634033012340 2 2 3 1 1 1 4 4 4 3 4 5 4 4 4 2 1 1 2 4 5 4 4 4 1 1 3 1 1 1 4 4 5 4 4 4
MWMW006451633134012341 4 4 4 3 2 2 4 4 4 4 4 5 5 4 5 3 4 4 5 4 5 4 4 5 4 4 4 5 4 5 3 4 4 3 3 4
MWMW0065316340340114404 2 4 3 2 4 5 4 5 3 1 5 5 3 5 2 3 3 5 1 5 4 2 4 4 4 4 3 4 3 3 3 4 5 1 4 
MWMW00677163405400     4 4   4 3   4 4   5 5   4 4   4 4   5 3   4 4   4 5   4 4   4 4   5 4  
MWMW00699163405400    4 4   3 1   4 4   5 4   3 3   1 1   5 2   3 3   3 4   3 1   5 5   5 3   
MWMW007181624034012331 4 3 2 3 1 1 5 3 4 3 3 4 2 2 3 1 3 3 2 3 5 3 3 3 2 3 3 1 1 1 2 3 3 1 1 1
MWMW00726163313310    4 3   2 3   4 4   4 2   5 4   1 2   4 1   4 4   5 4   1 1   5 4   5 1   
MWMW0074416341   113414   2 1   3 5   1 4   1 3   1 1   3 5   1 4   3 3   1 1   3 4   3 3   1 
MWMW00771163413400    4 4   2 3   4 4   4 5   5 5   2 2   5 5   4 4   4 4   2 2   4 4   3 5   
MWMW0080716440   12320 2   3 2   1 4   4 3   3 4   3 3   3 3   3 3   3 4   5 3   1 4   4 3   3
MWMW00830163413410     4 4   2 4   4 5   3 4   4 4   2 4   4 3   5 4   4 5   2 3   4 4   4 3  
MWMW00863163402210     4 3   3 3   4 4   4 2   5 4   4 4   4 2   4 4   5 4   3 3   4 4   4 2  
MWMW0087416340321113405 3 4 3 3 4 4 4 3 5 5 5 5 3 3 3 3 3 5 3 4 4 4 3 5 3 3 3 3 4 4 4 3 4 4 4 
MWMW0089116240   113403   3 2   1 4   5 3   5 4   2 1   3 1   4 4   5 3   4 3   2 4   4 4   5 
MWMW009471634033112340 5 2 5 2 3 4 5 3 5 5 2 4 5 3 5 3 4 2 5 1 5 5 3 5 5 2 5 3 4 2 5 3 5 5 1 5
MWMW0095116341341113215 2 2 1 5 5 5 5 5 5 2 2 5 2 5 3 2 2 5 2 5 4 2 5 5 2 5 2 1 5 5 3 5 5 1 5 
MWMW0096816340341113414 4 5 3 3 3 5 5 5 4 4 5 3 4 5 3 2 3 4 4 5 5 5 5 3 3 5 3 2 4 5 5 5 3 4 5 
MWMW00979163403410     5 4   2 1   5 5   5 4   5 5   3 1   4 3   5 5   5 4   3 1   5 4   4 4  
MWMW01017163413410    4 4   2 2   5 4   5 4   5 4   3 3   5 3   4 4   4 4   2 2   5 4   5 4   
MWMW010331634024012330 4 4 3 3 1 1 5 3 5 3 5 5 4 3 4 5 1 1 1 5 5 4 4 5 4 3 4 3 1 1 4 5 5 1 5 4
MWMW01040163403400     4 3   2 2   5 5   4 4   4 4   4 4   3 4   5 5   4 4   3 3   5 5   4 4  
MWMW0106116341341113104 2 4 1 1 1 3 3 3 5 5 5 3 3 4 4 4 2 5 3 5 4 4 4 5 2 4 2 1 1 5 5 5 5 3 5 
MWMW01086163313410    4 2   3 1   4 4   5 2   5 1   2 1   3 1   4 4   5 3   2 1   5 5   3 1   
MWMW01094163403410     3 3   1 1   5 5   4 4   4 4   2 1   2 2   5 5   2 4   4 4   5 5   2 2  
MWMW011181634034012320 5 4 4 3 3 5 5 5 4 5 3 3 5 3 5 3 1 1 5 5 3 5 3 4 5 3 3 3 3 3 5 4 4 5 3 3
MWMW01126162403400    4 3   4 4   5 5   4 5   4 4   2 2   4 5   5 5   4 4   2 1   5 5   4 4   
MWMW011441634034012341 4 3 4 2 1 3 4 4 5 4 4 4 5 3 4 3 4 3 3 3 3 3 3 4 4 3 5 2 3 2 4 4 4 4 3 4
MWMW0116016341        3     2     5     5     4     3     3     3     4     4     4     3     
MWMW01193163413410    4 2   2 1   4 4   3 2   4 4   3 4   5 4   3 2   4 1   4 1   4 4   4 1   
MWMW0120016341341114413 3 4 1 3 2 5 4 4 5 5 5 5 5 5 1 5 3 5 4 4 5 4 4 3 4 5 1 5 3 5 4 4 5 3 5 
MWMW01249163403400     3 3   1 1   4 4   4 4   5 4   3 3   3 3   4 4   5 3   1 1   5 5   4 4  
MWMW0127616340340113204 2 3 3 4 3 4 2 2 3 1 3 5 3 3 3 3 3 3 1 3 3 3 2 3 1 1 4 3 3 3 3 3 3 3 4 
MWMW013021634034012220 4 5 5 1 1 1 5 5 5 3 3 5 5 5 5 2 2 1 1 1 5 5 5 5 5 5 5 1 1 1 5 4 5 1 1 4
MWMW01323163413410    3 3   1 1   5 5   5 3   5 3   4 2   5 5   4 3   4 3   2 2   5 5   5 4   
MWMW013351632132112321 3 4 5 1 4 3 5 5 5 5 2 3 5 2 5 1 5 3 5 1 3 3 3 5 5 2 3 2 5 2 5 3 3 4 1 4
MWMW01347163403410     3 3   2 1   4 4   3 3   2 1   1 3   3 3   4 4   4 3   2 1   5 4   3 2  
MWMW01351163413410     3 2   1 1   3 4   3 3   3 3   3 3   2 3   4 4   3 2   2 1   3 4   3 3  
MWMW01404163413410     4 4   3 1   5 5   5 3   3 3   3 4   3 1   4 2   5 3   1 3   5 5   3 1  
MWMW0142016320320113312 1 4 1 1 3 3 3 4 4 1 3 2 2 4 2 2 4 4 1 3 3 2 4 2 1 4 1 1 4 4 4 4 4 1 4 
MWMW01438163413410     3 4   2 2   4 5   3 4   3 5   1 2   2 3   4 4   3 5   2 2   4 4   3 3  
MWMW01466164413410    4 2   5 1   5 3   5 3   5 3   3 3   5 1   5 3   5 3   3 1   5 4   3 3   
MWMW01528163403210    2 3   1 1   4 3   5 3   3 4   2 2   5 1   4 3   2 2   1 1   5 3   5 3   
MWMW01542161412410     5 3   1 1   3 5   3 3   5 3   1 1   3 3   3 5   2 1   1 1   5 4   3 3  
MWMW015911634134112341 3 2 3 2 2 2 3 4 4 3 3 2 3 3 3 3 3 3 1 3 3 2 3 3 3 3 3 1 1 3 3 4 3 3 3 3
MWMW01608163413210     3 3   3 2   4 4   4 3   3 2   3 3   2 2   4 4   3 3   2 1   4 4   3 3  
MWMW016291634133012331 3 3 4 2 2 1 4 4 5 1 2 5 4 3 5 2 2 2 1 2 4 3 3 5 3 3 4 2 2 1 4 4 5 2 3 4
MWMW01634163413410     4 3   2 4   3 4   4 3   4 3   2 4   2 4   3 4   4 3   2 4   3 4   2 4  
MWMW016571634134112320 4 3 4 1 2 3 4 5 5 4 5 3 3 4 5 2 3 4 2 5 3 4 2 4 5 4 4 3 3 4 5 3 4 2 3 4
MWMW0167316341   0    2     1     4     3     3     1     3     4     4     1     4     3     
MWMW0168516331340114403 3 2 1 1 1 5 5 5 3 3 5 3 3 4 1 2 4 3 3 5 5 5 5 4 1 3 1 3 1 4 3 5 3 3 5 
MWMW01690163413410     5 2   2 2   5 4   5 3   5 5   5 4   1 1   5 3   5 4   2 1   4 4   2 2  
MWMW0170116340340113213 1 5 2 1 2 5 5 4 5 2 1 4 1 5 2 1 4 4 2 4 4 4 5 2 1 5 2 1 4 4 4 4 2 2 2 
MWMW0173616   3400       2     3     5     3     5     3     3     5     3     3     4     5  
MWMW017501634054012320 5 5 5 1 3 3 4 4 3 5 5 5 3 3 5 5 3 3 3 4 5 4 4 4 2 3 2 2 3 5 4 4 4 1 1 1
MWMW0176916540        3     3     5     5     4     3     4     4     3     3     4     4     
MWMW01824163413410    4 4   3 2   4 4   4 5   5 5   3 2   4 5   4 4   5 5   3 2   4 4   4 5   
MWMW01846163413410     3 3   2 1   4 5   2 5   3 5   2 2   5 3   5 5   3 5   5 3   5 5   3 5  
MWMW01852163302200     4 3   2 2   5 5   5 4   5 5   3 3   4 3   5 5   4 3   2 2   5 5   5 4  
MWMW0186716340340114403 2 4 2 1 3 4 4 4 3 1 5 4 3 5 1 1 3 1 1 1 4 4 4 5 1 3 1 1 3 5 3 3 5 2 5 
MWMW0189516331331113214 3 3 1 1 2 4 4 4 5 3 5 5 4 4 4 4 3 5 4 5 5 5 4 5 4 4 1 1 3 4 4 4 5 3 3 
MWMW01906163413310    3 3   2 2   5 5   3 3   5 5   2 2   3 3   4 4   4 3   2 2   5 5   4 3   
MWMW01927163403410    4 4   1 1   4 4   3 3   4 4   1 2   3 3   4 4   5 4   2 3   4 4   3 4   
MWMW0194316341341113412 3 4 1 1 3 5 5 5 2 2 4 2 2 4 3 3 2 2 2 4 5 5 5 3 3 4 2 4 4 3 3 3 4 2 2 
MWMW0197016440         2     1     4     1     4     3     3     4     3     1     4     3    
MWMW0199216241   113114   3 2   1 4   5 3   3 4   3 2   4 1   1 4   5 5   5 1   1 5   5 3   3 
MWMW020081634134112330 2 2 4 2 2 2 4 4 5 2 2 5 5 5 5 2 2 2 2 2 5 4 4 5 2 2 5 2 2 2 4 4 5 2 2 5
MWMW02016163412410     4 2   1 1   5 5   5 1   5 2   1 1   3 3   5 5   3 1   1 1   4 4   3 2  
MWMW02041162402400     4 4   2 2   5 4   5 4   5 4   2 3   5 2   5 3   5 3   5 3   5 4   5 3  
MWMW02057164403410    4 4   1 1   4 4   5 5   5 4   3 3   5 4   5 5   4 5   2 1   5 5   5 3   
MWMW02073162413400    5 5   3 3   5 5   5 5   4 4   1 3   5 3   5 4   3 3   1 3   5 5   5 3   
MWMW02090163213200    4 4   3 3   5 5   5 5   5 3   2 3   5 3   5 5   4 4   3 3   5 5   5 4   
MWMW0211716340340113403 2 3 1 1 1 4 4 5 5 1 1 3 3 3 1 1 1 4 1 1 5 5 5 3 3 3 1 2 1 5 5 5 1 1 1 
MWMW021251634134112341 4 3 4 1 2 3 4 4 4 4 3 4 5 3 5 3 3 3 4 2 4 4 4 4 4 4 5 2 2 3 4 4 4 3 2 5
MWMW02140163413410     5 5   2 2   5 5   2 2   2 3   1 1   1 2   5 5   5 5   5 1   5 5   5 1  
MWMW02158163413200    4 3   3 3   4 3   5 3   5 3   3 4   5 1   5 3   4 1   4 5   5 4   5 3   
MWMW02161163413410    3 4   2 2   4 4   4 4   5 4   1 4   4 2   4 4   4 4   4 4   4 4   4 4   
MWMW02172163413410     4 3   2 1   4 4   4 3   4 3   3 2   4 3   4 4   3 3   2 1   4 4   4 3  
MWMW02186164403410    2 2   2 2   3 3   4 3   2 5   2 2   4 3   4 4   2 2   4 3   3 2   1 1   
MWMW0222216340340114402 1 4 2 1 3 5 4 5 5 4 3 4 4 5 2 2 3 5 2 2 5 4 5 3 2 4 2 2 3 5 5 5 5 4 4 
MWMW0223616340   0    4     3     4     4     3     4     5     4     5     3     4     4     
MWMW02248163413410    4 4   2 2   5 5   5 5   5 5   3 3   5 4   5 4   5 5   3 1   5 4   3 3   
MWMW0226916440340113304 1 5 1 1 1 4 2 5 5 1 5 5 1 5 1 1 1 3 1 5 3 2 5 5 1 5 1 1 1 4 1 5 3 1 5 
MWMW0227516440   114404   4 3   1 5   5 5   5 5   3 5   5 3   3 5   5 5   3 3   5 5   5 5   5 
MWMW02283163403410    3 2   2 2   3 3   5 3   3 3   1 3   5 1   3 3   3 2   3 2   4 3   5 1   
MWMW0231116340340113404 4 4 2 2 5 4 3 1 3 3 3 2 3 3 3 2 5 3 3 2 4 4 3 3 3 3 2 1 3 4 4 3 5 1 1 
MWMW0232416340   0     2     2     4     4     3     2     3     4     3     2     4     3    
MWMW02339163413410    4 2   4 2   5 5   4 3   5 3   3 3   3 3   5 5   4 3   1 1   5 5   3 3   
MWMW0236716340   0    2     1     4     5     4     3     5     5     2     1     5     5     
MWMW0237816340   12320 4   3 1   1 4   3 4   4 5   3 3   3 4   3 5   3 4   3 1   1 4   4 5   4
MWMW0238016341   12240 4   5 1   3 3   5 3   5 5   5 4   4 3   5 3   5 5   5 3   3 4   4 3   5
MWMW024001632132112321 2 3 4 1 1 2 2 2 2 2 2 3 2 3 2 2 3 3 2 3 3 2 3 3 1 2 4 2 2 4 1 4 4 2 3 4
MWMW024651634042012341 3 3 3 1 1 3 3 3 5 4 3 5 3 3 3 1 1 3 1 1 5 3 3 4 3 3 3 3 1 3 4 3 5 3 3 5
MWMW024761634134012340 4 3 3 1 2 3 3 3 3 2 3 2 1 1 3 1 1 2 1 1 3 3 3 3 4 3 4 1 2 3 3 3 3 1 2 2
MWMW024821634144012320 4 3 4 2 3 4 5 5 4 5 5 5 2 2 4 3 1 3 5 5 3 4 4 5 4 3 5 3 1 5 5 4 5 3 3 2
MWMW025311623032012321 4 3 4 2 1 3 4 4 4 3 3 4 3 2 4 1 2 3 2 1 3 4 3 4 3 2 4 2 1 3 4 3 4 3 3 4
MWMW0254316341   12341 3   4 2   2 4   4 3   5 4   4 2   2 3   3 4   4 3   5 2   2 4   4 3   5
MWMW02570163413410    2 2   1 1   5 5   5 4   5 4   5 3   5 3   4 4   5 3   1 4   4 4   4 3   
MWMW0259216341321113404 3 3 2 2 1 4 3 4 3 3 2 4 3 3 3 2 2 4 2 5 3 4 4 3 2 3 2 1 2 3 4 4 3 3 1 
MWMW0261516341   113401   2 3   3 3   5 4   4 4   3 4   4 4   3 2   4 3   3 5   5 3   3 4   3 
MWMW02663163413200    5 3   2 1   5 5   5 4   3 3   4 1   5 5   5 5   5 3   4 4   5 5   5 4   
MWMW02674163413410     3 2   3 1   3 3   2 2   3 3   3 3   3 4   3 4   5 3   3 3   3 4   3 4  
MWMW0268916320320113215 5 5 1 3 1 5 5 5 5 3 3 5 4 5 4 4 4 5 1 5 5 3 4 5 4 5 1 3 1 5 5 5 5 1 5 
MWMW027021634134112341 4 2 4 3 1 3 4 4 4 4 3 4 4 3 4 3 3 3 5 4 5 4 4 5 4 3 5 3 2 4 5 5 5 5 5 5
MWMW02710163403400    2 2   3 2   5 5   5 5   2 3   3 3   5 5   5 5   2 3   2 2   4 5   4 4   
MWMW0272316341321113213 4 4 2 3 1 4 4 5 5 4 5 5 5 5 1 3 3 5 5 5 5 4 5 5 3 3 3 3 2 5 4 5 5 5 5 
MWMW027351634134112321 4 3 3 1 1 2 5 4 5 5 4 4 5 4 5 1 1 2 5 4 5 5 4 4 5 3 4 1 3 2 5 4 4 5 3 4
MWMW0275116341340113214 3 4 3 3 3 4 4 4 4 3 4 4 3 4 3 3 3 4 3 4 4 4 4 4 3 4 3 1 3 4 4 4 4 3 3 
MWMW0276816320   0    5     3     5     5     4     3     5     5     3     3     4     3     
MWMW027791634134112310 2 2 3 1 1 2 5 5 5 5 5 5 4 4 5 3 3 3 3 3 4 4 4 5 1 3 3 1 2 2 4 4 5 3 3 4
MWMW0278416340   12340 4   3 1   4 3   3 5   3 5   3 3   3 1   1 4   3 1   3 1   1 4   3 3   3
MWMW0279616341341113415 3 5 3 5 5 5 5 5 5 1 5 5 5 5 4 3 3 5 3 1 4 4 4 5 5 5 5 5 5 4 4 5 5 1 5 
MWMW0280416340340113403 2 3 2 2 3 5 2 4 5 2 5 5 5 5 2 2 2 5 2 5 5 4 5 4 2 4 2 2 3 5 5 5 5 2 5 
MWMW02812163413210     3 3   1 1   4 4   5 3   5 3   3 3   3 5   4 4   4 3   3 3   4 4   3 3  
MWMW0284516341341113403 4 4 2 1 5 4 4 3 4 3 5 4 4 4 3 3 3 3 2 4 4 4 4 5 5 5 3 3 4 5 5 5 3 2 3 
MWMW0285316341331113404 3 4 2 4 4 4 3 5 5 3 5 3 3 3 2 2 3 5 3 4 4 4 5 3 2 5 3 3 4 4 3 5 5 1 5 
MWMW02866163413410     3 2   3 1   4 4   3 1   1 3   4 1   1 1   4 4   4 1   4 1   4 4   1 1  
MWMW0287716341   12310 2   4 1   1 2   2 1   3 3   3 1   3 1   1 3   3 3   3 1   3 2   3 1   1
MWMW02881163413410     4 4   3 1   4 4   4 5   3 5   3 1   3 5   5 5   5 3   3 1   4 5   3 5  
MWMW02899163414410    5 2   2 2   5 5   5 4   5 5   2 2   5 4   5 5   5 4   2 2   5 5   5 5   
MWMW0290516341440114215 3 5 3 1 3 5 4 4 5 5 3 5 5 5 1 1 3 5 3 3 4 3 5 4 3 5 1 1 3 5 5 5 5 3 3 
MWMW0292616241241113304 4 5 4 1 5 2 2 5 5 3 5 3 3 5 5 1 5 3 1 5 3 5 5 3 3 3 5 1 5 3 3 5 2 2 5 
MWMW0293216340341113404 3 4 3 2 2 4 4 5 3 3 2 4 4 4 2 4 3 5 5 4 4 4 4 3 2 4 3 3 2 4 3 4 4 3 2 
MWMW02959163112210    3 3   1 3   5 5   5 1   5 3   1 3   5 3   5 5   2 3   1 1   5 5   3 3   
MWMW0296016341   0    2     2     5     4     3     1     1     5     1     2     4     2     
MWMW0297116340   0     3     3     2     3     4     3     1     1     4     3     3     1    
MWMW029871633133112320 2 1 2 1 2 3 4 3 4 5 4 4 3 3 4 3 2 1 5 3 4 3 3 4 1 1 4 1 2 3 4 5 3 5 3 4
MWMW0299316321   0     5     2     4     4     5     2     4     4     5     2     4     4    
MWMW0300516341341113205 3 5 1 2 1 5 4 5 5 3 5 4 4 5 1 3 1 1 1 1 5 3 5 5 1 5 1 2 2 4 4 5 1 1 1 
MWMW0302616340   0     3     1     4     4     4     2     4     4     3     1     4     4    
MWMW03032163403410     4 3   1 1   4 4   3 1   5 3   4 4   3 1   4 5   3 4   1 1   4 4   1 1  
MWMW03044163414410    4 4   1 1   4 4   5 3   5 5   1 1   4 3   4 4   3 3   1 1   4 4   5 5   
MWMW03060163413400    2 2   3 4   3 3   2 2   3 3   4 4   3 3   3 3   3 1   4 3   3 2   2 1   
MWMW0307116340340113302 3 5 1 1 3 3 5 5 2 3 5 3 3 5 1 1 2 2 4 5 5 3 5 2 2 5 1 1 2 4 5 5 3 3 5 
MWMW0309316341341113413 2 4 2 2 2 4 3 5 4 3 5 3 2 4 3 3 2 4 2 4 4 4 5 3 2 5 3 3 2 4 3 5 4 2 5 
MWMW0311916340340113311 1 4 1 1 1 4 4 4 5 3 3 1 1 1 3 1 3 1 1 1 4 3 4 1 1 5 1 1 1 5 3 4 3 1 3 
MWMW031311633133012340 4 4 4 2 2 1 4 4 5 3 3 5 3 4 4 2 2 2 2 2 2 4 4 5 3 3 3 2 2 2 4 4 5 3 3 5
MWMW031551634033112311 4 4 4 2 2 2 4 4 4 4 3 4 4 4 2 2 4 4 4 2 4 4 4 4 4 4 5 2 2 2 5 4 4 4 3 3
MWMW03170163403400     3 2   3 1   4 4   5 3   3 2   4 3   5 3   4 4   3 3   5 2   3 3   3 3  
MWMW03188163413410     4 5   3 4   4 4   4 5   5 4   3 5   4 2   3 4   4 3   3 4   4 4   4 5  
MWMW0319216341340113404 3 4 3 3 2 4 4 5 5 5 5 4 5 5 3 3 2 5 4 5 5 5 5 4 3 5 2 2 2 5 5 5 5 4 4 
MWMW03204162412410    3 2   4 1   1 4   2 1   2 5   4 2   2 1   1 4   2 1   4 1   2 4   2 2   
MWMW0321216341341114114 3 4 1 1 3 5 5 5 5 3 5 5 3 5 3 3 3 4 3 4 4 4 4 4 3 5 1 1 3 5 5 5 4 3 5 
MWMW03220162413410     2 2   1 1   1 2   1 3   3 3   1 4   4 4   2 2   1 3   1 3   4 3   1 3  
MWMW0324516311   0     2     3     3     1     3     2     1     4     1     3     2     1    
MWMW03253163403410     3 4   2 2   4 4   4 3   3 3   2 3   3 3   4 4   4 4   2 2   4 4   3 3  
NWNW30020163403410     4 4   2 1   4 4   5 4   5 4   1 1   4 2   4 4   5 4   1 2   4 4   4 2  
NWNW30045163413410    3 4   4 2   4 5   5 5   5 5   3 2   5 5   4 5   3 4   3 2   4 5   5 5   
NWNW30053163405300    4 4   1 5   4 3   5 5   5 5   1 5   5 2   5 3   4 3   1 4   5 4   5 5   
NWNW300661634134112341 4 3 4 3 1 1 4 4 5 4 4 5 4 3 4 3 1 3 3 3 4 3 4 5 4 3 4 3 3 2 4 4 5 3 3 4
NWNW30077163413310    4 2   1 1   5 4   5 3   5 3   2 2   5 1   5 4   4 2   1 1   5 4   5 2   
NWNW30081163213210     3 2   3 4   1 2   2 4   3 5   2 5   1 3   3 2   3 3   5 1   4 5   4 3  
NWNW30099163414400    3 2   1 1   5 4   5 5   4 3   3 2   4 3   5 5   3 3   1 1   5 5   5 5   
NWNW30137162413410     4 3   2 1   5 5   4 4   5 5   3 3   4 4   4 4   5 3   2 2   5 5   4 3  
NWNW3014916340341113113 4 3 2 3 1 5 5 5 5 4 3 3 5 3 2 3 1 5 4 2 5 4 5 3 5 3 2 3 1 5 5 5 5 4 4 
NWNW30154163413410     4 2   2 2   4 4   4 3   5 4   2 2   3 2   4 4   5 4   2 2   4 4   3 2  
NWNW30182163213210    2 2   2 3   3 2   4 3   2 2   2 3   4 1   4 3   2 2   1 2   5 3   4 1   
NWNW301981634034012341 4 4 4 1 1 1 5 5 5 5 5 3 5 5 4 1 1 3 4 5 1 5 5 5 5 5 5 1 1 3 4 4 4 5 5 3
NWNW3020516   2410       2     1     3     3     3     3     3     3     3     1     3     3  
NWNW30218163403310    2 3   1 1   5 3   4 2   2 2   1 1   3 1   5 3   3 1   1 1   5 3   4 1   
NWNW3022616      0                                                                            
NWNW3023216341341113404 3 5 3 3 1 4 4 5 4 3 5 4 4 5 3 3 3 3 3 4 4 4 5 4 4 5 3 1 3 5 4 5 5 3 5 
NWNW30244163313410    4 3   2 3   4 5   5 5   5 5   2 4   5 5   5 5   3 2   2 5   4 5   5 5   
NWNW30260163413400    3 2   3 3   4 3   4 2   2 3   3 3   4 1   4 3   4 3   3 3   4 3   3 1   
NWNW302711634034012340 4 3 5 1 3 3 4 3 5 5 2 5 5 1 5 5 4 3 5 1 5 5 3 5 5 3 5 3 4 2 5 2 4 4 3 2
NWNW30293163412200     3 2   1 1   4 4   2 1   5 2   1 1   1 1   5 4   2 1   1 1   4 4   2 1  
NWNW30315163413410     4 2   2 1   4 4   4 2   5 4   2 2   3 3   4 4   3 1   2 1   4 4   3 2  
NWNW3032816241341113413 3 3 1 1 1 4 3 3 5 3 4 4 4 4 2 2 2 5 4 4 4 3 3 2 2 2 1 2 2 4 3 4 5 4 3 
NWNW30330163413410     4 4   2 2   5 5   4 4   4 4   2 2   3 3   4 4   5 3   1 3   5 5   3 3  
NWNW30363163412210     4 2   1 1   5 3   5 3   5 2   1 1   5 3   5 3   5 3   1 1   5 5   5 2  
NWNW30374162403310     3 2   3 2   4 4   3 3   3 3   3 2   1 1   4 4   3 1   4 2   4 4   3 3  
NWNW30389163413210     4 3   2 1   4 3   4 3   5 2   1 2   3 1   4 3   4 2   2 2   4 3   3 2  
NWNW30391163403410    3 4   1 3   4 4   5 4   4 4   2 3   5 3   4 4   4 4   1 3   4 4   5 3   
NWNW3040916341   0     4 1   2 1   4     2 1   3 1   2 1   2 1   4 1   3 1   3 1   4 1   1 1  
NWNW304171634034012331 4 3 4 2 2 2 4 4 5 4 4 5 4 4 5 2 2 2 2 4 5 4 4 5 4 4 5 2 2 2 5 5 5 4 4 5
NWNW304251634144012310 4 3 4 3 1 1 4 4 4 5 3 5 4 3 4 4 3 2 3 3 4 4 3 4 4 3 4 2 2 2 4 4 4 2 2 4
NWNW3043316340340114402 3 4 2 1 1 4 4 5 3 4 5 3 4 5 2 1 1 4 4 5 3 4 5 2 3 5 1 1 1 4 4 5 2 3 5 
NWNW3046116341341114403 3 4 2 1 2 5 5 5 5 5 5 5 4 5 4 3 3 4 4 5 5 5 5 3 3 5 2 1 2 5 5 5 2 2 2 
NWNW30486163413410     3 4   1 2   3 4   3 2   4 1   5 1   1 3   4 5   4 1   1 3   5 4   1 5  
NWNW3050216341240113413 2 4 5 1 1 3 2 5 3 4 3 3 4 3 3 3 5 3 5 3 4 3 5 3 4 3 1 1 1 4 2 5 3 1 5 
NWNW305231634134112311 4 3 3 2 2 2 4 4 3 5 4 4 4 4 4 3 3 3 3 3 3 4 4 4 4 4 4 3 3 3 4 4 4 5 5 5
NWNW305351624124112221 5 5 5 2 1 1 5 5 5 5 5 5 5 5 5 2 2 1 3 3 5 4 4 5 5 5 5 3 3 2 4 4 5 4 4 4
NWNW3054716221311113214 3 3 3 2 2 4 4 4 5 4 4 5 3 4 3 2 1 5 3 4 4 3 3 5 3 4 2 1 1 4 3 4 5 3 4 
NWNW30551162413410    4 2   4 1   5 3   5 2   5 2   3 3   5 2   4 2   5 1   4 1   5 2   5 1   
NWNW30568163413410    4 3   4 3   4 4   5 5   3 5   3 3   5 4   4 4   5 3   1 3   4 4   5 3   
NWNW30579165403410     3 2   2 3   4 5   1 4   3 2   4 1   3 1   4 4   4 2   3 3   4 4   3 3  
NWNW305841634134112331 4 4 3 3 3 1 3 4 4 3 3 3 5 4 4 3 4 3 4 3 5 4 4 5 5 4 5 1 1 1 4 4 5 3 3 3
NWNW30596162403410     4 2   4 1   4 4   3 4   5 3   4 3   3 1   4 4   3 1   5 1   4 4   4 1  
NWNW306031634034112340 3 4 3 3 2 3 3 5 4 3 4 4 5 5 5 2 2 3 4 3 4 4 5 4 4 5 4 2 2 3 3 4 3 4 2 4
NWNW30611164403400     3 3   1 1   4 4   4 4   3 4   2 1   4 4   4 4   4 3   1 1   4 5   3 4  
NWNW3062416330330113201 1 1 1 1 1 4 4 4 3 3 4 4 3 2 3 3 3 3 3 3 4 3 4 1 1 1 1 1 1 3 3 4 3 2 3 
NWNW3063916341341113413 3 5 3 2 2 3 3 5 3 2 5 5 3 4 3 3 3 3 2 5 3 5 5 2 3 5 3 3 2 3 4 5 2 2 5 
NWNW30646163413410     3 2   1 1   4 5   5 3   5 3   2 1   5 2   4 4   4 2   2 1   4 4   5 3  
NWNW30652163403400     2 2   1 1   4 4   4 4   4 3   3 3   5 5   4 4   3 3   1 1   4 4   3 3  
NWNW306671634134112341 4 4 4 3 1 1 5 5 5 5 5 5 4 5 5 3 3 1 5 3 3 5 2 4 3 3 5 3 3 1 5 5 5 5 3 5
NWNW3067816341   0     4     2     4     3     3     1     2     4     3     1     4     2    
NWNW3068016341341113414 2 3 1 3 3 4 4 5 3 3 5 4 3 4 1 3 3 3 1 3 3 3 5 4 3 4 1 3 4 4 3 5 3 3 5 
NWNW307061634032112311 2 2 4 1 1 1 4 4 4 3 3 3 5 3 5 3 2 2 2 2 3 3 3 4 2 2 2 1 1 1 3 3 3 3 3 3
NWNW30719163413410    4 2   3 1   5 5   5 3   5 5   3 3   5 3   5 5   5 3   3 3   5 5   5 3   
NWNW30727163414210    4 1   1 1   5 4   5 1   4 1   2 2   5 1   5 5   4 1   2 2   4 4   5 1   
NWNW3073116320   0     3     3     4     3     4     3     2     4     3     3     4     2    
NWNW3074316341340113414 4 3 2 4 4 4 4 4 4 1 3 4 4 4 2 4 3 3 3 3 4 4 4 4 4 4 2 4 3 4 4 4 3 3 3 
NWNW3076416341530113214 3 4 3 2 3 4 4 5 4 3 5 4 3 4 3 2 3 4 4 4 4 4 5 3 3 4 3 2 2 4 4 4 3 3 2 
NWNW307701634034012340 4 3 4 2 1 2 3 3 4 4 3 5 3 2 3 2 1 1 2 1 3 3 3 4 4 4 4 2 1 2 4 3 4 2 1 5
NWNW30788163413400    5 3   2 3   4 3   4 3   5 3   3 2   4 3   4 3   5 2   3 3   5 3   5 2   
NWNW30808163413410     4 3   2 2   4 4   4 4   4 3   3 2   3 3   4 4   4 3   2 2   4 4   3 3  
NWNW3081616341341113314 3 3 1 1 3 5 5 5 5 4 5 5 3 5 2 2 3 5 1 5 5 5 5 5 2 5 2 2 2 5 5 5 5 2 5 
NWNW30829163213400     4 2   3 3   2 2   3 3   4 5   3 3   3 3   4 4   4 4   3 3   5 5   3 3  
NWNW30873163413210     3 3   1 1   4 4   4 4   4 4   1 1   3 3   4 4   3 3   1 1   4 4   3 3  
NWNW30885163413410    2 2   2 1   3 4   2 5   2 2   2 1   4 2   3 4   2 1   3 1   2 4   3 2   
NWNW3090116   44012440  3  4  1  5  5  2  5  1  3  3  1  5  5  2  5  2  2  2  2  5  5  2  5  3
NWNW3092216311340113114 3 2 3 1 4 1 5 5 5 4 5 4 1 5 5 1 1 5 1 5 1 5 5 1 1 1 3 1 1 1 4 5 4 5 4 
NWNW30936163413310    4 3   2 2   5 3   4 3   5 3   2 4   3 2   4 4   4 3   2 3   4 4   2 1   
NWNW30948163404400    1 4   1 2   4 5   5 5   3 5   3 4   2 3   4 4   2 5   1 2   4 4   2 1   
NWNW30950163413400    3 3   1 1   4 5   5 5   5 5   3 3   4 4   5 5   4 3   5 3   5 4   4 4   
NWNW30969163213410    3 2   2 3   3 4   3 1   5 4   2 3   3 2   3 4   2 2   2 3   3 4   2 3   
NWNW3100516330340115203 2 4 3 1 3 5 4 5 5 3 4 4 3 4 3 3 3 5 3 5 4 3 5 3 3 5 3 1 3 4 4 5 5 3 3 
NWNW310181634033012320 4 2 3 1 3 2 4 2 4 5 2 3 4 3 4 4 5 3 5 1 3 5 2 4 4 3 3 2 3 1 5 2 4 5 2 3
NWNW31032163413400     4 2   2 1   4 3   4 4   5 2   3 2   3 3   4 3   5 2   3 1   4 3   3 3  
NWNW3104416340340113205 4 4 2 2 2 5 5 5 5 5 4 5 4 4 3 3 3 5 5 2 5 4 4 5 4 4 2 3 3 5 4 4 5 3 1 
NWNW31060163413410    2 2   2 1   5 5   5 3   3 2   2 1   5 2   4 3   3 2   2 1   5 4   4 3   
NWNW31071163413400    4 3   2 1   5 5   5 3   4 4   2 2   4 3   5 4   5 4   2 2   5 5   5 3   
NWNW310871634134112341 4 4 4 1 1 1 4 5 4 4 5 5 5 4 4 1 1 2 5 4 4 4 4 4 5 3 4 4 1 1 5 5 4 5 4 4
NWNW3110616340340114304 1 3 2 2 1 5 4 4 5 4 3 4 3 4 2 3 2 5 5 3 5 4 4 4 1 4 2 2 1 5 4 4 5 5 4 
NWNW31119163413110     3 1   2 2   5 5   4 3   4 1   2 2   5 1   5 5   2 1   3 1   5 4   4 1  
NWNW31127163403410     4 3   1 3   4 4   5 2   3 3   5 3   4 1   4 4   5 4   3 1   5 5   3 3  
NWNW311431654034112330 3 2 4 3 3 1 4 4 5 4 3 5 4 3 5 2 2 1 1 1 5 4 4 5 4 3 5 3 3 1 4 4 5 3 3 5
NWNW3115516321340114304 3 3 2 3 1 5 4 4 5 4 4 5 3 3 1 1 1 5 4 3 5 4 4 5 3 4 1 1 1 5 4 5 4 3 4 
NWNW31164163413410     3 3   1 1   4 4   3 4   4 4   3 3   2 2   3 3   4 4   3 3   4 4   1 1  
NWNW31170163403400     3 2   1 3   4 3   4 2   3 3   1 2   3 2   4 3   4 2   2 3   4 3   3 2  
NWNW311921624034012340 4 2 4 1 1 1 4 4 5 5 3 5 3 3 5 4 3 5 3 3 5 4 4 5 4 3 5 1 1 1 4 4 5 1 1 1
NWNW312041634034012340 4 2 3 2 3 4 4 4 5 5 3 5 5 3 5 1 3 2 3 4 5 5 3 4 4 1 4 2 3 4 4 3 5 5 4 4
NWNW3121216341341113404 4 3 1 1 3 4 5 4 5 5 4 4 4 3 3 3 2 3 2 3 5 5 5 5 5 4 2 1 1 4 4 4 5 3 2 
NWNW31220163413400     4 3   2 2   5 4   5 4   5 5   1 2   5 4   4 4   4 4   2 2   5 4   4 4  
NWNW3123816341340113404 4 4 1 2 1 5 5 5 5 5 5 5 4 5 2 2 2 5 5 5 5 5 5 4 4 5 1 2 2 5 5 5 5 4 5 
NWNW31245163413110     4 3   2 1   4 4   3 3   4 4   1 1   2 2   4 4   4 2   1 1   5 4   3 3  
NWNW312531634134112221 4 3 4 1 2 2 4 4 4 4 4 5 4 3 3 4 5 2 3 3 4 4 4 4 3 3 3 5 4 4 3 3 4 4 4 5
NWNW31277163413110    2 2   1 1   5 4   3 1   2 1   1 1   2 1   4 4   1 1   1 1   4 4   2 1   
NWNW3129916341340113413 1 4 3 2 3 4 3 4 4 5 5 5 3 4 3 2 3 4 3 4 4 3 4 3 1 5 3 2 3 4 3 4 5 3 5 
NWNW31301163403400    4 2   2 1   4 4   5 3   5 3   2 1   5 2   4 3   5 3   2 1   5 3   4 1   
NWNW31322162403410     4 3   2 2   5 5   3 3   5 5   2 1   1 1   4 4   5 3   2 2   5 5   3 1  
NWNW3133616340240113204 3 4 3 2 3 4 4 4 4 5 5 3 4 3 4 3 3 4 3 5 5 5 4 3 2 4 3 2 3 4 4 5 5 4 3 
NWNW3135016341341113413 3 3 1 2 2 4 4 2 4 4 4 5 5 5 1 3 2 4 4 3 5 4 4 4 4 4 1 2 2 5 5 4 5 4 4 
NWNW3136916331341113313 3 4 1 1 1 5 5 5 4 5 5 4 4 5 1 1 1 3 3 5 5 5 5 2 3 4 1 1 1 5 5 5 3 2 5 
NWNW31375163403400     4 4   3 3   5 5   5 5   5 4   3 3   5 3   5 5   5 5   3 1   5 5   5 3  
NWNW31397163413410     2 3   2 1   4 4   3 4   3 3   1 1   2 3   4 4   1 3   1 1   4 4   2 3  
NWNW314031634132112341 5 1 3 1 1 1 5 4 4 5 5 5 5 4 3 3 1 1 4 4 5 4 4 4 5 1 3 4 1 1 3 3 3 3 3 4
NWNW3142416240340113304 3 4 3 2 3 5 4 5 5 3 5 5 3 4 2 3 2 5 3 4 5 2 4 4 3 4 3 2 3 5 3 4 5 2 4 
NWNW31439163413410     2 1   1 1   4 4   3 3   3 1   1 1   2 2   4 4   2 2   1 2   4 4   2 2  
NWNW31446162412310    2 1   2 1   3 1   4 1   3 1   3 5   4 1   3 1   2 1   2 1   4 1   3 1   
NWNW31467163413310     2 2   1 1   4 4   3 3   2 2   3 3   1 1   4 4   2 2   3 3   4 4   1 1  
NWNW314781634034112320 4 2 3 2 1 1 4 4 3 5 4 4 5 3 4 2 1 1 4 4 5 4 3 4 5 2 4 2 1 1 4 4 3 4 5 4
NWNW32058163413410    4 2   2 2   4 3   3 3   5 2   4 1   3 2   4 4   4 1   2 1   4 4   4 2   
NWNW32061163413410     3 3   2 2   3 3   2 4   1 2   1 1   1 2   3 4   4 3   1 2   3 4   1 4  
NWNW32072163413410     4 3   2 2   5 5   3 3   4 3   2 2   4 4   5 4   5 4   3 2   5 5   4 4  
NWNW320861634134012341 4 2 4 2 1 1 4 5 5 5 5 5 5 5 5 2 1 2 4 5 5 4 5 5 5 3 5 2 2 3 4 4 5 4 4 4
NWNW32094163402400    3 3   2 2   4 4   5 4   4 3   3 2   5 4   4 4   3 3   3 2   4 4   5 4   
NWNW32118163413410     4 3   2 2   5 4   5 4   5 5   3 3   4 3   5 5   5 4   2 2   5 4   5 3  
NWNW32144162413410    3 2   2 2   4 4   3 2   3 2   1 1   1 1   4 4   1 1   1 1   3 3   1 1   
NWNW32159163413410     3 3   1 1   4 4   3 2   4 4   1 2   2 2   4 4   4 3   1 2   4 4   2 2  
NWNW32160163403310    3 2   1 1   4 3   3 1   3 2   1 1   2 1   4 4   2 1   1 1   4 4   3 1   
NWNW32171163403400    4 2   1 3   5 4   5 5   4 3   3 3   5 5   5 3   3 3   2 4   5 5   5 5   
NWNW3219316540   114415   5 2   2 4   4 5   5 3   5 4   4 3   3 3   3 2   3 3   5 3   3 1   1 
NWNW32200163413110    4 4   3 1   4 4   5 3   3 3   3 1   5 3   4 4   3 3   3 1   4 4   5 3   
NWNW32213163412400     3 2   3 3   4 4   2 3   4 3   3 4   1 1   4 4   3 3   3 2   4 4   2 3  
NWNW32221163413410     4 2   2 1   3 3   4 2   2 2   1 1   2 2   3 3   3 2   1 1   4 4   4 4  
NWNW32249163413410     3 2   2 1   5 5   4 3   3 2   2 2   2 2   5 5   4 2   2 2   5 5   3 3  
NWNW32265164403410     4 2   2 2   5 3   5 3   4 2   1 2   5 2   5 3   3 2   1 2   4 3   4 1  
NWNW322761634134112220 4 3 3 2 2 1 5 4 5 5 4 5 5 4 4 2 2 1 5 4 5 5 4 5 5 4 3 1 2 1 5 4 5 5 4 5
NWNW32298163413410    3 2   1 1   5 5   4 3   4 3   2 1   4 3   5 5   4 3   1 1   5 5   4 3   
NWNW32302163403410     3 2   3 1   5 5   4 3   5 3   2 1   3 3   5 5   3 2   3 2   5 5   2 2  
NWNW32335163213210    4 3   1 1   5 4   4 2   5 4   1 1   4 2   5 4   4 2   2 2   4 4   4 3   
NWNW32347163413410     3 3   2 2   3 3   3 2   3 2   2 1   3 1   3 2   4 3   2 1   3 3   2 2  
NWNW32368163413410     4 4   2 2   5 5   5 4   5 5   1 2   4 4   4 4   5 5   2 2   4 4   3 3  
NWNW32384163413410    4 3   3 2   4 4   4 3   4 3   3 2   5 2   4 4   4 3   3 2   4 4   4 3   
NWNW32412163413410    4 5   2 2   5 5   4 5   4 5   3 3   4 5   4 4   4 5   2 2   4 5   4 5   
NWNW32420163413410     3 2   2 2   5 4   5 3   4 3   2 3   4 4   4 3   3 1   2 3   5 5   3 4  
NWNW32438163403410    4 3   3 3   5 4   5 4   5 4   2 2   5 3   5 3   5 4   2 2   5 4   5 3   
NWNW324451634133112321 3 3 2 2 1 2 4 4 4 1 1 1 4 4 3 3 3 2 1 1 1 4 4 4 3 2 4 2 2 3 4 4 4 3 3 2
NWNW324811634034012341 4 4 5 4 3 2 4 3 5 3 2 4 5 3 4 3 3 2 4 3 5 5 4 5 5 3 4 3 2 2 5 4 5 5 3 4
NWNW32507164403400     3 1   3 1   2 2   4 2   4 1   4 2   3 2   3 2   3 1   4 2   3 4   3 2  
NWNW3251516340321114404 4 2 3 1 3 4 4 4 5 4 5 5 4 5 4 4 4 5 3 4 4 4 4 5 3 4 3 3 3 4 3 4 5 4 4 
NWNW32530163413410    4 3   3 3   5 5   4 3   4 3   3 3   5 3   5 5   5 4   2 3   5 5   5 3   
NWNW3254216341441113415 4 3 1 1 2 5 5 5 5 3 3 5 2 5 2 2 2 5 4 4 5 5 5 4 4 4 5 4 4 5 5 5 5 4 4 
NWNW32556163413311134123324 22222 23324 34435 24424 32233 33335 33334 23325 22224 34434 24425 
NWNW325911634134112340 3 2 4 2 2 2 4 4 5 3 3 4 4 4 5 3 3 4 1 1 4 4 4 4 3 3 4 2 2 3 4 4 5 2 2 4
NWNW32608163413410    3 3   2 1   5 5   4 3   2 2   3 2   4 3   4 4   5 4   1 1   4 4   4 3   
NWNW32629163413410    4 2   1 1   5 5   5 3   5 4   2 2   4 4   5 4   5 3   1 1   5 4   5 4   
NWNW32634163313310     2 2   2 1   3 4   3 2   3 2   2 1   1 1   3 4   2 1   2 1   3 3   2 1  
NWNW3264116340341114313 2 4 4 2 2 4 4 5 4 4 5 2 2 4 4 2 2 3 3 4 4 3 5 2 2 4 4 2 2 3 3 4 4 4 5 
NWNW326621634034012341 3 4 1 1 1 3 5 5 4 3 4 4 3 3 5 1 1 3 1 2 3 5 5 5 2 3 3 1 1 3 4 4 5 1 2 2
NWNW326731634124012341 3 2 3 1 1 1 5 4 5 3 3 4 2 2 2 1 1 1 1 1 3 4 4 5 3 3 1 1 1 1 5 5 5 2 2 2
NWNW32685163413400    2 1   3 2   3 4   4 3   3 1   3 1   3 3   3 4   3 2   2 1   4 4   5 3   
NWNW3270116   3200       3     2     5     5     3     2     5     4     3     1     5     3  
NWNW32736163404400     3 2   1 1   3 3   5 4   4 2   5 2   2 2   3 3   3 2   4 2   4 3   3 3  
NWNW3275016240   0     4     1     5     3     5     3     1     5     5     3     5     3    
NWNW32769164403400    4 2   1 2   4 3   5 2   4 2   2 2   4 2   4 3   3 1   1 3   4 4   3 1   
NWNW32775163413400    5 4   3 3   5 5   5 4   5 5   1 2   5 3   5 3   5 3   1 3   5 3   5 3   
NWNW3278316240   0    4     3     5     5     3     3     5     4     5     2     5     5     
NWNW3279716340340114404 2 4 2 3 2 5 4 5 5 3 4 5 2 3 3 4 5 5 2 3 5 4 5 4 2 3 3 4 3 5 4 5 5 3 4 
NWNW3280316341341114404 2 4 2 2 2 5 5 5 5 3 4 5 4 4 2 2 2 5 2 4 5 5 5 5 4 5 2 2 2 5 4 5 5 4 5 
NWNW3282416240   0     4     3     4     3     3     3     2     4     3     4     4     1    
NWNW32846163414200    4 1   2 1   4 4   5 5   5 1   3 2   5 5   3 4   4 1   2 1   4 4   5 5   
NWNW32867163313400    4 3   3 3   5 4   5 3   5 4   3 3   4 2   5 4   4 2   3 2   5 4   5 1   
NWNW32878163413410     4 3   3 2   4 4   4 5   4 4   3 3   4 4   4 4   3 3   3 2   4 4   3 4  
NWNW32895163413410     4 2   2 2   4 4   4 4   4 3   3 3   2 2   5 4   5 3   2 1   4 3   5 3  
NWNW32906163412400     4 3   2 1   5 4   4 4   4 3   2 2   3 3   5 5   4 2   2 2   5 5   5 4  
NWNW32919163413410     4 3   2 2   4 5   4 3   4 4   2 2   3 4   4 4   4 3   2 2   4 4   4 4  
NWNW32943163413410    3 2   2 1   2 2   3 2   3 2   2 3   2 1   3 3   3 2   2 1   4 4   2 1   
NWNW3295516341   113305   5 1   1 5   5 5   5 5   5 3   3 5   5 5   5 4   4 1   1 5   5 3   3 
NWNW329641634134112341 4 2 4 1 1 1 5 4 5 5 5 5 4 4 4 2 2 1 5 4 5 5 4 5 3 1 2 1 1 1 5 5 5 4 2 5
NWNW33006164403400    4 2   4 1   2 2   3 4   3 4   5 2   3 4   3 4   4 3   3 3   2 2   1 1   
NWNW33019164414410     2 1   1 1   1 2   1 1   3 1   1 1   1 1   2 1   2 1   1 1   2 2   1 1  
NWNW33027163413410     4 3   2 2   5 5   4 3   5 4   3 3   5 4   5 5   5 4   3 3   5 4   3 3  
NWNW330311634134112341 4 3 4 2 1 1 5 5 5 5 2 5 5 2 5 2 2 1 4 4 5 5 5 5 5 2 5 2 1 1 4 4 5 2 2 2
NWNW330431634024112340 3 2 5 1 1 3 4 2 4 5 3 5 3 3 3 1 3 3 5 3 5 4 3 4 1 3 5 1 3 3 4 3 4 5 3 5
NWNW33055163413410    3 2   3 1   5 5   5 3   5 4   4 1   5 3   5 3   3 3   1 1   5 5   3 2   
NWNW33064163403210    3 3   2 1   4 3   5 4   5 3   2 1   5 3   5 5   4 2   2 1   5 5   5 3   
NWNW3307016340240113413 3 4 4 4 5 3 3 4 4 4 5 4 4 4 4 4 4 2 4 5 2 3 4 4 2 5 4 5 4 4 3 4 3 3 3 
NWNW3308816341311113214 3 4 1 3 1 4 2 4 5 3 5 5 4 5 1 3 1 4 1 5 4 4 5 3 2 4 1 1 1 4 3 5 4 1 4 
NWNW33107163413410    4 3   1 2   5 4   5 3   4 3   2 3   5 3   4 3   4 3   2 2   4 3   5 3   
NWNW33115163414410     4 3   1 1         1 1   5 3   1 1   1 1   2 2   5 3   1 1   5 5   1 1  
NWNW33128163403400     3 3   1 1   4 4   2 3   4 4   2 2   1 4   4 5   4 4   2 1   5 5   2 4  
NWNW33130163404400    4 4   2 1   5 5   4 5   3 4   2 2   5 5   5 5   4 4   2 2   5 5   5 5   
NWNW33451163413410     4 4   2 1   4 4   4 4   4 4   2 2   3 4   4 4   4 4   2 2   4 4   3 3  
NWNW33468163413410    4 3   2 1   5 4   5 5   5 4   3 3   5 5   5 5   5 3   2 2   5 4   5 5   
NWNW34489163404400    4 3   1 1   4 4   5 4   4 3   1 3   5 4   4 4   3 3   1 1   5 4   5 4   
NWNW34504161402400    4 4   2 3   5 4   5 3   5 3   3 3   4 3   5 4   4 3   2 2   5 4   5 3   
SOSO10034163414310    4 3   1 1   5 5   5 3   5 5   2 2   5 3   5 4   4 3   2 1   5 4   5 2   
SOSO10041163404400    4 3   3 2   4 4   4 3   3 2   3 2   3 2   4 3   4 3   2 2   4 4   4 3   
SOSO10186163404410    4 3   2 3   4 4   3 4   3 3   5 3   3 4   3 4   2 5   3 3   4 4   2 3   
SOSO102481634054012340 3 3 4 1 1 1 4 4 5 3 3 4 4 4 5 1 1 1 2 2 5 3 3 5 4 2 4 1 1 1 5 5 5 1 1 5
SOSO1030316440440114402 2 4 2 1 2 4 4 5 3 2 5 3 2 5 2 1 2 3 2 4 4 4 5 1 1 3 2 2 2 4 4 5 3 2 3 
SOSO10311163404410    3 3   1 1   3 3   5 5   4 4   3 3   3 2   3 3   3 3   1 1   4 4   4 2   
SOSO10346164304400    2 2   2 3   3 3   3 3   3 3   4 4   4 3   3 3   3 3   4 3   3 3   2 2   
SOSO10367163403410    2 2   3 3   3 3   3 1   3 3   3 4   3 1   3 3   3 1   1 1   4 4   3 1   
SOSO1037816  1  10       2     1   3 1   1 1     1         1 1   3     5     3     3 4   3 1  
SOSO10400163413310     2 1   2 1   3 2   3 1   2 1   2 2   3 1   3 2   2 1   2 1   3 2   2 1  
SOSO10413163413310    3 2   3 3   4 4   4 3   4 3   3 3   3 2   4 4   4 3   3 3   4 4   3 2   
SOSO10421163404400    4 3   3 2   3 3   3 3   5 4   4 3   3 2   4 3   4 3   1 2   3 2   4 5   
SOSO10437163213400    3 2   1 1   5 5   5 5   3 1   1 1   3 1   5 5   3 3   1 1   5 5   3 3   
SOSO1044916340340113404 4 4 2 3 3 5 5 4 5 4 4 5 4 5 2 2 2 5 4 4 5 5 4 4 4 5 5 4 4 5 5 5 5 4 3 
SOSO104651632053012330 2 2 4 2 3 2 4 3 4 3 2 3 3 2 2 2 2 2 2 3 4 3 2 3 2 2 2 2 2 3 4 3 4 3 2 3
SOSO10476165405400    1 1   1 1   2 2   5 2   5 5   3 3   5 4   4 3   5 5   2 2   2 3   5 4   
SOSO1049816341341113203 3 4 2 1 2 4 4 5 5 5 5 4 4 5 3 2 2 5 5 5 4 4 5 4 3 5 2 2 2 4 4 5 5 5 5 
SOSO1051916540341113404 3 5 1 3 3 5 2 5 5 1 5 4 3 5 3 3 3 4 2 5 5 2 5 4 3 5 2 3 2 5 2 5 5 2 5 
SOSO10527165  32012330 3 3 3 4 2 3 3 3 4 3 2 3 4 3 4 3 3 4 3 3 3 2 3 4 4 2 3 5 3 5 4 2 3 2 2 5
SOSO1053116341341113413 3 3 2 1 3 3 2 4 3 3 4 3 2 4 2 4 4 3 2 4 4 4 4 3 2 3 3 3 2 3 3 4 3 2 4 
SOSO1054316440440114403 2 3 2 2 3 2 2 4 4 4 3 2 2 4 3 3 4 5 5 1 3 2 3 4 3 4 3 3 3 3 3 3 3 3 1 
SOSO10570164415400     4 2   1 2   5 4   4 4   3 3   3 2   2 3   5 4   4 3   1 1   5 4   4 3  
SOSO10588163403400    2 1   2 2   3 2   1 1   1 1   2 1   2 1   2 2   1 1   1 1   3 2   2 2   
SOSO10628163413410     3 2   1 1   4 4   3 2   3 2   1 1   3 2   4 4   3 2   1 1   4 4   3 2  
SOSO10630163314400    2 4   3 3   3 4   3 3   3 4   2 3   3 2   3 4   2 2   3 3   4 4   3 2   
SOSO10642163413410     3 1   3 1   3 3   3 1   3 3   2 1   3 1   4 4   2 1   2 1   4 4   3 1  
SOSO10656163413410    4 2   2 2   4 4   3 2   3 2   2 2   3 1   4 4   4 1   2 2   4 4   3 1   
SOSO10674163413410    4 2   2 2   4 4   4 2   4 3   2 2   5 2   4 4   3 1   2 2   4 4   4 1   
SOSO10689165403310    4 2   2 2   5 4   5 3   5 3   2 2   5 2   5 4   5 1   2 2   5 4   3 1   
SOSO10735163413400     3 2   2 1   3 3   2 2   2 2   3 2   3 3   3 3   3 2   2 1   3 3   3 3  
SOSO107841634034012330 2 2 4 2 3 1 4 3 5 2 2 3 3 1 4 2 2 1 2 2 5 2 2 5 2 2 5 3 3 5 5 4 5 2 1 4
SOSO10796163313410     2 3   1 1   4 4   2 3   3 3   1 1   3 3   4 4   5 3   1 1   4 4   2 3  
SOSO10804163413410    3 3   1 3   5 5   5 4   5 5   3 3   3 2   5 5   4 3   2 3   5 5   3 3   
SOSO10838164404400    3 4   2 5   4 4   3 3   4 4   2 2   2 5   4 4   4 4   2 2   5 5   3 3   
SOSO10845163403410    4 4   2 3   5 5   4 4   4 3   3 3   4 3   5 4   4 3   2 3   4 4   3 2   
SOSO108531634034012340 3 3 3 3 2 2 4 4 5 4 4 5 5 2 5 1 2 4 4 1 5 4 3 5 4 3 5 2 2 3 4 4 5 4 4 5
SOSO1088116340440113314 3 3 1 1 2 5 5 5 5 5 4 5 4 5 1 1 2 5 4 4 5 4 5 4 4 4 1 1 1 5 5 5 5 4 4 
SOSO10899163413310     3 1   2 2   4 4   3 2   3 1   2 1   3 1   4 4   3 1   2 2   4 4   2 1  
SOSO109181634134112340 2 2 4 3 3 1 4 2 4 3 3 5 3 2 3 3 2 3 3 1 3 4 3 5 1 1 3 3 3 5 4 4 4 4 3 3
SOSO10959163413310     3 2   2 1   4 3   3 2   3 2   2 2   3 2   4 4   3 2   2 2   4 3   3 1  
SOSO10993163313210    2 2   2 2   4 4   3 1   3 1   2 1   4 2   4 4   3 1   2 1   4 3   3 1   
SOSO1105016340440113413 2 4 3 2 3 4 3 4 5 2 4 4 3 4 3 3 3 5 2 4 4 4 4 4 2 4 3 2 3 5 4 5 5 2 4 
SOSO1106916420440114403 3 3 2 1 3 3 2 3 1 1 1 1 3 3 2 2 2 4 1 3 3 3 3 3 3 4 1 1 3 4 4 3 1 1 1 
SOSO110751644134112430 4 3 2 3 3 3 2 3 2 3 1 2 3 1 1 3 3 3 1 1 1 2 1 2 3 1 1 1 1 1 1 2 1 3 3 1
SOSO111021634134012340 4 3 3 2 2 2 3 3 3 5 2 3 5 2 4 3 3 3 3 2 3 4 3 3 5 1 4 2 2 3 5 3 3 4 2 3
SOSO111471634134112320 3 3 4 2 1 2 4 4 4 3 5 5 3 4 5 2 1 2 1 3 5 3 4 4 3 3 3 1 1 3 3 4 4 1 4 5
SOSO1115116340440114403 3 4 1 3 4 5 4 3 5 4 3 4 3 5 2 3 4 5 4 4 5 4 2 2 2 5 1 3 3 5 4 4 5 4 4 
SOSO11208163413410    3 1   2 1   4 4   3 1   3 1   2 1   3 1   4 4   3 1   1 1   5 3   3 1   
SOSO11216163403410     4 2   2 2   5 5   5 2   5 2   2 3   5 1   5 5   5 2   2 2   5 5   5 1  
SOSO11234163403410     4 2   2 1   4 4   5 2   5 2   2 1   4 1   4 3   4 1   2 1   4 3   3 1  
SOSO11241163413410    3 4   1 1   4 5   4 5   4 5   2 2   2 4   4 5   1 1   1 1   5 5   3 5   
SOSO1125716331440113202 2 2 1 2 2 4 3 4 2 2 3 3 3 2 1 4 3 1 1 1 4 3 4 3 3 2 1 3 2 4 4 4 1 1 1 
SOSO11262163413410     3 3   2 2   5 5   4 4   5 4   3 3   3 3   5 5   3 3   2 2   5 5   2 3  
SOSO1127316340330113303 2 2 2 2 3 4 4 3 3 2 3 3 3 3 2 2 3 3 2 3 4 3 3 3 2 2 2 2 3 4 3 3 3 2 3 
SOSO1130516340440113401 2 4 2 4 3 5 3 5 5 3 4 5 4 5 2 4 4 5 2 4 5 3 5 3 2 5 1 4 4 5 3 5 5 2 4 
SOSO1132616110341124414 3  52 4  12 1  52 1  52 1  51 5  11 1  33 1  52 1  51 4  32 1  51 1  5
SOSO11344163313410     2 1   2 1   4 3   3 1   3 1   2 1   2 1   4 4   3 1   2 1   4 3   2 1  
SOSO11359163413410     4 3   2 3   3 2   4 2   4 3   2 2   4 2   4 3   4 2   3 2   4 3   3 1  
SOSO11387163403400    3 2   1 1   5 5   5 4   3 3   3 3   3 4   4 5   3 2   3 3   5 5   4 4   
SOSO11393163413410     3 3   3 3   2 3   2 3   2 3   2 3   2 3   2 3   2 3   2 3   2 4   2 4  
SOSO1140716331331114405 5 3 3 2 2 4 3 5 3 3 5 4 2 4 1 1 1 3 1 5 4 3 5 2 1 5 1 1 2 4 3 5 3 1 5 
SOSO1141516340340114404 3 4 2 2 2 4 4 5 3 3 4 3 3 5 3 3 3 4 2 5 5 4 5 5 3 3 3 2 2 4 2 5 3 2 4 
SOSO11474162403410    5 1   2 1   5 5   5 3   5 3   3 2   5 3   4 4   2 1   3 2   4 5   5 2   
SOSO11491164413410    4 3   2 3   4 4   2 2   3 3   2 3   3 2   4 4   4 2   3 2   4 4   3 3   
SOSO1150416340340114304 3 4 2 2 4 5 5 4 4 3 4 5 3 4 3 2 4 5 3 4 5 3 4                         
SOSO11520163413410    3 3   3 2   2 3   3 3   3 3   2 3   3 3   3 3   3 2   2 3   4 3   3 3   
SOSO11600164212310     1 1   1 1   1 1   1 1   1 1   1 1   1 1   1 1   1 1   1 1   1 1   1 1  
SOSO116131643034112241 4 4 4 1 3 1 2 4 4 4 5 5 4 4 5 4 1 1 2 3 5 3 3 5 3 3 4 1 1 1 4 4 5 2 3 5
SOSO1162116341341113214 4 3 2 1 2 5 5 4 5 4 2 5 4 4 2 2 2 4 2 2 4 4 4 4 2 2 2 2 2 4 4 4 4 2 2 
SOSO11637163414100    4 3   1 1   5 4   4 3   4 3   1 1   4 4   4 4   3 3   1 1   4 4   1 1   
SOSO116541644144012341 3 3 3 3 1 1 4 4 5 3 3 5 3 3 3 3 1 1 3 1 5 4 4 5 3 1 4 1 1 1 4 4 5 3 3 4
SOSO1166516340520115202 4 4 2 1 1 5 5 5 3 2 2 1 4 4 3 3 3 4 2 2 3 4 4 1 1 1 2 1 1 3 4 4 2 1 1 
SOSO11676163413410    3 4   2 2   3 2   3 4   2 4   3 2   2 2   4 3   3 3   2 3   2 3   2 3   
SOSO11682163403400     4 3   1 2   4 4   4 4   3 4   2 4   3 4   4 4   4 4   1 2   4 4   2 2  
SOSO117171634134112341 4 3 3 2 3 2 4 4 5 3 2 3 4 2 3 2 3 2                                    
SOSO1173316241440114405 3 4 2 2 3 5 4 5 5 2 3 5 2 4 3 3 3 3 1 2 5 4 5 5 4 5 3 2 3 5 5 5 5 2 3 
SOSO11758163414310    3 1   3 2   4 4   3 1   2 1   3 1   3 1   4 4   3 1   3 1   4 4   3 1   
SOSO11786163413410    4 3   3 3   5 4   5 4   5 5   3 3   5 3   4 3   5 3   3 3   4 4   5 3   
SOSO11794163403400     4 3   2 2   5 4   5 5   5 3   2 1   5 3   5 4   5 1   2 1   5 4   5 3  
SOSO1181916341340113312 1 3 1 1 2 5 3 5 5 1 5 4 1 5 2 4 2 3 1 5 5 3 5 2 1 4 1 1 2 4 3 5 2 1 3 
SOSO11870161303400    2 2   1 2   5 4   5 4   5 5   2 2   5 4   5 4   2 1   1 2   5 4   5 4   
SOSO11888163413410    4 2   2 1   5 5   5 3   4 3   1 1   5 3   5 5   4 1   1 1   5 5   5 3   
SOSO11903163403400    3 4   4 1   3 5   2 5   2 5   4 1   3 5   2 5   3 5   4 1   3 5   3 5   
SOSO1191116341341113404 4 4 3 5 5 5 4 5 5 2 5 5 4 5 1 1 1 5 1 5 5 3 5 5 3 5 3 3 5 5 3 5 5 3 5 
SOSO119241644134012341 2 2 4 2 2 4 3 3 4 3 3 3 2 2 4 2 2 4 2 2 4 3 3 4 2 2 4 2 2 4 4 3 3 2 2 4
SOSO119521634134112341 4 3 4 1 1 2 4 2 5 4 2 4 5 2 5 2 2 2 3 2 3 4 4 5 3 2 5 2 2 2 4 4 5 3 2 3
SOSO1197816341341113414 3 2 3 2 3 4 4 5 3 3 4 3 2 4 3 3 2 4 2 4 4 4 5 3 2 4 3 3 2 4 4 5 3 1 3 
SOSO1198016331331113303 3 4 1 3 5 4 4 3 4 3 5 4 5 5 1 2 4 5 4 4 4 3 3 4 3 5 1 2 4 5 4 2 5 4 4 
SOSO1201316341341113415 2 2 4 2 3 5 4 5 5 2 2 5 2 3 4 2 3 5 3 4 5 4 4 5 2 3 5 3 4 5 4 4 5 5 1 
SOSO12021163402400     4 4   2 3   5 5   3 4   5 5   2 4   5 4   5 5   5 3   3 4   5 5   3 4  
SOSO12037163413410    4 2   3 3   4 4   4 2   4 2   3 3   4 2   4 4   4 2   3 3   4 4   4 1   
SOSO12049164403310     3 3   3 2   3 2   4 3   3 2   4 3   3 4   3 2   1 1   3 3   3 2   1 2  
SOSO12076162403400     4 4   2 1   5 5   5 4   5 5   2 2   3 3   5 5   4 5   3 3   5 5   4 3  
SOSO12082163413410    4 4   1 2   5 5   3 3   4 3   3 3   2 2   5 5   3 2   3 3   5 5   3 3   
SOSO12098163402400     3 2   2 2   3 3   4 2   4 2   2 1   3 2   4 3   4 3   2 2   4 3   2 1  
SOSO12122163413210    3 2   3 3   4 3   5 3   4 5   3 3   5 3   5 4   3 2   3 3   5 4   5 2   
SOSO121501633144012221 3 2 3 2 1 1 2 4 4 3 3 3 3 2 3 2 1 1 1 3 1 3 4 4 3 1 2 3 1 1 3 4 4 1 3 1
SOSO1216916341340114304 4 4 2 2 3 4 4 5 4 5 4 5 5 5 2 2 2 5 5 5 4 4 5 1 1 2 2 1 3 5 5 5 5 4 5 
SOSO121751634133112321 3 4 4 1 4 1 5 5 5 4 4 4 3 4 4 3 3 4 1 1 3 4 4 4 3 1 3 1 1 3 4 4 4 1 1 4
SOSO12197163413310     4 2   1 2   4 3   3 1   3 2   1 2   2 1   4 3   4 2   1 2   4 3   3 2  
SOSO1226116320341113205 1 4 2 5 5 5 2 4 5 1 3 2 1 4 3 2 4 5 1 3 4 2 3 3 1 4 4 2 3 5 2 4 4 2 3 
SOSO1227216331321115304 3 4 3 3 3 5 5 5 5 3 4 4 4 4 3 3 3 5 3 4 5 4 5 5 3 4 3 3 3 5 4 5 5 4 5 
SOSO12306163403400    4 3   2 3   4 3   5 3   3 3   2 2   4 3   4 3   4 3   2 3   4 3   5 3   
SOSO12319163413410    3 2   2 1   4 4   4 3   3 2   3 1   4 3   4 4   3 2   2 2   4 3   2 1   
SOSO1234316341341113413 2 4 3 2 1 5 4 5 4 2 4 3 2 4 3 2 1 4 2 4 5 4 5 3 2 5 3 1 3 5 5 5 5 2 5 
SOSO1235516341420114204 3 4 2 2 1 4 4 5 4 2 3 4 3 5 2 2 2 4 2 3 4 4 5 4 3 5 1 1 2 4 4 5 3 1 3 
SOSO12364163413410    3 2   1 2   4 4   3 2   3 1   2 2   3 1   4 4   2 1   2 2   4 4   3 1   
SOSO12370163313310     2 2   1 1   4 4   2 4   3 3   1 3   1 2   3 4   2 2   1 2   3 4   4 4  
SOSO12392163413300    5 2   3 3   4 4   5 2   4 2   2 3   4 1   4 4   4 2   2 3   5 4   4 1   
SOSO12441163413410     3 3   2 2   5 5   4 4   3 3   3 2   3 3   4 4   3 3   2 2   5 5   4 4  
SOSO12462162403200    4 3   3 2   3 4   5 1   4 3   2 3   5 1   5 4   3 2   2 3   5 4   3 1   
SOSO12473164413310     4 2   3 3   5 3   5 2   5 4   3 4   3 1   5 2   5 1   3 3   5 3   3 1  
SOSO1249016321340113213 2 2 1 1 2 5 5 4 5 4 3 5 2 4 2 1 1 5 5 1 4 5 4 3 2 1 2 1 1 5 5 4 5 4 2 
SOSO12524165402410     3 2   2 2   5 2   3 2   4 2   1 2   1 1   4 2   4 1   1 1   5 2   1 1  
SOSO12552163413310    4 2   2 2   4 4   4 2   5 3   3 2   3 1   4 4   4 2   3 2   4 4   3 1   
SOSO12567163413410    4 2   1 1   5 4   3 1   4 4   1 3   3 1   5 2   3 1   1 1   5 5   3 1   
SOSO125951634134112310 1 1 3 1 1 1 4 4 5 2 3 3 5 4 3 1 1 3 1 3 3 3 5 5 1 1 2 2 1 1 3 4 5 1 2 2
SWSW20010163414100    4 2   3 1   4 4   5 3   5 3   3 2   5 2   4 4   3 3   2 1   4 4   3 1   
SWSW20096163414400    4 4   2 1   5 4   5 3   5 5   3 4   5 3   5 3   4 4   1 1   5 4   5 5   
SWSW20146163413410     3 3   1 1   4 4   3 3   3 3   2 2   2 2   4 4   4 3   2 2   4 4   2 2  
SWSW201671634134112341 2 2 2 1 1 2 5 5 4 5 5 3 5 5 5 1 1 2 2 2 5 5 5 5 2 2 2 1 1 2 5 5 5 2 2 4
SWSW20178163403400    2 4   1 1   4 4   2 2   3 3   2 1   5 1   4 4   3 5   3 1   5 4   4 1   
SWSW2019516341340114204 3 4 3 3 3 5 4 5 3 4 5 4 3 3 1 1 1 3 4 3 4 4 4 3 1 1 2 2 3 4 4 4 3 1 1 
SWSW2020716340440113202 3 1 3 1 3 4 3 4 5 3 5 5 5 5 2 3 3 3 3 4 3 3 3 1 1 1 1 3 3 4 3 4 3 2 4 
SWSW20228164403400    3 2   1 2   4 3   5 1   4 2   1 4   5 1   5 2   3 1   2 2   5 2   5 1   
SWSW202301634154012231 4 3 4 3 1 1 5 5 5 4 4 4 4 3 4 2 1 2 2 3 4 4 4 5 4 3 4 4 3 2 4 5 5 4 3 5
SWSW20263164403400    3 1   3 1   2 4   5 4   3 3   4 2   4 4   2 3   1 1   4 1   3 2   1 2   
SWSW2027416540341113402 4 2 2 2 5 5 5 2 5 4 4 3 3 2 2 2 4 5 3 5 3 4 4 3 2 2 2 3 4 5 5 4 5 3 5 
SWSW2039416341341123413333 43223 34444 55445 55445 53333 35335 53443 52222 31221 14444 54444 5
SWSW204271644032012440 3 2 3 2 3 3 4 3 4 4 2 5 4 2 3 2 3 3 3 2 3 2 2 3 3 2 3 2 3 3 4 3 3 2 2 3
SWSW204311634034112321 4 3 4 3 2 1 5 5 4 4 4 3 5 4 5 2 3 3 2 2 3 5 5 5 5 3 3 2 3 2 5 5 4 1 1 1
SWSW20455163313200     3 3   1 1   5 5   2 4   5 4   1 2   3 4   3 4   3 4   2 1   4 4   2 4  
SWSW20464163413410    4 3   2 1   5 5   5 4   5 5   4 2   5 5   5 5   5 4   4 2   5 5   5 5   
SWSW2050016110440113401 1 1 1 1 2 1 4 5 1 3 5 1 3 5 1 3 4 1 1 5 1 4 4 1 1 1 1 3 3 1 4 5 1 2 5 
SWSW2052116340440114404 3 3 1 2 1 5 5 4 5 5 5 5 5 4 1 2 2 5 5 4 5 5 4 5 4 4 1 2 2 5 5 4 5 5 4 
SWSW2054916340341114404 3 4 2 1 3 5 4 4 5 3 4 5 3 4 1 1 2 5 3 4 5 4 4 5 3 4 1 1 2 5 4 4 5 4 4 
SWSW2056516310  012320 2 5 3 3 2 1 4 5                                                        
SWSW20576163403410     4 2   2 1   5 4   5 3   5 5   5 2   5 2   5 4   3 3   4 3   5 4   5 1  
SWSW20598163403400    4 3   2 2   5 4   5 4   5 4   2 2   5 4   5 4   5 4   2 2   5 5   5 5   
SWSW20614163413410     3 3   2 2   4 4   3 3   5 5   2 2   3 3   4 4   3 3   2 2   4 4   2 2  
SWSW20622163403410     3 3   4 1   3 4   4 3   3 3   5 2   3 4   3 4   2 2   5 1   3 4   2 3  
SWSW2063616331   0    3     1     4     5     4     3     3     4     3     1     4     5     
SWSW206691634134112320 3 3 4 1 1 2 5 5 5 4 3 4 5 3 4 3 3 3 3 3 3 5 4 5 4 3 3 1 1 3 5 5 5 4 3 3
SWSW20729163403400    4 3   2 1   5 5   5 5   5 5   3 2   5 5   5 5   4 4   3 2   4 4   5 5   
SWSW20741163413400    5 2   1 3   5 5   4 3   4 3   3 3   4 3   4 4   3 1   2 2   5 5   3 3   
SWSW2075716341340114404 2 2 1 3 3 5 3 5 5 2 4 3 2 3 3 1 3 5 1 4 4 3 4 2 1 3 2 1 1 5 2 5 5 1 5 
SWSW2076216341441113413 3 4 2 2 3 5 5 5 4 4 5 4 3 5 2 2 4 4 3 5 4 4 3 3 2 5 2 1 4 5 4 4 2 2 5 
SWSW20773163413410     4 3   2 1   4 4   4 3   4 2   3 2   4 4   4 4   5 2   2 1   4 4   4 3  
SWSW20790163403310    4 4   1 1   4 4   5 5   5 5   2 2   5 4   5 5   5 4   1 1   5 5   5 4   
SWSW20805163413410     4 3   1 1   5 5   5 5   5 4   2 3   1 1   4 4   4 3   1 1   5 5   4 3  
SWSW208181634134112240 4 3 2 1 3 1 5 4 5 2 2 3 4 3 4 1 1 1 2 2 3 5 5 5 4 2 3 1 2 1 5 5 5 2 2 3
SWSW2082616340341114404 2 2 2 1 2 5 2 3 5 3 5 5 2 3 2 1 3 5 1 5 5 3 3 5 1 3 2 1 3 5 2 3 5 1 5 
SWSW20844163413310     2 2   1 2   3 4   2 3   2 4   2 3   1 3   2 4   2 3   2 3   2 3   2 3  
SWSW208591634133012340 3 3 3 2 2 3 4 4 4 4 3 5 4 4 3 1 3 3 1 1 3 4 4 5 3 3 4 2 2 3 5 5 5 1 1 1
SWSW2086016321   113403   3 1   1 4   4 4   5 4   4 1   1 4   4 4   4 2   3 1   1 4   4 5   5 
SWSW2087116   3210      3     2     4     5     4     3     3     4     1     1     4     5   
SWSW20893163413300    3 3   2 2   3 3   4 3   4 4   2 2   3 3   4 4   4 4   2 2   4 4   4 4   
SWSW2090416321520113215 2 2 3 3 1 2 2 2 5 4 3 5 3 3 1 1 1 5 5 3 2 2 5 5 1 3 3 1 1 2 2 5 1 1 1 
SWSW20920163403400     4 4   2 2   3 2   4 3   4 4   2 2   5 3   4 3   4 4   2 2   4 3   4 2  
SWSW20938163404400    4 3   1 2   4 3   3 2   4 3   1 2   3 3   4 3   4 3   1 3   4 4   4 3   
SWSW20945163414310     4 4   1 1   4 5   5 5   3 3   2 2   5 5   4 4   2 2   2 2   5 5   5 5  
SWSW20953163413410    4 3   3 3   5 4   5 4   5 5   3 3   5 4   4 4   3 3   3 3   4 4   4 3   
SWSW209661634033012330 4 1 5 2 1 2 5 5 5 5 5 5 5 1 5 1 1 1 5 5 5 5 5 5 4 1 5 2 2 3 5 5 5 5 5 5
SWSW209811623034012340 3 2 4 1 1 1 5 4 5 5 5 5 5 4 5 2 1 1 3 4 5 4 2 5 5 2 3 2 1 1 4 4 5 4 4 5
SWSW2102816320440114404 1 3 2 2 2 4 2 4 5 1 5 4 1 4 2 3 3 5 1 4 4 4 4 4 2 4 1 1 2 4 3 4 3 1 2 
SWSW210301634134112340 4 3 4 2 2 2 5 5 5 4 3 4 4 3 3 4 3 3 2 3 3 5 5 5 3 3 4 1 1 3 5 5 5 3 2 3
SWSW21089163403310    4 4   2 2   5 5   4 4   5 5   5 5   4 4   5 5   4 2   1 1   5 5   5 4   
SWSW2116216331321113312 2 4 1 1 2 4 5 5 4 1 5 3 3 4 1 1 2 4 1 5 5 5 5 1 2 4 1 1 2 5 5 5 3 1 5 
SWSW2118516340341113413 3 5 1 2 2 5 5 5 5 4 5 4 3 5 1 2 2 5 4 5 4 4 5 3 2 5 1 1 1 5 4 5 4 3 5 
SWSW212021634034012320 4 2 3 1 3 5 4 2 2 4 1 2 4 2 2 2 4 5 5 1 2 4 1 2 3 2 2 1 4 5 5 2 2 2 1 2
SWSW212101624134112441 4 4 4 2 1 1 5 5 5 5 5 5 5 4 4 1 2 1 5 5 5 5 5 5 4 4 5 2 2 1 5 5 5 5 5 5
SWSW21247163404400                                                                            
SWSW21251163413410    2 2   2 2   4 4   5 3   4 5   2 2   4 4   5 5   3 3   2 2   5 5   5 3   
SWSW2127916330340114402 2 4 3 2 2 5 4 5 4 5 5 5 5 5 3 2 2 5 3 3 5 5 5 2 2 5 3 2 2 5 5 5 5 5 3 
SWSW21296163312310    4 3   2 3   5 4   4 5   5 4   2 3   5 2   5 4   4 2   1 4   5 4   2 2   
SWSW2132016341440114402 4 4 2 2 4 4 4 4 5 5 4 3 4 4 1 3 3 5 5 4 4 4 4 3 4 4 1 1 3 4 4 3 5 3 5 
SWSW21345163203300     2 2   1 1   2 2   2 3   1 3   1 1   1 1   2 2   2 2   1 1   3 3   1 1  
SWSW213531634034012331 3 4 4 1 1 5 5 5 5 5 4 4 4 4 5 1 1 4 5 3 4 5 5 3 4 4 3 1 1 4 5 5 4 5 5 4
SWSW21366163413210    2 1   3 2   4 2   5 2   4 2   2 2   5 1   4 3   2 1   2 2   4 3   4 3   
SWSW213771632032012340 4 3 2 2 2 3 4 3 4 4 3 4 4 2 3 2 3 3 2 3 3 4 3 4 4 3 2 2 2 2 4 3 4 2 1 2
SWSW21381163413410     4 2   2 2   5 5   4 4   5 4   3 3   2 2   5 5   5 3   2 2   5 5   2 2  
SWSW21401163403410     4 4   1 1   4 4   4 4   5 4   2 1   3 4   4 4   5 4   3 3   4 4   3 4  
SWSW214141633054012340 4 3 2 1 2 1 4 5 3 5 5 5 4 4 4 4 3 3 5 4 4 5 5 5 4 4 2 2 1 4 5 5 2 5 5 2
SWSW214221644134112240 3 3 2 2 1 1 2 4 5 3 3 1 5 3 3 3 1 1 1 1 1 2 3 4 3 5 1 2 1 1 2 3 4 1 1 5
SWSW2143616330321113303 3 4 2 2 4 5 5 4 3 4 4 4 4 5 1 3 3 1 3 3 4 4 3 2 4 5 1 1 5 5 5 4 4 1 3 
SWSW21450163303400     1 2   3 3   4 4   3 3   4 4   3 4   4 4   4 4   3 3   2 2   4 4   1 1  
SWSW21469163412310     3 3   2 2   3 3   4 3   4 3   3 3   3 2   3 4   2 2   2 1   4 4   3 3  
SWSW21483163403410    4 3   1 2   5 4   5 3   5 4   2 2   5 2   5 4   4 3   1 1   5 5   5 4   
SWSW21526163403410    5 3   1 2   5 3   5 4   4 3   1 3   4 3   5 3   5 3   1 3   4 3   5 3   
SWSW21532163413410    4 2   1 1   5 5   5 4   5 4   1 1   2 2   5 5   5 3   1 1   5 5   2 2   
SWSW21544162413410    4 4   2 3   4 4   5 5   5 4   3 3   5 5   4 4   3 3   2 3   4 4   5 4   
SWSW21587163313400    3 3   1 1   4 4   4 3   3 3   2 2   4 3   5 4   4 3   1 1   4 4   4 3   
SWSW21606163203400     4 4   2 2   5 4   4 5   4 4   2 2   3 4   4 4   3 4   1 2   5 4   4 4  
SWSW21619163413410     3 3   2 2         3 4   4 4   3 2   1 2         2 2   2 2         1 2  
SWSW21643163413410    4 2   3 3   5 5   4 2   5 2   3 4   5 3   5 4   5 3   3 1   5 2   5 3   
SWSW2165516340430113212 3 4 1 1 1 4 3 4 4 3 5 3 3 4 2 3 2 4 3 4 4 4 5 3 3 4 1 2 1 4 3 4 4 3 4 
SWSW216641634134112341 4 3 4 1 1 1 3 3 4 5 5 5 4 5 5 1 1 2 5 5 5 5 5 5 3 4 4 1 1 1 4 4 4 3 4 4
SWSW216701634133012340 4 3 4 2 2 2 4 4 4 2 2 4 5 4 5 2 2 2 1 2 2 4 4 4 4 3 5 1 1 1 4 4 5 3 3 5
SWSW21724163413410    3 2   2 1   3 2   3 4   4 3   3 3   2 2   4 4   4 4   3 1   4 4   2 3   
SWSW2173916341241113203 2 1 3 1 2 5 5 5 5 5 5 4 1 1 3 3 3 5 4 3 5 5 5 5 2 2 2 2 2 5 5 5 3 2 1 
SWSW21752163413410     4 4   2 1   4 4   5 5   5 5   3 2   4 5   5 5   3 4   2 1   4 4   5 5  
SWSW21778163414400    4 3   2 1   4 4   5 4   4 5   3 3   5 4   4 4   3 2   1 1   4 4   4 3   
SWSW2178016341340113414 3 4 2 1 3 5 4 3 5 3 4 4 2 4 1 2 1 4 2 3 5 3 4 4 2 4 1 2 1 4 3 4 4 2 4 
SWSW21795163403400    3 4   2 1   4 3   3 5   2 5   3 4   4 4   4 4   2 3   2 2   4 5   3 5   
SWSW21800163414400    4 3   1 1   5 5   5 5   5 3   1 1   5 5   5 5   5 4   1 1   5 5   5 5   
SWSW21898163413310     4 3   1 2   5 5   2 2   5 4   2 3   2 2   5 5   3 3   1 2   5 4   3 4  
SWSW21909165403410     4 3   2 1   3 4   2 4   4 3   4 1   3 4   3 4   3 2   4 1   2 4   2 5  
SWSW2191716341240113203 2 5 3 3 2 4 4 5 2 2 5 2 2 2 2 3 2 1 2 5 5 4 5 2 2 2 1 2 1 4 4 5 4 1 5 
SWSW219251634034112331 4 3 4 1 1 1 5 3 5 5 2 5 5 3 5 5 3 5 5 1 1 5 4 5 5 1 5 1 3 1 5 4 5 5 3 3
SWSW2198616341341113414 3 2 1 1 1 4 4 4 4 2 4 4 4 4 1 2 1 4 2 4 4 4 4 4 4 2 1 2 1 4 4 4 2 1 2 
SWSW2201916341341113104 3 4 2 3 1 5 4 5 5 4 4 5 4 4 4 5 2 3 2 2 5 5 5 5 4 4 3 4 2 5 5 5 5 2 2 
SWSW22031163413410    3 4   1 4   5 3   5 2   5 4   1 4   5 2   5 4   3 4   1 3   5 3   4 2   
SWSW22043163404400    4 4   2 1   4 4   4 4   4 4   3 1   4 3   4 4   5 4   3 1   4 4   4 4   
SWSW22128163403400     4 4   1 1   5 5   5 5   3 3   2 5   4 5   5 5   5 5   2 3   5 3   5 5  
SWSW22142163403400    4 2   2 1   4 4   5 3   4 5   2 1   5 3   4 3   5 3   5 1   4 3   5 3   
SWSW22189163403410    4 4   2 4   5 4   5 5   5 4   2 4   5 4   5 4   5 3   2 4   5 4   5 4   
SWSW221911634124112320 3 3 4 4 4 4 3 4 4 4 4 2 5 5 5 4 5 3 5 5 2 4 4 4 3 3 5 4 3 3 4 4 4 4 5 4
SWSW22203163313310     2 1   3 3   2 1   2 1   3 3   1 3   5 5   5 1   3 1   1 1   1 5   3 1  
SWSW22224163403400    4 4   1 1   5 5   5 4   5 5   2 1   5 5   5 5   5 5   1 1   5 5   5 5   
SWSW2224616340341113414 3 4 1 3 3 5 4 5 5 5 5 5 4 4 3 1 4 5 4 5 5 5 5 5 4 4 2 2 3 5 5 5 4 4 5 
SWSW222521644033112331 2 3 4 2 1 3 3 4 4 3 4 2 4 4 3 2 1 3 1 2 4 3 4 4 2 3 4 2 1 3 3 3 3 3 3 3
SWSW22267163403400     4 3   3 1   4 4   2 2   5 3   3 2   1 2   4 4   4 2   3 1   4 4   1 2  
SWSW222801634034012340 3 3 4 2 2 4 3 3 4 3 3 4 4 3 4 2 2 4 2 2 3 4 4 4 3 3 4 2 2 3 4 4 4 3 3 3
SWSW22295163413410     4 3   2 2   4 4   3 2   4 2   2 3   5 2   5 4   3 1   2 2   5 4   5 4  
SWSW22313163413410    4 3   2 2   5 5   5 4   5 4   2 3   5 4   5 5   5 3   2 1   5 5   5 4   
SWSW223491633133112310 3 4 2 1 2 3 3 4 4 3 5 4 4 4 3 1 3 3 1 4 5 3 4 4 3 4 3 1 3 4 3 4 3 1 4 3
SWSW2237616341441113404 3 4 1 2 1 5 4 4 5 1 4 4 2 3 1 2 1 5 1 2 5 4 5 5 1 4 1 2 1 5 3 5 5 2 1 
SWSW2238216340340113411 2 4 3 2 3 4 3 5 5 3 5 2 2 5 3 1 2 4 1 5 2 2 4 1 1 5 3 1 3 4 2 5 4 1 5 
SWSW22398163403410     4 4   1 1   5 5   5 5   5 5   2 2   5 5   5 5   5 5   1 1   5 5   4 4  
SWSW22402163413400    4 2   1 3   5 5   5 3   5 5   3 5   5 3   5 5   5 3   1 3   5 5   3 2   
SWSW22410163413400    4 3   1 1   4 5   5 4   5 4   1 1   5 3   4 4   5 4   1 1   5 5   3 1   
SWSW2244716341430115403 2 3 2 2 2 4 4 4 5 2 5 5 4 5 4 4 4 4 2 4 5 4 4 2 2 4 3 3 3 4 4 4 4 2 4 
SWSW2245116341330113303 2 4 3 3 2 4 4 5 4 3 4 3 3 5 2 2 2 3 1 4 4 4 5 2 2 5 2 3 2 5 4 5 3 3 4 
SWSW22468163403400     4 3   2 1   4 4   4 5   4 3   3 1   3 3   4 4   4 3   3 1   4 4   2 4  
SWSW225091634034012320 3 3 3 2 2 3 4 5 5 2 4 5 2 2 4 3 3 3 2 4 4 4 4 5 2 2 3 2 3 4 5 5 5 2 4 4
SWSW22517162403410     3 4   2 2   4 4   2 2   3 3   4 3   4 4   5 5   2 2   2 2   4 4   2 2  
SWSW22533163414400     3 2   2 1   5 5   5 4   5 3   3 2   2 4   5 4   4 3   2 1   4 4   2 4  
SWSW22558163412400     5 4   1 3   4 4   3 2   5 4   1 4   3 3   5 5   3 1   3 4   5 4   3 2  
SWSW225611632134012340 3 3 4 2 2 2 4 5 5 5 3 5 4 4 5 3 2 3 2 3 5 4 5 5 3 4 5 2 2 2 5 5 5 2 4 5
SWSW225861634034012341 3 3 4 3 1 5 4 5 5 5 3 3 4 4 5 3 3 3 1 1 5 5 5 5 4 4 4 2 2 3 4 4 5 3 3 4
SWSW22594163313410     3 2   1 1   4 4   4 3   4 3   2 2   3 1   4 4   2 1   1 1   5 3   2 2  
SWSW2260516341340113405 4 4 1 2 1 5 5 5 5 4 4 5 4 5 3 3 3 5 3 4 5 5 5 5 3 4 2 3 3 5 4 5 5 4 5 
SWSW2262616340330113403 2 5 2 1 3 5 4 5 5 4 5 4 2 5 1 1 3 5 2 5 5 3 4 4 2 5 2 1 3 5 3 4 5 2 5 
SWSW22644163203210    4 4   1 2   5 5   5 5   4 4   2 2   5 4   5 5   4 4   2 1   5 5   4 3   
SWSW2267116321320113205 3 3 2 4 4 4 4 4 5 3 1 5 5 5 2 2 2 5 2 1 3 3 3 3 2 2 3 3 3 5 3 3 2 1 1 
SWSW22720163413410    4 3   1 1   5 5   5 3   5 4   2 1   4 2   5 5   5 2   1 1   5 5   4 3   
SWSW2274516340320113403 3 3 1 2 3 4 4 5 5 4 5 2 4 5 1 4 3 5 3 5 5 5 5 5 4 5 1 3 1 5 5 5 5 4 5 
SWSW227531644034012440 3 3 5 1 1 2 5 5 5 5 5 2 5 5 5 1 1 3 5 5 4 5 3 4 5 4 5 1 3 2 5 5 5 5 4 5
SWSW2276616340440113313 2 3 3 1 5 4 4 3 5 2 2 3 2 4 2 1 4 3 1 1 4 4 3 2 1 1 2 1 4 5 4 4 2 1 1 
SWSW22781163403400    3 2   1 1   3 3   2 2   4 2   3 1   4 1   4 1   5 2   2 2   4 2   4 1   
SWSW2279916341340114403 4 5 1 1 3 5 5 4 5 5 5 5 5 5 2 3 3 5 5 4 5 5 4 3 4 5 1 2 4 5 5 4 5 5 5 
SWSW22850162314310     4 4   3 1   3 5   2 5   3 3   3 3   1 4   2 4   2 2   2 1   2 4   2 3  
SWSW2286916331440113314 4 2 4 5 2 4 5 4 4 5 5 2 4 3 5 5 4 5 5 2 4 5 5 3 5 5 4 5 4 4 4 4 4 5 4 
SWSW2287516341341113214 2 3 3 2 2 4 4 4 5 3 4 4 3 4 2 3 1 5 4 5 4 3 4 3 2 1 3 3 2 4 3 5 2 3 3 
SWSW22883163404400     3 4   4 1   4 5   3 5   3 3   4 1   3 3   3 4   3 4   4 1   5 5   5 4  
SWSW22897163413310     2 1   1 1   4 5   4 4   5 4   2 1   3 2   4 4   3 2   1 2   4 4   3 3  
SWSW22962163402410    3 4   3 3   5 3   4 3   4 3   3 4   3 3   4 4   2 3   2 4   5 3   4 3   
SWSW22973163413400     3 3   1 1   4 5   3 4   4 5   4 1   1 4   3 4   3 4   1 1   4 5   1 5  
SWSW22985162403410    3 2   2 2   5 4   2 1   4 2   2 2   2 1   5 5   3 1   2 2   5 4   2 1   
SWSW2299016341341113304 3 4 3 2 3 4 4 5 4 3 5 3 3 5 2 2 4 4 3 5 4 4 5 3 3 4 1 1 4 4 4 5 4 3 5 
SWSW23008163403300     1 2   3 2   1 4   3 4   2 3   5 2   2 3   2 3   2 3   4 2   2 4   3 4  
SWSW23029163403410    2 4   2 2   5 4   5 3   3 3   4 5   3 1   5 5   3 2   2 3   5 4   5 3   
SWSW23057163403400     4 2   1 2   5 3   5 2   5 3   3 1   5 3   5 4   4 3   1 1   5 4   3 3  
SWSW23062163413310     3 2   2 3   4 3   5 3   5 2   2 2   5 3   4 3   5 3   3 3   5 3   4 2  
SWSW2307316      11340    4     5     5     3     3     4     3     4     2     4     4     4 
SWSW23085163413410    3 2   1 2   5 4   5 3   4 3   2 2   5 3   5 3   4 3   1 2   5 4   2 2   
SWSW23090163413410    3 2   2 2   5 4   5 2   5 2   2 3   4 2   5 3   3 2   1 2   5 3   4 3   
SWSW2310916331321113214 1 2 3 2 4 3 3 5 4 2 5 4 2 2 3 2 3 2 1 4 4 3 4 3 2 1 3 4 3 3 3 4 2 1 2 
SWSW231251634134112340 3 3 4 5 4 4 5 5 5 5 3 5 5 4 3 4 2 5 2 2 5 4 4 4 2 2 3 4 2 3 5 4 5 2 2 4
SWSW2313316340340113214 3 4 2 2 2 5 4 4 5 3 3 5 4 4 2 3 2 4 3 3 4 4 4 4 2 3 2 2 2 5 4 3 4 2 1 
SWSW2314016441341113413 3 2 1 1 1 5 3 3 3 2 2 3 1 2 1 1 1 1 1 1 5 5 5 1 1 1 1 2 3 4 4 4 1 1 1 
SWSW23158164404400    3 2   1 1   4 4   4 3   2 3   2 2   1 2   3 3   1 1   1 1   4 4   3 3   
SWSW231941634134112341 4 3 4 3 3 1 4 3 5 5 4 3 4 4 4 3 4 2 3 3 3 4 4 5 3 3 3 2 2 2 4 4 5 5 3 1
SWSW232221634034012331 3 3 4 2 1 1 4 4 5 4 4 4 4 4 5 2 2 2 3 3 3 4 4 4 3 3 4 2 1 1 5 5 5 3 3 4
SWSW23250163403400    2 2   1 1   4 4   3 3   4 4   5 2   3 3   4 4   2 2   3 3   4 4   2 2   
SWSW2330316341340113402 1 4 1 1 2 5 5 5 4 4 5 2 2 5 1 1 2 3 3 5 5 4 5 2 2 5 1 1 1 4 4 5 3 4 5 
SWSW2333916330520113202 4 4 3 2 2 4 4 4 4 5 5 1 1 2 4 4 4 4 3 5 4 4 5 2 2 5 2 2 2 4 4 4 4 4 4 
SWSW23346163403400     4 3   2 3   4 4   2 4   2 2   3 4   2 4   4 4   5 3   3 4   4 3   3 4  
SWSW233521634034012340 4 3 4 3 1 3 4 4 4 4 4 4 5 3 3 3 2 2 3 3 3 4 4 4 5 4 5 4 2 2 4 4 4 2 2 2
SWSW2336716441440113404 4 4 3 3 3 4 4 4 4 5 4 4 5 5 2 2 2 4 5 4 4 4 4 4 5 4 2 2 2 4 4 4 4 5 4 
SWSW23380163403400     4 2   1 1   5 5   3 5   3 4   1 1   3 4   5 5   4 3   1 1   5 5   2 3  
SWSW23395164404400     3 5   1 1   4 4   4 5   5 2   1 1   3 4   4 4   5 5   1 1   4 5   2 4  
SWSW23400163413410    4 3   2 1   4 3   5 5   4 4   3 5   5 4   4 4   3 4   2 1   4 5   5 5   
SWSW23437163413210     4 3   1 1   5 5   5 3   5 4   2 1   4 4   5 5   5 4   1 1   5 5   4 4  
SWSW2344916340440114402 1 4 1 3 4 4 3 4 5 4 5 2 2 5 1 1 3 5 4 5 4 3 5 3 2 4 1 4 3 4 3 3 5 2 5 
SWSW23454163413410    4 2   4 3   4 4   2 2   4 3   3 2   2 1   4 4   5 1   3 1   4 4   3 1   
SWSW2347616340341113402 4 2 2 1 4 4 4 3 4 2 5 3 4 2 4 2 4 3 2 5 4 4 3 2 3 2 3 2 5 4 4 3 2 3 4 
SWSW23482162403400     4 2   3 2   4 3   2 2   3 1   2 3   1 2   3 2   4 2   3 1   4 2   1 1  
SWSW23519163413410     3 3   3 2   4 4   3 3   4 4   3 2   3 3   4 4   3 3   3 2   3 3   2 2  
SWSW23527163314400     3 4   4 1   2 4   2 4   1 5   5 4   2 4   2 4   3 4   4 2   1 4   1 4  
SWSW235311634134112320 2 3 4 2 2 3 3 5 5 3 3 5 2 2 4 2 2 3 1 1 3 2 4 5 1 2 4 1 2 2 2 4 4 1 3 4
SWSW23543164403410     3 3   3 1   4 4   3 3   3 4   3 2   2 3   4 4   4 3   3 2   4 4   2 2  
SWSW235551632134012340 2 4 3 3 2 2 3 5 5 2 5 4 4 5 3 5 5 5 3 5 2 4 5 3 4 5 4 5 2 2 4 5 3 3 5 3
SWSW23564163413410     3 2   1 2   3 3   3 4   3 4   1 1   1 4   3 4   2 4   1 1   4 5   1 4  
SWSW235701631131112440 3 3 4 1 1 1 3 3 4 5 3 5 4 4 5 3 1 2 1 3 4 3 3 4 4 4 5 1 1 2 3 3 5 1 1 3
SWSW2358816540   114404   4 5   4 3   4 5   5 4   5 5   1 5   5 3   5 4   5 5   4 4   5 5   5 
SWSW23592162403400    5 2   3 3   5 5   5 5   5 5   4 4   5 5   4 4   3 4   4 4   4 4   4 4   
SWSW23607163413410    4 3   2 2   4 3   5 5   5 4   2 2   5 5   5 3   1 1   1 3   5 3   5 5   
SWSW23630163413410     3 4   1 2   4 3   4 5   4 4   3 4   3 4   3 3   4 4   3 4   3 4   3 5  
SWSW2364216340340113203 4 3 2 3 2 4 5 4 5 5 5 4 5 4 1 3 2 4 5 2 4 5 5 4 4 4 1 3 1 4 5 5 5 5 3 
SWSW2366316340340113403 3 3 1 1 2 5 4 5 5 3 5 5 5 5 2 2 3 5 4 5 5 4 5 3 3 3 1 1 3 5 4 5 5 4 5 
SWSW23689163413400    2 1   1 1   5 5   5 1   4 1   1 1   4 1   5 5   3 1   1 1   5 4   5 1   
SWSW23691163403400    3 2   1 2   5 5   5 5   5 4   3 3   5 3   5 4   4 3   1 3   5 5   5 4   
SWSW23702163413410     4 3   2 1   4 4   3 4   3 3   2 3   2 1   4 4   2 3   1 1   4 4   2 2  
SWSW23710163313410    3 1   2 4   5 1   5 1   4 1   2 1   5 1   4 2   2 2   1 2   4 1   5 1   
SWSW2373516540440114404 2 3 3 1 4 5 4 3 5 3 5 4 2 4 5 3 5 5 3 5 4 4 3 3 2 2 4 2 5 5 3 5 5 3 5 
SWSW237471644034012340 3 3 4 3 3 3 4 4 5 4 3 4 5 5 5 3 3 3 2 1 3 4 4 5 4 4 4 2 3 2 4 4 4 2 1 3
SWSW23751163413410    4 3   2 2   5 5   5 3   4 4   3 3   5 3   5 5   4 3   2 2   5 4   5 3   
SWSW2376816340440113403 4 4 2 1 5 5 5 5 5 2 3 4 4 4 3 3 3 5 2 5 5 4 5 4 2 3 5 2 5 5 5 5 5 2 5 
SWSW23796163403400     2 2   3 2   5 5   5 3   5 5   3 3   5 3   5 5   1 1   3 3   5 5   5 2  
SWSW238041634034011340 3 44  2 33  5 55  4 55  5 55  3 13  3 53  5 55  3 55  3 53  4 55  2 54 
SWSW23812163413410     3 4   1 2   4 4   4 4   4 4   2 3   3 4   4 4   4 4   1 2   4 4   3 4  
SWSW23820163404200     4 3   2 1   5 5   3 3   5 2   3 2   3 3   4 4   4 2   3 1   5 5   3 3  
SWSW2383816341321114405 2 5 3 1 3 5 5 5 5 3 5 5 3 5 3 1 3 5 3 5 5 5 5 5 1 5 3 1 3 5 5 5 5 2 5 
SWSW23845163403400     4 4   2 2   4 5   4 5   4 3   2 3   4 4   4 4   3 3   2 3   4 4   4 4  
