EAEA400151813 1 4 5 3 5 3 4 5 3 4 5 4 4 3 5 1 3 44044014402 2 4 3 4 3 3 3 2 3 4 5 3 1 3 3 1 4 
EAEA40056181 3 3 3 3 3 3 2 1 3 3 3 3 3 3 3 3 3 35404302430 4 4 5 3 3 3 3 3 3 3 3 1 3 3 3 3 3 3
EAEA40108181 3   3 2   4 5   3 5   3 3   3 5   1440   2341 3   5 3   3 5   2 3   3 5   3 3   5
EAEA40129181 1 1 1 2 2 2 2 4 1 5 1 5 4 4 4 1 1 13403402320 3 3 3 1 1 1 2 2 2 1 1 1 4 4 1 4 4 3
EAEA401411814 3 3 4 3 5 3 3 5 3 4 3 4 3 5 4 3 3 54043015404 4 5 3 4 3 4 3 5 5 4 3 4 3 5 3 4 3 
EAEA401571815 5 2 5 5 3 5 4 2 3 3 1 5 5 3 5 5 2 34044114104 3 2 2 2 1 5 5 2 5 5 1 5 5 4 4 5 3 
EAEA40185181 1 1 3 3 3 3 3 3 4 1 3 5 4 4 5 3 3 34413402331 3 4 4 3 3 3 3 3 3 3 3 4 5 3 3 2 3 3
EAEA402351815 1 3 5 1 3 3 1 3 1 4 5 5 1 4 5 1 1 44142015304 1 4 1 3 4 4 1 4 5 1 4 4 1 5 1 5 5 
EAEA402471812 2 5 3 3 3 2 2 4 2 2 4 4 4 5 2 2 4 44144014402 2 4 2 5 3 3 3 3 2 2 5 2 5 5 2 2 2 
EAEA402511815 5 3 5 5 5 3 3 5 3 3 5 5 5 5 3 3 3 34144114403 3 4 2 2 3 5 5 5 3 3 2 3 3 5 5 1 3 
EAEA403041803 3   5 5   4 4   1 1   5 5   4 3   341341    3 3   1 1   5 5   3 5   3 3   1 1   
EAEA40312180 3 1   3 2   3 1   1 4   4 3   3 1  440440     2 3   1 3   4 2   5 5   3 3   1 4  
EAEA40353180 3 3   4 4   3 3   3 4   5 5   4 4  440540     4 4   3 3   4 4   4 4   4 4   3 3  
EAEA40399180 5 4   4 3   5 3   1 1   5 5   3 4  440541     5 3   1 1   5 4   5 5   5 3   1 2  
EAEA40414181 1 1 1 4 4 4 4 3 5 1 1 2 4 4 4 4 5 55404402540 4 2 4 1 4 1 4 4 3 5 5 5 3 4 5 3 1 3
EAEA40422180 1 1   5 5   3 3   3 3   5 5   1 1  540540     3 3   3 3   5 5   2 2   3 3   3 3  
EAEA40436181 1 1 5 4 4 4 3 1 5 1 1 5 4 4 5 1 1 54404402440 4 3 5 3 4 5 2 2 5 1 1 5 5 3 5 1 1 1
EAEA404501815 3 5 5 2 5 4 2 5 2 3 2 5 3 5 4 3 5 44044115404 3 5 3 2 3 5 3 5 4 4 5 4 3 5 2 2 2 
EAEA40475181 2 4 4 4 4 4 3 3 3 2 1 4 4 4 3 4 4 34404402540 4 3 3 2 2 4 5 4 4 5 4 5 5 4 4 2 2 4
EAEA404971811 1 1 5 4 4 3 3 4 3 1 3 4 3 4 4 1 4 44121014413 3 4 3 3 5 4 3 3 3 3 4 3 3 4 1 1 1 
EAEA405051813 4 4 3 4 5 4 4 5 3 3 2 4 4 4 3 4 4 44154015403 4 4 5 5 3 5 5 4 5 5 3 4 4 5 3 3 3 
EAEA405181815 4 4 4 3 4 4 2 4 1 2 3 4 3 4 4 3 3 54054015404 2 4 2 1 2 4 3 4 5 4 4 4 2 4 3 2 3 
EAEA40526180 1 2   4 4   3 2   1 1   4 4   1 2  540540     2 2   1 1   4 3   2 1   3 3   1 1  
EAEA40560181 2 3 4 3 3 5 3 3 3 2 2 3 2 3 4 2 3 23403402340 3 4 3 2 3 4 3 3 4 4 3 3 3 4 4 3 2 3
EAEA406191803 5   4 4   5 2   1 1   5 5   3 3   341341    3 3   3 2   5 5   3 3   5 5   3 3   
EAEA4063118                                     440                                           
EAEA40643181 3 3 3 4 3 5 4 3 5 3 3 3 4 4 4 3 3 34405402540 4 3 5 3 3 3 5 5 5 4 4 5 4 3 5 3 3 3
EAEA40655181 4 3 4 2 4 5 4 3 4 2 1 3 5 4 4 5 4 45404212511 3 4 4 4 3 2 1 3 4 5 4 3 4 4 5 3 3 2
EAEA406641803 4   4 4   5 2   1 1   4 5   5 4   421340    5 2   2 1   4 5   4 4   5 2   3 2   
EAEA40692181 3 2 4 4 3 4 5 2 4 2 1 3 5 4 4 2 1 14414402541 4 3 4 3 2 3 5 4 4 4 3 3 5 2 4 2 1 3
EAEA40724181 3 3 4 4 4 4 5 5 5 2 3 4 4 4 4 4 3 44404402330 4 4 5 2 2 3 4 4 5 5 5 5 4 4 5 3 3 4
EAEA40739181 1 3 5 4 4 4 4 4 3 3 1 5 4 3 4 1 4 44314402430 3 4 3 5 3 1 3 2 4 3 3 5 2 3 3 1 1 1
EAEA40746180 4 4   4 4   3 4   1 1   4 4   1 1  331441     3 3   1 1   4 4   3 3   3 3   1 1  
EAEA40752180 5 3   5 3   5 3   2 3   5 3   5 1  440440     4 3   3 3   5 4   5 3   5 4   3 5  
EAEA40767181 4 1 4 4 4 4 3 3 5 1 2 4 4 4 5 2 1 44403402340 3 2 5 1 1 4 5 4 5 3 3 4 4 3 4 3 3 4
EAEA40778181 1 3 5 2 3 1 3 1 4 3 1 5 4 3 2 3 4 53204102540 3 5 5 2 1 5 2 3 5 1 2 5 3 2 5 1 3 5
EAEA40780181 4 3 2 4 4 3 3 5 3 1 2 5 4 4 2 5 4 24405402540 4 4 4 1 2 4 5 5 2 5 2 2 5 5 3 2 2 4
EAEA408211804 4   4 4   3 4   4 3   4 4   3 3   540541    2 4   5 5   4 4   5 3   5 3   4 4   
EAEA408491815 4 2 5 3 5 2 1 4 2 2 2 4 4 4 4 3 3 44054014302 3 3 2 2 2 4 4 3 5 3 3 3 3 4 3 3 1 
EAEA40865181 4 3 5 3 3 4 3 3 4 1 4 3 4 4 5 1 1 23404402340 3 3 4 1 3 2 4 4 5 4 3 5 3 3 5 1 3 3
EAEA40876180 4 5   3 4   5 1   5 1   4 4   5 5  540430     3 2   5 1   3 4   5 5   4 1   5 1  
EAEA40882180 5 5   4 3   3 4   3 3   4 4   4 5  540440     3 4   3 1   5 5   5 5   5 5   3 1  
EAEA409091801 1   5 5   1 1   1 1   5 5   5 5   540540    3 5   1 1   5 5   4 4   3 3   1 1   
EAEA409171814 3 4 4 4 5 4 3 5 1 1 3 4 4 5 5 4 5 44034115404 4 5 2 1 3 5 5 5 4 4 5 5 4 5 2 1 2 
EAEA40925180 4 4   5 5   5 4   1 1   4 4   4 3  440440     4 3   1 1   5 5   4 4   4 4   2 2  
EAEA409581814 2 5 5 4 5 4 2 5 1 1 2 4 4 5 4 2 5 53144014414 2 5 1 1 1 5 4 5 5 2 5 4 2 5 3 3 3 
EAEA40972180 5 3   5 5   3 3   1 1   5 5   5 1  441440     4 3   2 1   5 4   5 5   5 5   4 3  
EAEA409861815 3 5 5 5 5 4 3 4 3 2 3 5 5 5 5 3 5 44034114404 3 4 3 2 3 5 5 5 5 4 5 5 3 5 3 2 3 
EAEA409941815 3 4 5 4 4 5 3 5 1 1 3 5 4 5 5 4 5 44053115404 2 5 2 1 4 5 5 5 5 3 5 5 3 5 1 1 4 
EAEA410101815 3 5 4 4 5 4 2 5 2 3 3 5 5 5 5 3 5 54054014404 3 5 2 3 4 4 5 5 4 4 5 5 3 5 5 5 4 
EAEA410471815 5 3 5 5 5 4 2 4 1 1 3 5 5 5 5 5 3 44144114214 3 4 1 3 3 5 5 5 5 5 5 4 4 4 1 1 3 
EAEA410511815 1  54 4  33 2  52 1  54 5  35 1  244044025203 2  42 1  53 4  35 1  15 3  55 1  5
EAEA410791813 1 5 3 3 5 4 3 5 3 3 5 3 2 5 4 2 5 34134014403 2 4 4 3 5 5 2 5 3 1 4 5 4 5 3 3 2 
EAEA410841815 2 3 4 3 3 3 2 2 4 4 4 4 4 3 5 1 2 44053015304 3 3 4 3 5 4 3 3 5 2 4 5 3 3 4 3 4 
EAEA41096181 3 3 5 3 3 5 5 2 5 3 1 5 3 4 3 1 1 15404412440 4 2 3 1 1 3 3 2 5 4 3 5 5 5 5 5 3 5
EAEA41111181 3 5 4 4 5 4 3 4 5 1 3 2 4 5 4 3 5 45403402420 3 4 3 2 2 3 4 5 5 3 5 3 4 5 5 2 3 3
EAEA41124180 3 5   4 5   3 5   1 4   4 5   5 4  341340     4 3   1 4   4 5   5 4   3 5   1 5  
EAEA411521814 3  45 5  52 2  21 1  15 5  54 2  444044025303 2  31 2  15 5  54 3  43 3  31 2  2
EAEA41178181 5 5 5 5 5 5 4 4 5 5 2 3 5 5 5 4 5 54404302340 4 4 4 1 1 2 5 5 5 3 5 5 4 4 5 5 3 2
EAEA41195180 1 3   4 4   3 2   2 2   5 5   2 2  440440     3 3   2 2   4 4   1 3   3 3   1 1  
EAEA412071803 1   4 2   5 1   1 1   4 3   5 1   341321    4 3   1 3   4 2   3 4   5 1   3 1   
EAEA412421812 2 5 2 3 5 3 4 5 5 1 3 2 4 5 1 2 5 34052015401 2 5 5 1 4 2 4 5 1 3 5 2 2 5 5 3 4 
EAEA41274181 1 1 3 3 2 3 1 1 2 1 3 4 4 3 5 1 1 13404402440 3 2 3 5 4 1 3 2 4 5 2 3 2 3 4 3 4 3
EAEA41289181 5 3 4 5 3 5 5 1 4 1 2 2 5 3 5 5 1 23413412340 4 3 3 1 2 2 5 3 5 5 4 4 5 4 4 3 3 3
EAEA41325181 1 1 3 3 3 4 4 3 4 1 2 1 2 2 4 1 1 33403302340 4 3 3 1 1 1 2 2 4 2 2 4 3 2 4 2 2 3
EAEA41333180 3 5   4 5   5 5   4 5   4 4   4 5  440330     4 3   1 3   4 4   4 5   4 5   5 5  
EAEA413611801 1   4 4   2 3   5 5   3 4   1 1   440440    3 3   4 3   3 4   1 1   3 3   5 5   
EAEA41372181 1 5 5 4 5 4 4 4 4 2 1 3 4 5 5 1 5 54414402340 3 4 5 3 1 2 4 5 5 2 5 3 2 2 3 5 5 5
EAEA41386180 5 5   4 4   5 3   1 1   5 4   2 1  441340     3 3   2 2   5 3   5 5   4 4   3 1  
EAEA413941813 2 5 5 5 5 4 3 5 3 3 3 5 5 5 3 3 5 44034114404 3 5 3 3 3 5 5 5 3 3 5 4 4 5 3 3 3 
EAEA414191815 4 5 5 4 5 4 4 3 2 2 4 5 5 5 4 4 5 44034014405 3 4 2 1 4 5 5 4 4 4 5 5 5 5 3 3 3 
EAEA41431181   51    42    32    25    42    51    3401520   34    34    52    52    52    45 
EAEA41443181 5 5 5 4 4 4 4 3 5 4 3 3 4 4 4 4 3 33404402520 4 5 5 3 2 1 4 4 3 5 5 4 3 4 5 5 3 3
EAEA414551814 4 4 4 4 5 4 2 5 2 1 2 4 4 4 3 3 4 44034015204 3 5 2 2 2 4 4 5 5 5 5 4 4 5 3 1 2 
EAEA430111801 2   4 5   2 2   3 4   4 4   3 1   440440    2 2   1 1   4 4   3 3   3 2   2 2   
EAEA43024181 1 1 1 3 4 4 3 3 4 3 4 3 4 4 4 1 1 14404402440 3 3 4 3 4 3 4 4 4 3 1 3 3 3 4 3 1 3
EAEA430391815 5  54 4  54 5  54 4  15 5  55 5  134144025314 4  53 3  15 5  45 5  54 5  51 3  1
EAEA430521815 5 4 5 5 5 3 3 4 1 1 4 5 5 5 5 2 4 44044114203 3 3 1 1 2 5 5 5 2 4 3 5 5 5 1 1 2 
EAEA43067181 2 3 5 4 4 3 2 2 5 1 2 4 5 4 3 2 2 54413402441 3 2 3 1 1 3 4 4 3 5 4 3 3 4 4 3 4 5
EAEA430781812 4 5 4 4 4 3 4 4 2 4 4 4 4 4 3 4 5 54054015401 3 3 1 4 1 4 4 5 3 4 5 1 4 5 2 4 2 
EAEA430951805 1   4 3   4 4   3 3   4 3   4 3   541341    3 3   3 3   4 3   4 4   5 3   3 2   
EAEA4313818 1    14    4     31    14    41    1341       4    41    14    4     15    51    1
EAEA43145181 3 3 3 4 4 4 4 3 4 3 3 3 4 4 4 4 3 34404402440 4 3 4 3 2 4 4 4 4 4 3 3 4 3 4 3 3 3
EAEA43153181 3 3 4 3 4 4 3 3 3 3 3 3 5 4 5 3 3 54415412540 4 3 5 3 3 3 4 5 5 5 5 5 4 4 5 3 3 3
EAEA43166180 2 2   3 3   4 3   5 3   3 4   2 2  340540     3 3   3 3   3 4   3 3   4 3   5 4  
EAEA43177180 4 4   5 5   4 4   1 1   5 5   4 4  340340     3 3   1 1   5 5   5 5   4 4   1 1  
EAEA43181180 3 4   4 4   4 5   2 2   4 5   3 4  441330     4 3   2 1   4 4   3 4   5 4   3 3  
EAEA432061815 5 2 5 5 3 5 3 3 2 2 5 5 5 3 5 5 3 34144015405 5 4 4 3 5 5 5 4 5 5 2 5 5 3 2 2 3 
EAEA43255180 3     4     4     1     4     3    440        4     1     5     5     5     3    
EAEA43270180 4 4   5 4   4 3   1 2   5 4   5 4  440440     3 3   1 2   5 4   4 4   5 4   1 3  
EAEA433341813 2 4 4 4 5 4 3 4 4 2 4 4 4 5 4 3 4 44134114414 3 4 2 2 3 4 4 5 3 2 4 4 3 5 4 3 3 
EAEA43357181 5 3 4 5 4 4 3 3 5 3 1 4 4 4 4 5 1 34403412440 3 3 4 3 1 3 4 4 3 5 5 1 4 3 5 3 3 4
EAEA433731814 4  53 4  33 4  53 2  54 4  53 4  554054025403 3  43 1  43 4  34 5  53 4  54 4  5
EAEA43390181 5 5 3 4 4 4 4 5 4 1 1 3 4 3 4 2 1 25404402510 4 2 4 5 1 2 4 4 2 5 5 5 4 3 4 3 1 3
EAEA43459180 4 2   4 3   4 2   4 2   4 3   4 2  440540     4 2   4 2   4 3   4 2   5 3   4 2  
EAEA435481804 3   5 4   3 3   2 3   4 4   4 3   440540    3 4   3 4   5 4   4 5   5 5   3 5   
EAEA435501815 1 1 4 4 4 1 1 1 3 5 5 4 4 4 1 3 3 44054015403 1 4 3 5 5 4 3 5 3 3 3 1 1 3 1 5 5 
EAEA43583180 3 4   4 4   3 3   2 2   4 4   3 4  421440     3 3   3 2   4 4   3 4   3 3   3 3  
EAEA436021814 3 4 4 3 3 5 3 3 1 1 3 4 4 3 4 4 3 42141014104 5 5 1 1 1 4 3 4 5 4 5 4 3 5 3 3 3 
EAEA436231814 2 4 3 4 5 1 2 5 4 1 5 4 5 5 2 1 4 34034015402 2 5 4 4 4 4 5 5 5 2 5 2 2 5 4 2 5 
EAEA43635180 5 3   5 4   5 3   1 3   5 4   5 3  440421     4 4   1 3   5 4   5 4   5 5   1 3  
EAEA436511802 3   3 4   2 3   1 2   4 4   1 2   440440    2 3   1 2   4 4   4 4   2 3   1 3   
EAEA436841815 3 5 5 3 4 5 3 5 1 2 3 5 4 4 5 3 5 44144114404 2 4 2 3 3 4 3 4 5 3 5 5 3 5 2 3 2 
EAEA437071813 1 3 5 3 5 4 2 5 2 5 5 5 4 5 1 1 3 44044115404 3 4 1 5 3 5 3 5 4 1 4 5 5 5 3 5 4 
EAEA43715180 3 3   4 4   3 3   2 2   4 4   3 2  441440     3 3   2 2   4 4   2 1   3 3   2 3  
EAEA43742181 4 1 4 4 3 4 3 1 4 3 4 3 5 3 4 3 1 34403302440 3 4 5 2 3 3 5 4 4 5 3 4 4 3 4 3 3 3
EAEA437741804 3   5 4   4 3   2 2   5 4   4 2   240340    4 3   2 2   5 4   5 3   4 3   2 2   
EAEA43789181 1 3 5 5 5 5 4 3 5 1 1 5 4 4 5 3 2 54403402340 3 3 4 2 2 3 4 5 5 3 3 4 3 3 5 3 3 5
EAEA438171815 1  54 1  43 3  53 3  32 2  55 3  544134124412 2  41 1  41 1  44 1  44 1  53 1  5
EAEA438251804 1   2 3   3 1   5 3   3 4   5 1   441520    3 3   5 3   2 3   3 3   3 4   3 3   
EAEA438401805 5   4 4   3 3   3 3   4 4   4 4   440440    3 3   3 3   4 4   5 5   5 5   3 3   
EAEA43858180 3 3   5 5   5 3   4 3   5 4   3 3  540530     3 2   3 3   5 5   3 3   5 5   5 3  
EAEA438611805 3   4 4   5 3   3 1   4 3   5 5   441440    4 2   3 1   4 2   5 5   5 4   4 1   
EAEA43886181 2 1 5 4 3 4 3 2 4 2 1 3 3 4 5 2 1 54414402340 3 2 4 2 1 3 4 3 4 3 2 3 4 3 5 3 1 4
EAEA439131815 1 3 5 3 5 5 1 4 1 1 3 5 3 5 5 1 2 44054014403 1 4 1 1 2 5 3 5 5 1 3 5 1 5 2 1 2 
EAEA439211814 4 5 5 5 5 5 4 5 1 1 1 5 5 5 4 3 4 44154114314 3 4 1 3 2 5 5 5 3 3 3 5 5 5 1 3 3 
EAEA43937180 1 2   4 4   2 4   1 2   4 4   2 3  440440     2 3   1 3   4 4   2 3   3 4   2 2  
EAEA439651813 1 5 4 3 5 3 3 4 3 3 3 3 2 4 1 1 5 44144114412 2 4 3 3 3 4 3 5 5 1 5 3 3 5 3 3 3 
EAEA439821815 3 5 5 5 5 5 3 5 1 1 2 4 4 5 5 3 5 44154015404 3 5 2 1 1 5 5 5 5 3 5 5 3 5 3 1 3 
EAEA43998181 5 3 5 3 3 5 3 3 4 3 4 4 3 3 4 4 3 53413202320 3 4 5 2 3 4 3 3 4 5 4 5 3 3 5 4 4 5
EAEA44017180 1 2   4 4   2 2   4 2   4 4   1 2  440340     3 3   3 1   4 4   1 3   3 2   5 3  
EAEA44025181 5 4 2 3 3 4 4 2 3 5 4 3 3 3 4 5 5 34404402440 4 3 4 2 1 3 4 5 5 5 3 5 5 3 3 5 5 3
EAEA440331814 3 5 5 4 5 4 4 5 2 3 3 5 5 5 5 4 5 34144014303 2 4 1 2 2 5 5 5 4 3 5 5 3 5 3 2 4 
EAEA440401815 2  55 4  53 2  51 2  35 4  55 4  544044023303 4  41 3  25 4  55 3  54 3  51 2  3
EAEA440721805 2   5 4   5 3   1 3   5 4   5 3   540440    4 3   1 2   5 3   5 4   5 2   1 2   
EAEA440861814   4 5   5 3   4 2   3 5   5 4   4 441   14403   3 2   3 5   5 4   5 4   4 2   2 
EAEA44094181 5 3 4 5 4 5 3 3 3 2 5 3 5 4 5 5 3 43404212430 4 4 4 3 5 4 5 5 5 5 5 5 5 4 3 4 5 4
EAEA441261814 4 3 4 4 4 4 3 3 2 3 4 4 4 3 3 3 4 44154013414 3 4 2 2 3 4 4 4 4 5 3 5 5 4 1 2 4 
EAEA44160181 4 1 5 3 3 4 4 1 5 3 1 3 4 3 5 3 2 54415402341 3 4 5 2 2 3 4 4 4 4 1 5 3 3 5 3 2 3
EAEA441711815 4 3 5 4 4 5 3 4 2 3 3 5 4 4 5 4 4 34044114205 3 4 2 3 3 5 4 4 5 4 4 5 4 3 2 2 2 
EAEA44200181 5 3 4 3 3 4 3 4 5 3 1 3 4 4 4 5 3 44404412440 4 2 4 1 3 3 4 4 4 5 3 5 5 3 5 1 3 3
EAEA442131813 4 5 4 4 5 1 2 3 1 3 4 3 4 3 2 2 5 53044014414 4 4 1 2 4 3 4 5 2 4 3 1 5 5 1 1 3 
EAEA44221181   3 4   4 4   2 3   1 3   5 5   2 2   4402540   3 4   2 3   4 4   3 3   2 3   1 2
EAEA442491801 1   3 3   3 3   2 1   3 4   3 4   440440    3 4   2 1   3 3   3 4   2 2   2 1   
EAEA44254180 1 1   4 4   4 3   3 3   4 4   3 2  240440     3 2   2 2   3 3   2 2   4 4   3 3  
EAEA442651813 1 5 4 3 5 3 2 5 3 4 3 4 3 5 4 1 5 44054015404 3 5 2 1 3 4 3 5 5 3 5 5 4 5 3 5 3 
EAEA44298181 2 3 5 4 4 5 3 3 5 1 1 3 4 4 5 1 1 54404402540 4 3 5 1 1 3 4 4 5 4 3 5 5 3 5 1 1 3
EAEA443021804 3   5 3   3 2   1 1   5 4   4 3   441440    4 2   1 2   5 2   5 2   5 3   2 2   
EAEA443101814 3 4 4 4 3 5 3 3 3 1 5 4 4 3 4 3 4 42044014404 3 2 1 3 3 4 4 4 5 5 3 5 4 3 3 3 3 
EAEA443471805 4   4 4   3 3   4 1   4 4   5 5   540540    3 3   3 3   4 4   5 5   4 3   3 3   
EAEA443511813 3 3 3 5 4 4 3 5 3 1 4 3 5 4 3 4 3 44044114404 3 5 4 1 5 3 5 4 1 5 3 5 5 5 4 3 3 
EAEA44368181 3 2 5 3 3 4 2 3 4 3 3 3 3 3 3 2 3 34403202320 3 3 4 3 3 3 3 2 4 4 3 4 3 3 4 2 3 3
EAEA44379181 1   4 3   5 3   4 1   3 3   4 1   5441   2341 3   4 2   3 3   4 3   5 4   5 2   4
EAEA443961801 1   4 4   4 3   1 1   4 3   1 1   441340    3 2   1 1   4 3   2 1   2 2   2 2   
EAEA44453180 2 2   3 4   1 1   3 2   3 4   3 3  441341     3 3   2 3   3 4   3 4   3 4   5 3  
EAEA44481181 1 3 2 4 4 4 5 4 5 3 2 4 4 4 4 3 4 24404412441 4 3 4 2 2 3 4 4 4 2 4 3 5 4 5 3 3 2
EAEA44515180 3 2   4 4   3 2   1 1   4 4   3 2  540411     3 4   2 1   4 4   3 3   4 2   2 2  
EAEA45034180 4     4     3     2     5     4    440        5     1     4     4     4     4    
EAEA45041181 1 4 5 4 4 5 3 4 4 2 4 5 4 4 5 2 4 52402402440 3 4 2 3 4 4 4 4 4 2 4 5 3 4 5 3 3 3
EAEA450571815 4 4 5 4 5 5 3 4 1 3 3 5 5 5 5 2 3 44033114404 3 5 4 4 5 4 4 5 5 4 3 5 3 5 3 1 3 
EAEA450621814 3 4 4 4 4 4 3 5 2 2 2 4 4 4 4 3 4 43144014404 3 4 2 2 3 4 4 4 4 3 5 5 4 5 2 2 3 
EAEA45085181 5 3 5 5 5 5 5 3 5 3 3 3 5 5 5 4 3 54413412441 4 3 4 2 2 1 5 5 5 4 5 5 5 4 3 3 2 4
EAEA451581813 5  53 5  53 5  53 3  33 5  54 5  534134124413 5  54 2  14 5  53 5  53 5  53 3  3
EAEA451721805 3   5 4   5 1   3 4   4 4   5 3   441440    4 4   2 5   5 4   5 3   5 3   3 5   
EAEA451941815 5 5 5 5 5 5 5 5 3 3 4 5 5 5 3 3 5 54144015404 4 5 2 1 3 5 5 5 4 4 5 4 4 5 1 1 3 
EAEA45201181 4 4 3 4 4 4 3 3 4 2 1 3 5 5 5 5 1 35205202420 4 3 5 2 1 5 4 4 4 4 3 5 5 5 5 3 3 4
EAEA45236180 5 5   5 5   4 2   1 1   5 5   5 5  441440     3 3   1 1   4 5   5 4   5 5   1 1  
EAEA452481805 5   5 5   4 3   1 1   4 4   5 5   341440    4 3   1 1   5 3   5 5   5 4   1 1   
EAEA45275180 5 5   5 4   3 1   2 3   5 4   5 3  440330     4 4   2 2   4 4   5 5   5 4   3 4  
EAEA45283180 2     2     2     3     4     1    440        2     2     3     3     3     5    
EAEA45303181 3 3 1 4 3 5 3 3 4 3 3 1 3 4 5 4 3 54404402440 2 4 4 3 4 5 2 4 5 4 4 5 3 3 4 3 1 1
EAEA453111814 3 5 3 3 4 3 3 4 2 2 3 4 3 4 4 2 4 34144114413 1 4 3 2 3 4 3 4 5 3 5 2 2 3 3 3 3 
EAEA453241805 4   5 5   4 5   2 3   5 5   5 4   440340    4 5   2 3   5 5   5 4   4 5   2 2   
EAEA453461815 2 5 4 3 5 4 3 5 1 1 3 5 4 5 4 3 5 44044114413 2 5 1 4 3 4 3 5 5 3 5 3 3 5 2 2 3 
EAEA45352181 4 2 4 4 3 3 4 2 4 1 1 5 4 3 4 4 1 43414412341 4 3 4 2 2 4 5 3 4 5 2 5 4 2 5 2 2 4
EAEA45367181 4 4 1 5 5 4 3 3 4 1 1 2 5 5 4 5 1 15404402440 3 3 4 1 1 2 4 4 4 5 3 1 3 3 3 1 1 2
EAEA453951815 4  55 5  54 3  53 3  35 5  55 4  534043124403 4  44 5  35 5  55 4  55 5  54 4  3
EAEA454001805 4   5 4   5 5   3 4   4 4   4 5   540540    4 3   3 4   5 4   5 5   5 4   3 4   
EAEA454371815 1  34 3  54 3  53 1  14 3  54 3  544034124404 2  51 1  35 4  55 4  54 3  51 1  1
EAEA454541805 3   4 4   5 3   4 4   5 5   5 4   440440    5 5   3 3   5 5   4 3   5 5   3 3   
EAEA45476180 4 4   4 4   3 4   2 2   4 5   4 3  340440     4 4   3 1   4 4   4 5   2 4   2 2  
EAEA45498181 3 2 3 3 3 3 2 1 3 1 1 3 5 3 3 4 3 34403402421 4 2 4 1 1 3 4 3 4 5 3 5 4 2 4 2 3 3
EAEA455061804 2   4 3   5 2   4 2   4 4   4 2   341340    5 2   3 2   4 4   5 3   4 3   4 2   
EAEA455271803 1   4 2   3 3   1 3   4 4   3 1   420441    3 2   4 1   4 2   3 1   5 4   3 1   
EAEA455311812 2 3 5 5 5 5 4 4 2 2 2 5 5 5 3 3 4 34043014404 4 4 2 2 2 4 4 4 3 3 3 3 2 3 2 2 2 
EAEA455551815 3 4 4 4 4 4 3 5 2 2 3 5 5 4 5 2 4 44144015404 3 4 2 1 3 5 5 4 5 3 4 5 4 5 2 1 4 
EAEA455701815 2 5 5 5 5 3 2 4 1 1 3 5 4 5 5 2 5 24054013403 2 5 1 2 3 5 5 5 5 2 5 4 2 5 3 3 3 
EAEA45588181 5 4 4 4 4 4 4 3 5 3 3 3 5 5 5 4 4 44413312331 4 4 4 3 1 1 4 4 4 4 2 4 5 4 4 4 4 4
EAEA455921813 1 3 4 2 2 4 1 3 1 1 5 4 4 2 4 1 3 44031013403 3 3 1 1 4 4 4 3 4 1 1 3 1 3 3 1 3 
EAEA456281813 4 5 5 5 5 3 3 4 1 1 2 5 5 5 4 4 5 44054014404 4 5 2 1 1 5 5 5 5 4 5 3 3 4 3 2 2 
EAEA456301815 3 5 4 4 5 3 3 5 2 2 4 4 4 5 3 3 5 34144114403 4 5 2 2 3 4 4 5 5 3 5 3 4 5 2 2 4 
EAEA456421812 1 4 2 2 3 1 1 2 4 1 3 2 2 3 1 1 3 42031115302 1 3 2 3 4 3 2 3 2 1 4 1 1 3 5 1 4 
EAEA456631805 2   5 3   5 3   2 2   5 4   5 3   341341    4 3   3 3   5 4   5 3   5 3   3 4   
EAEA456741815 1  54 2  54 3  54 5  52 3  45 3  544154025304 4  54 3  14 3  55 5  53 2  54 4  4
EAEA457021814 5  44 5  43 4  54 1  34 4  53 4  444054024303 3  44 1  23 4  55 3  43 2  43 1  4
EAEA45735181 4 4 5 4 4 5 5 3 5 3 1 1 5 5 5 1 1 15404402430 4 3 5 1 1 3 5 5 5 5 4 5 5 3 5 3 3 4
EAEA457471804 4   5 5   5 5   3 3   5 5   4 4   340440    4 4   3 3   4 4   4 4   5 5   3 3   
EAEA457511805 1   4 3   2 1   2 2   5 2   5 2   440411    4 2   3 3   5 2   5 2   3 1   2 2   
EAEA45768181 5 5 5 5 5 5 5 5 4 1 3 3 5 5 5 5 5 54414402330 4 4 3 1 3 2 5 4 5 5 5 5 5 5 5 3 3 3
EAEA45796181     3     4     3     1     5     4      2341     3     1     4     3     5     1
EAEA45812181 3 3 5 5 5 5 3 1 5 1 1 2 4 4 4 3 1 54403402341 2 2 5 1 1 2 4 4 5 2 3 5 3 3 5 1 1 1
EAEA458451814 3 4 5 4 5 5 3 4 2 1 4 5 5 4 4 2 4 44044014305 3 4 2 1 4 5 5 5 4 3 5 5 3 4 3 1 3 
EAEA458661805 5   5 5   4 4   3 2   5 5   4 5   441440    3 3   4 4   3 3   5 4   3 2   3 3   
EAEA45899180 4 4   4 4   5 4   2 2   4 4   4 4  441440     4 4   2 4   4 5   4 5   5 4   3 2  
EAEA459181813 3 3 4 4 4 3 1 1 3 3 3 4 4 4 3 3 4 32132113214 4 4 3 3 3 4 4 4 3 3 3 3 3 3 1 1 1 
EAEA459441804 4   5 4   4 4   1 2   5 4   4 3   440440    4 3   2 2   5 4   4 4   5 4   2 4   
MWMW000131814 2 4 4 4 4 2 2 5 2 3 4 5 4 3 5 3 3 34134014413 2 4 2 2 4 3 4 4 3 3 3 2 2 5 4 3 3 
MWMW00150180 5 5   5 5   5 3   1 1   5 5   5 5  341440     4 3   1 1   5 5   5 5   5 3   4 4  
MWMW001751814 3 3 4 4 3 2 1 2 3 2 5 3 4 3 4 3 3 44144114403 2 2 4 2 5 3 4 2 4 3 2 2 3 3 3 3 2 
MWMW001831814 3 5 4 4 4 4 3 5 1 1 3 3 3 4 4 3 5 44144114413 3 5 1 1 3 3 3 4 4 4 5 4 4 5 1 1 3 
MWMW001971805 4   5 4   4 3   1 4   5 5   5 4   440340    3 3   4 4   5 5   3 4   5 3   5 3   
MWMW00217180 4 1   5 5   5 5   4 5   5 4   4 1  440441     5 5   2 4   5 5   4 3   5 5   4 5  
MWMW00225180 5 4   5 5   4 4   1 3   5 4   5 5  341341     2 4   1 4   5 5   5 5   5 3   1 3  
MWMW00258181 4 3 5 4 4 4 4 4 5 3 3 3 4 4 4 4 3 53414402440 4 4 4 3 3 3 3 3 3 4 4 5 5 5 5 3 3 3
MWMW00272181 3 34  4 55  5 45  3 34  4 43  4 44 4414411440 4 33  1 33  4 43  4 45  5 54  4 22 
MWMW00286180 5 4   5 4   4 4   2 1   5 4   5 3  440340     4 3   2 1   4 4   5 4   3 3   1 1  
MWMW003061811 1 5 3 3 5 1 1 5 1 1 3 2 2 5 1 1 5 44144115401 1 5 1 1 3 3 3 5 3 2 4 1 1 5 1 1 3 
MWMW003191803 4   3 5   4 4   3 3   5 5   2 2   440440    4 4   3 3   4 4   4 4   4 4   3 3   
MWMW00327180 3 5   5 5   5 4   4 1   1 5   5 5  441341     3 3   1 1   4 4   5 5   5 4   4 3  
MWMW00331180 3 4   4 4   4 4   2 2   4 4   2 5  341341     4 4   3 3   4 4   2 5   4 4   2 2  
MWMW00355180 5 3   4 4   2 2   1 1   4 4   5 1  441440     4 3   2 1   4 3   5 3   2 2   2 1  
MWMW003641804 2   5 4   4 5   1 3   5 5   5 2   341441    5 5   2 3   5 4   5 3   5 5   3 2   
MWMW003921815 2 2 3 3 3 2 2 4 1 1 5 2 2 4 5 3 3 34024015301 1 4 3 1 5 3 3 5 4 3 3 3 3 4 1 3 4 
MWMW004081815 5 3 5 5 3 5 5 3 2 2 3 5 5 3 5 5 3 44144014404 4 5 3 2 5 5 5 3 5 5 3 4 5 3 2 2 5 
MWMW00416181 2 2 3 2 2 4 5 5 5 4 4 4 5 5 5 5 5 53403412340 2 4 4 3 3 3 4 4 4 3 5 5 4 4 4 3 3 3
MWMW004291804     3     4     3     3     2     441       3     1     4     5     3     3     
MWMW004411805 5   5 5   3 1   1 2   5 4   5 5   441540    4 1   1 2   4 4   5 4   5 2   1 2   
MWMW00457180 2 2   4 4   4 4   2 1   4 4   1 1  341330     3 3   1 1   4 4   5 4   5 4   2 2  
MWMW004621815 3 3 4 4 4 4 4 4 1 1 3 4 4 3 3 2 3 44044014405 5 5 2 1 3 4 4 4 5 3 5 5 3 3 1 1 3 
MWMW004731805     5     5     1     5     5     540       4     1     5     5     5     2     
MWMW004851815 3 3 5 3 3 5 5 5 3 3 5 4 4 3 5 3 5 34144113404 4 4 1 3 5 5 3 4 5 3 3 5 3 3 3 3 5 
MWMW005391814   3 5   4 4   5 2   4 5   4 5   4 440   15404   4 3   4 4   5 5   4 4   5 2   3 
MWMW005461815 2 4 5 4 4 4 3 3 1 1 1 5 4 4 4 2 2 44144014204 2 2 2 2 2 5 4 4 5 2 4 5 2 5 2 2 2 
MWMW005521803 3   5 5   4 4   1 1   5 5   3 3   441441    3 3   1 1   5 5   3 3   3 3   2 2   
MWMW005671805     4     3     2     4     5     441       5     5     4     5     5     2     
MWMW00578180 4 2   4 4   5 5   2 2   5 5   3 2  441441     3 3   2 2   5 5   4 4   5 4   4 2  
MWMW00580180 4     5     3     3     4     3    440        3     3     4     5     5     4    
MWMW005951805 1   5 4   2 1   1 1   5 4   5 1   341341    3 2   1 1   5 3   5 2   5 4   1 1   
MWMW006041813 4 3 5 5 3 4 4 3 2 1 3 5 5 4 5 5 3 54044015404 3 2 1 1 3 5 5 2 4 3 3 4 4 4 2 1 2 
MWMW006121815 4 3 5 3 4 5 3 5 2 4 2 5 3 4 5 3 3 34144114404 3 4 2 4 4 5 5 5 5 3 5 5 4 5 4 3 3 
MWMW00638181 1 1 5 4 4 4 5 5 5 1 1 1 5 5 5 4 2 54402302330 3 2 4 1 1 1 4 4 5 4 2 5 4 5 5 1 1 2
MWMW00645181 2 2 4 5 5 5 5 2 4 2 2 4 4 4 4 2 2 23413402341 3 3 4 2 2 4 4 4 5 5 2 5 5 5 5 4 4 4
MWMW006531814 4 4 4 4 5 3 2 5 3 3 2 5 5 5 3 3 3 44044015204 4 4 3 3 1 4 4 5 4 4 5 4 4 4 3 3 3 
MWMW00677181 2 5 5 5 5 5 5 5 3 1 1 1 5 5 5 3 5 54403402340 5 5 5 3 1 2 5 5 5 5 5 4 5 5 3 2 1 1
MWMW006991805 3   4 3   5 3   5 5   5 4   5 3   441440    4 3   4 2   4 3   4 4   3 3   4 4   
MWMW00718181 1 1 5 2 2 4 3 1 4 2 1 2 2 2 5 2 1 53414412440 2 2 4 3 1 2 2 2 5 3 2 4 2 2 4 4 1 1
MWMW007261803 2   5 4   4 3   1 1   4 4   4 3   341440    3 2   2 1   4 4   4 3   4 3   2 2   
MWMW007711804 5   4 4   5 3   2 5   4 4   5 5   341440    4 2   2 4   4 4   5 5   4 3   2 5   
MWMW008281815 3 3 4 2 2 5 3 5 1 1 3 5 3 3 5 3 3 44044014403 3 4 3 4 3 4 4 4 5 3 3 2 2 5 1 1 3 
MWMW00830181 3 2 5 4 4 5 4 4 5 2 4 4 5 4 4 4 2 54403402340 4 3 4 2 2 3 4 4 5 4 3 5 4 4 4 3 3 4
MWMW00856180 4 4   5 5   5 5   5 4   4 4   4 5  441441     5 5   2 2   5 5   4 4   5 5   3 3  
MWMW00863180 5 5   4 4   5 5   2 2   4 4   5 5  341340     4 3   2 1   4 4   5 5   4 4   2 2  
MWMW008741815 5 5 4 4 4 3 3 4 3 1 3 4 4 4 4 4 4 34044014404 3 3 3 1 3 4 4 4 5 5 4 3 3 4 3 1 3 
MWMW00889181 5 5 3 5 5 5 5 3 3 5 1 5 5 5 5 5 5 33414402320 5 3 4 3 1 3 5 5 5 5 5 3 5 3 3 5 1 5
MWMW008911813   3 3   4 3   4 1   1 3   4 4   3 440   15402   5 1   1 3   4 4   3 4   4 1   1 
MWMW00947180 5 5   5 5   5 5   1 1   5 5   5 5  340340     5 3   1 1   5 5   5 5   5 5   2 2  
MWMW009511815 2 5 5 5 5 5 2 5 2 5 5 5 5 5 5 5 5 44144114413 2 4 3 2 5 4 4 4 5 2 5 5 5 5 2 2 2 
MWMW009681813 2 5 5 5 5 5 5 5 2 2 2 5 5 5 2 2 3 44134114403 3 4 2 2 3 4 4 4 3 3 5 5 5 5 3 3 3 
MWMW010171814 3 4 5 4 4 4 4 4 2 2 3 4 4 4 5 5 4 34144114403 3 3 2 3 2 5 4 4 5 5 3 4 4 4 2 3 2 
MWMW01033181 1 4 5 4 5 4 5 1 5 1 1 3 4 5 4 5 5 34203402310 5 4 2 1 1 1 4 5 4 5 5 4 5 1 5 1 2 1
MWMW010861813 1 2 4 3 4 4 1 2 1 1 2 5 2 3 5 1 3 34154015205 2 2 2 1 2 5 4 4 5 3 2 4 3 3 1 1 2 
MWMW01094180 4 3   5 5   4 4   3 2   4 5   4 4  440441     3 3   3 3   4 4   5 3   3 3   3 2  
MWMW01118181 3 3 5 5 5 5 4 3 5 5 5 4 5 4 5 4 4 44404412540 4 3 5 3 3 4 3 3 4 5 5 5 3 3 5 2 2 2
MWMW01144180 4 2   4 3   4 3   2 1   5 4   4 2  320520     4 2   3 1   4 3   5 3   4 2   2 1  
MWMW011601813   4 3   3 4   4 3   4 2   5 3   4 341   14403   4 3   4 4   4 4   4 3   4 4   3 
MWMW01171181 1 3 3 3 3 5 2 3 5 4 3 1 3 3 5 1 3 54414402340 3 3 5 3 3 1 3 3 5 4 5 5 3 3 4 5 3 1
MWMW011931805 5   3 3   4 2   3 3   4 4   5 4   441341    3 2   4 2   3 3   5 4   4 2   4 2   
MWMW012001804 5   4 5   3 5   1 1   4 5   4 5   441441    3 4   1 4   5 5   4 5   3 5   1 4   
MWMW01249180 5 5   4 4   5 4   1 4   5 5   4 5  440440     4 2   1 3   4 4   4 4   5 4   3 3  
MWMW012761814   4 4   4 3   3 3   2 4   4 3   3 340   14404   4 3   3 5   5 5   4 5   5 3   3 
MWMW01302181 5   5 5   5 5   5 1   3 5   5 3   5341   2440 4   4 1   3 5   5 5   5 5   5 3   3
MWMW013231813 2 4 3 3 5 2 2 5 2 2 3 3 3 5 1 1 3 44134114212 2 5 1 1 2 4 4 5 3 3 3 4 2 5 4 2 4 
MWMW01335180 1 1   3 3   2 4   2 4   2 2   2 2  530440     3 3   3 4   4 2   2 1   5 5   3 2  
MWMW01347180 2 5   5 5   3 4   3 1   5 5   3 3  440441     5 3   2 1   5 5   3 5   5 5   3 1  
MWMW01351181 2 3 3 5 3 4 3 3 5 1 1 1 3 4 4 3 3 24414412331 3 4 4 2 1 1 4 4 5 3 3 3 3 3 3 3 2 1
MWMW013681815 4 4 5 5 5 5 5 5 2 2 2 5 5 5 5 5 5 44144014404 4 4 2 2 2 5 5 5 5 4 4 5 5 5 2 2 2 
MWMW01396180 5 5   5 5   5 5   1 5   5 5   5 3  440440     4 4   1 5   4 4   5 5   5 5   1 4  
MWMW01404181 5 3 5 5 3 5 4 3 4 3 1 4 5 3 5 3 1 33413412341 3 2 3 3 1 4 5 3 3 4 3 5 4 3 5 5 1 4
MWMW014201814 4 4 5 5 5 3 2 5 1 1 3 4 4 4 4 2 2 34044014403 2 5 1 1 1 4 4 5 4 4 4 2 2 4 2 2 3 
MWMW01438180 3 3   4 4   3 4   2 2   4 5   4 4  441441     3 4   2 2   4 4   3 3   3 3   2 2  
MWMW014531814 4 5 5 4 5 4 4 3 2 2 3 4 4 5 5 3 5 44144114203 2 4 2 2 3 4 4 5 5 5 2 5 5 5 2 2 3 
MWMW015281814 4 4 4 4 4 3 4 4 2 2 2 4 5 4 3 5 5 34144114403 4 4 2 2 2 4 4 4 4 5 4 3 4 4 2 2 2 
MWMW01542180 5 3   2 2   3 3   2 2   3 3   2 2  441341     4 4   3 3   3 2   3 1   5 5   3 4  
MWMW01591181 3 2 3 3 3 4 3 3 4 2 2 3 4 4 4 2 2 33413412311 4 3 4 3 2 3 3 3 4 4 4 5 5 4 4 2 2 2
MWMW01608180 3 2   4 4   4 2   1 1   5 2   3 2  440440     3 2   2 2   4 4   2 2   4 4   4 2  
MWMW01629181 1 1 4 5 5 5 4 4 5 4 2 2 5 5 5 1 1 24404402340 3 3 5 3 2 1 5 5 5 2 1 4 5 4 5 2 2 2
MWMW01657180 1 3   3 3   4 5   2 3   4 4   5 5  441340     3 3   3 3   4 4   4 5   4 4   3 5  
MWMW016731803 3   3 4   3 1   1 1   5 4   5 2   441441    3 2   3 2   4 4   5 2   5 5   1 1   
MWMW016851815 5 5 5 5 5 5 3 5 3 3 3 3 3 4 3 1 5 44054015403 2 5 3 3 1 3 3 5 3 3 3 5 5 5 5 5 5 
MWMW01690181 1   1 5   5 3   3 1   5 5   5 2   4340   2341 4   4 1   5 5   5 4   5 4   4 1   5
MWMW017011813 1 4 2 2 5 1 1 4 2 1 4 5 5 5 1 1 3 34144115303 2 4 2 1 4 2 4 4 4 1 4 4 2 4 2 1 1 
MWMW017691805 3   4 3   3 3   5 3   4 3   5 3   341431    3 3   3 3   4 3   5 3   5 3   3 3   
MWMW0177518                                                                                   
MWMW018241805 3   5 5   5 3   1 1   5 5   5 3   441440    5 3   1 1   5 5   5 2   4 4   1 1   
MWMW01839180                                    340541                                        
MWMW01846181 5 3 5 5 5 5 4 2 5 4 2 4 5 5 5 3 5 53404412340 4 3 4 2 4 4 5 3 5 5 4 5 4 4 5 3 3 4
MWMW01852181 5 5 5 5 5 5 4 3 4 1 2 2 5 5 5 4 4 53413412340 3 3 4 2 2 2 5 5 5 4 5 4 5 5 5 1 2 2
MWMW018951813 3 3 5 4 5 5 3 4 1 1 1 5 3 5 4 3 4 44144014204 2 4 1 1 1 5 5 3 3 3 4 5 3 4 3 1 3 
MWMW019061805 3   5 5   5 3   3 2   5 5   5 1   341340    4 2   2 2   4 4   4 3   5 3   3 3   
MWMW019271815 4 5 5 4 4 5 3 4 2 2 2 4 5 4 3 2 2 44034114204 4 3 3 2 2 4 5 4 5 4 4 5 4 5 4 1 4 
MWMW019431804 4   4 4   5 4   1 1   5 5   4 4   340340    2 2   1 1   4 4   5 3   4 4   1 3   
MWMW01970180 3 3   4 4   2 2   1 1   4 4   3 3  440420     2 2   1 1   4 4   2 3   2 2   1 1  
MWMW019881815 3 1 5 5 3 4 4 5 3 1 5 4 4 3 5 3 3 44044014403 3 3 3 1 5 3 3 3 5 5 5 3 3 3 3 3 3 
MWMW019921803 3   3 5   2 2   1 3   5 5   2 3   341440    3 3   1 3   5 5   3 3   3 3   3 3   
MWMW02008181 4 4 5 5 5 5 4 4 5 1 1 4 4 4 5 4 4 53413402310 3 4 4 1 1 3 5 5 5 4 4 4 5 5 4 5 5 5
MWMW02016180 3 3   4 4   1 1   2 1   4 4   4 4  441441     2 4   3 1   5 5   1 1   3 3   3 3  
MWMW02041180 3 3   3 3   4 4   3 3   5 5   4 3  341341     4 4   3 3   3 5   4 4   5 5   3 3  
MWMW020571815 4 5 5 5 5 5 3 5 1 1 3 5 5 5 5 3 3 34144014404 2 3 1 1 3 5 5 5 5 4 4 5 4 4 4 4 4 
MWMW020901815 3 3 5 2 5 3 1 5 1 1 3 5 5 5 5 5 5 44044014302 1 4 1 1 4 5 2 5 5 1 3 4 1 5 1 3 3 
MWMW021171815 1 1 5 2 2 3 1 3 3 5 5 5 2 5 5 1 1 34134113403 5 5 3 1 1 5 5 5 5 5 2 5 1 2 1 4 4 
MWMW02125180 5 5   4 4   5 3   2 3   5 4   5 5  441440     4 3   3 1   5 3   4 4   5 2   3 4  
MWMW021581804 5   4 4   5 5   3 3   4 4   4 4   341441    5 5   3 3   4 4   4 4   3 4   2 2   
MWMW021611814 2 2 5 5 5 5 4 5 2 2 2 5 5 5 3 3 3 44144014215 4 3 3 3 3 5 5 5 5 4 4 5 4 4 2 2 2 
MWMW02172181 4 3 3 4 4 4 4 2 4 2 1 3 4 4 4 4 3 34413412431 3 2 3 2 1 2 4 4 4 4 3 3 5 2 4 2 1 3
MWMW021861804 2   5 5   4 4   1 4   5 5   5 4   440341    4 3   2 1   5 2   5 5   4 4   2 2   
MWMW022221805     5     4     1     5     5     440       4     2     4     5     5     3     
MWMW022361805 4   4 3   5 4   3 3   5 3   5 3   440440    4 2   3 3   3 3   5 4   5 4   4 4   
MWMW022691814   1 5   5 3   3 3   3 5   4 4   3 340   13403   3 1   1 5   5 3   3 3   3 1   3 
MWMW022751813 3 2 2 2 5 4 3 4 3 1 3 5 5 5 1 1 3 44044013403 2 5 3 3 2 2 2 4 3 1 2 1 1 2 3 3 3 
MWMW023111805 2   4 2   4 2   4 2   4 3   3 3   441440    4 2   3 5   4 2   5 3   2 1   4 4   
MWMW023391805 4   5 4   5 4   2 2   5 4   5 4   341340    4 3   2 2   5 4   5 4   4 4   5 2   
MWMW023671805 5   4 4   5 4   4 1   3 4   3 3   340341    4 3   3 1   4 4   5 5   3 1   4 1   
MWMW02378180 4 2   4 3   5 4   1 4   5 4   5 5  440341     4 3   2 2   5 5   5 4   4 2   2 4  
MWMW02380181 1 1 5 2 3 5 3 3 5 3 1 3 3 3 4 2 2 44413412341 3 3 5 3 3 3 3 4 5 1 1 5 5 5 5 4 3 5
MWMW02400181 3 3 4 2 3 3 2 4 4 1 1 1 5 4 4 2 2 24404412441 2 4 4 1 1 1 3 3 4 2 3 5 4 4 4 3 1 1
MWMW02476180 1 2   3 4   3 4   2 1   3 4   1 3  340440     3 4   2 1   3 4   3 4   2 3   2 2  
MWMW02531180 5 5   4 4   4 5   2 2   4 5   3 4  331331     4 4   3 3   4 4   5 3   5 5   4 4  
MWMW02543181 2 2 3 3 3 4 3 3 4 1 1 4 5 5 5 4 3 44414412441 2 2 5 1 1 3 3 3 4 4 3 5 4 4 5 2 2 3
MWMW025701805 4   5 5   4 4   1 4   5 5   5 4   441441    2 2   3 3   5 5   5 4   5 3   4 3   
MWMW02588181 2 2 4 4 3 5 3 2 3 5 5 1 5 3 5 2 2 24413402330 4 5 5 5 5 1 4 3 5 4 2 5 5 4 5 5 5 2
MWMW025921805 3   5 4   4 2   1 3   5 3   4 2   341440    3 2   2 2   4 3   5 3   4 2   3 2   
MWMW026151805     3     4     3     4     5     440       5     3     4     5     5     3     
MWMW026631812 2 5 3 3 5 3 4 4 1 2 4 4 4 1 2 4 4 44144013412 3 4 4 5 5 3 4 5 2 2 4 2 4 5 4 4 4 
MWMW02674181 3 3 3 4 4 3 3 3 4 3 1 5 5 5 4 3 1 33413412341 4 2 4 3 1 3 5 5 5 4 1 4 3 3 5 3 3 5
MWMW026891815 3 5 5 5 5 5 3 5 1 1 3 5 4 5 5 3 5 44044014405 5 5 1 1 3 5 5 5 5 3 4 5 3 5 1 3 3 
MWMW027101803 1   5 1   4 2   2 4   5 1   4 5   441441    4 2   2 4   4 3   4 2   4 1   4 5   
MWMW027231811 5 3 3 5 3 2 2 2 2 1 5 3 4 4 1 5 3 34134013412 2 4 3 1 5 3 5 5 3 5 5 5 4 4 2 1 2 
MWMW02735181 3 3 3 5 5 5 4 4 4 1 1 1 5 5 5 3 3 33413412341 4 4 4 2 1 1 5 5 5 4 4 3 5 4 5 1 1 3
MWMW02747181 4 3 4 3 3 4 3 3 3 2 3 3 3 3 4 4 3 53414202420 3 2 3 1 2 3 4 3 5 4 4 5 3 3 3 1 2 3
MWMW027511815 3 5 4 3 5 4 1 5 3 1 3 4 4 5 5 1 5 44144114404 3 4 3 1 3 4 3 5 5 3 5 5 3 5 3 3 3 
MWMW02779181 4 2 3 4 4 4 5 2 3 4 2 4 5 5 5 4 2 33403302320 4 2 3 2 1 4 5 5 5 4 2 3 5 2 3 4 2 5
MWMW02784181 1 1 3 4 3 5 3 3 3 1 3 3 4 4 4 3 3 53403202340 4 4 5 1 3 1 3 3 4 3 3 5 3 3 5 3 3 3
MWMW028381813   4 5   5 3   3 3   3 5   5 2   2 440   14404   4 3   1 5   5 4   5 5   5 3   3 
MWMW028531815 1 5 4 3 5 2 1 4 2 1 5 3 3 3 5 1 5 44044015402 1 5 2 2 3 4 3 5 5 1 5 3 2 4 3 1 5 
MWMW02881181 1 1 5 4 3 5 2 4 5 2 2 1 4 2 5 1 1 54404402320 2 2 4 3 3 1 4 2 5 5 2 4 4 4 5 2 2 2
MWMW028991805 5   5 5   5 4   2 2   5 5   5 4   341340    5 3   2 2   5 5   5 4   5 4   3 3   
MWMW029261804 4   4 4   4 4   1 1   4 4   2 2   341341    4 3   2 2   3 3   2 2   3 5   2 2   
MWMW029321813 3 3 5 5 5 4 3 5 1 3 3 4 4 5 4 3 3 44144114414 4 5 2 3 3 4 4 4 4 4 4 5 5 4 3 3 3 
MWMW02971180 2 1   4 4   4       3   4 4   4 4  341341     3 2   3 2   4 4   2 2   4 3   3 3  
MWMW030051815 2 2 4 4 4 4 4 3 2 3 3 3 2 3 4 3 2 43144114413 4 3 3 2 2 4 4 4 5 3 3 5 5 3 2 3 3 
MWMW03026180 4 4   4 2   4 2   1 1   5 2   5 4  340440     4 2   1 2   4 3   5 5   4 2   1 1  
MWMW030601802 2   2 2   5 1   5 1   4 2   3 2   331341    5 2   2 1   2 2   3 3   5 5   3 1   
MWMW030711815 3 3 4 4 5 3 5 5 1 2 2 4 4 4 5 1 3 34044014403 5 5 1 1 3 5 4 5 5 5 2 5 5 5 1 1 3 
MWMW032041815 3 5 4 3 4 4 3 5 1 3 3 5 3 4 5 3 5 34144115103 2 4 2 5 3 4 3 4 5 3 5 4 3 5 1 3 3 
NWNW30020181 4 3 4 4 4 4 4 2 5 2 2 3 3 3 3 4 3 44404412441 2 2 5 1 1 3 4 4 4 3 3 5 3 3 5 1 1 1
NWNW300451812 5 5 3 4 4 4 4 5 2 2 1 3 4 5 1 5 5 34044015403 3 4 4 2 1 4 4 4 5 5 5 4 4 5 4 2 2 
NWNW300531815 5 5 4 4 3 2 2 1 3 2 3 4 4 3 5 5 2 34044015303 2 3 3 2 3 3 3 3 5 5 5 5 5 2 2 2 3 
NWNW300771804 1   4 3   4 1   1 1   4 3   4 1   441421    3 2   1 1   4 2   4 2   5 3   2 2   
NWNW30081181 1 1 4 3 3 3 2 2 2 1 1 4 2 2 2 1 1 14413412441 3 3 4 1 1 3 3 3 4 1 1 3 4 1 5 5 5 5
NWNW300991803 2   4 4   3 3   5 1   4 4   3 3   341341    4 3   3 2   5 4   4 3   4 3   5 1   
NWNW301131804 3   4 2   3 1   1 1   2 2   4 4   440540    2 3   1 2   5 2   4 2   3 2   1 1   
NWNW301211815 2 5 4 2 3 3 2 3 2 1 2 4 3 4 5 2 3 44054015403 3 3 2 2 2 4 3 3 5 2 3 3 3 3 2 1 2 
NWNW301491805 5   5 4   3 4   2 2   4 4   5 5   340440    3 4   2 2   5 5   5 5   4 4   1 2   
NWNW30154180 4 4   4 4   4 4   2 2   5 4   2 2  441441     5 4   2 3   4 4   5 5   5 4   3 3  
NWNW301821804 3   3 4   4 2   5 2   4 4   5 4   540420    3 2   3 2   4 4   4 4   4 3   4 2   
NWNW30205180 5 2   5 5   4 3   4 2   5 5   5 2  340441     4 3   1 1   5 5   5 3   5 4   5 4  
NWNW302181814 3 3 5 4 5 2 2 2 1 2 1 5 5 5 5 4 5 41142014202 2 2 2 2 1 4 4 5 5 2 4 4 4 4 2 2 2 
NWNW30226180 2 2   3 3   1 1   5 1   2 2   3 3  340440     2 2   1 1   2 2   1 1   5 5   2 2  
NWNW302441804 4   3 4   3 3   2 2   4 5   4 4   441440    3 4   2 2   4 4   4 5   4 5   2 2   
NWNW302591812 2 4 2 2 3 1 1 3 2 2 4 4 4 3 2 2 4 44044015402 2 4 1 1 4 3 4 3 2 2 4 3 3 3 2 2 4 
NWNW302601803 2   5 5   4 2   2 1   5 4   4 1   340440    3 2   1 1   5 5   4 2   5 2   3 2   
NWNW30271181 5 3 4 5 2 5 4 3 5 3 3 3 5 4 5 4 4 43403402440 2 2 4 1 1 3 5 2 5 5 5 4 3 3 4 3 3 3
NWNW30287181 4 2 5 3 3 4 3 2 5 1 2 3 4 3 4 5 2 44404302341 3 2 5 2 2 3 3 2 4 4 2 5 4 2 5 2 2 2
NWNW30293181 5 5 3 4 4 4 5 4 3 4 2 1 5 5 4 5 5 33414312420 4 5 4 2 1 1 4 4 4 5 5 4 5 5 5 3 2 1
NWNW30315180 4 5   4 4   4 4   2 2   4 4   5 5  341441     3 3   2 1   4 4   4 5   4 4   3 2  
NWNW303281815 2 5 4 3 4 3 2 5 1 2 2 5 3 4 5 2 5 34042114212 2 5 1 1 2 4 4 5 5 3 5 5 3 5 1 2 2 
NWNW30330180 5 5   5 5   5 4   3 2   5 5   5 4  440441     4 4   1 1   4 4   5 5   5 5   4 4  
NWNW30356181 4 5 4 4 4 5 2 1 5 3 3 4 4 5 5 4 4 53404402330 2 1 5 3 2 3 4 5 5 4 5 5 2 2 5 3 4 5
NWNW30363180 5 2   5 3   2 2   2 2   4 3   5 2  341341     4 2   2 1   4 3   5 3   4 3   2 2  
NWNW30374180 1 1   4 4   4 4   3 3   4 4   3 3  440340     2 3   3 2   4 4   3 3   3 3   4 3  
NWNW30389180 5 4   5 3   5 3   1 1   5 4   5 4  341341     4 4   1 3   5 3   5 4   5 4   1 3  
NWNW303911805 5   5 5   5 4   1 1   5 5   5 4   441440    5 4   1 2   5 5   5 5   5 4   1 2   
NWNW30409180 1 1   3 3   2 1   3 2   3 2   1 1  341341     3 2   1 1   3 4   4 2   3 2   3 2  
NWNW30417181 2 2 4 4 4 4 3 3 4 2 2 2 4 4 4 2 4 53414412441 4 3 4 2 1 1 4 4 4 3 3 4 4 4 5 3 2 2
NWNW30425180   4     4     3     2     4     2     541       3     3     4     5     4     3  
NWNW304331814 4 5 4 5 5 5 2 5 2 1 1 5 5 5 4 3 5 44144014404 2 4 1 1 1 4 5 5 5 4 4 4 1 5 3 1 1 
NWNW30486180 2 4   1 3   1 5   1 1   1 4   1 5  321321     1 3   1 1   1 3   1 5   1 2   5 2  
NWNW30494181 3   3 3   3 3   3 3   3   3   3   3440   2440 3   4 3   4 4   4 3   3 3   3 3   3
NWNW305021805 3   4 4   3 3   2 2   4 4   5 2   341341    4 2   3 2   5 3   5 3   5 3   3 5   
NWNW30523180 2 2   4 4   3 3   2 2   4 4   3 3  440340     3 3   2 2   4 4   4 4   4 4   3 3  
NWNW30535181 5 4 4 5 3 5 4 4 5 1 1 3 4 4 4 3 3 33413412331 4 2 4 1 1 3 5 2 5 5 5 5 5 5 5 2 2 2
NWNW30547181  3 5   4 5   3 4   2 1   4 5   5 4    3411441  2 4   1 1   4 5   3 5   3 5   3 1 
NWNW305511805 2   5 4   5 3   5 5   5 3   5 1   340341    4 4   3 4   4 4   5 3   5 5   3 5   
NWNW305681813 2 4 4 3 5 3 1 5 4 4 5 4 2 5 4 3 4 34042015403 2 5 2 2 4 4 3 4 3 2 4 3 3 5 4 2 4 
NWNW30579181 1 3 5 3 2 5 4 2 4 3 1 2 3 3 4 1 5 54414412440 2 2 3 2 1 2 4 3 5 4 2 5 3 2 4 4 3 2
NWNW30584181 3 3 3 2 2 2 5 5 5 1 1 1 5 5 5 3 3 34414412341 3 3 3 1 1 3 4 4 4 3 3 3 5 5 5 1 1 1
NWNW30603180 5 3   5 3   3 5   3 2   5 5   3 3  440440     4 4   2 1   5 5   5 2   4 5   4 2  
NWNW30611180 2 3   4 4   3 4   1 1   4 4   4 3  540440     4 3   1 1   4 4   4 3   4 4   3 3  
NWNW306241805 2   4 3   2 2   2 4   4 3   3 2   340440    5 2   2 2   4 3   5 2   5 2   2 2   
NWNW306391802 1   4 4   2 2   1 1   4 4   3 3   540410    3 3   3 3   3 3   2 1   3 3   2 2   
NWNW30646180 5 5   4 4   5 2   2 1   4 5   5 4  341341     3 2   2 1   4 5   5 4   5 4   2 1  
NWNW30652180 2 4   4 5   5 4   2 1   4 5   3 4  340330     4 4   1 1   5 5   4 5   4 4   4 2  
NWNW30667181 5 2 5 5 5 5 5 2 5 3 1 3 5 5 5 5 3 54403412440 4 3 5 1 1 3 5 3 5 5 1 5 4 1 5 1 1 1
NWNW30678180 4 4   3 3   3 3   3 2   3 3   3 2  441441     3 2   3 2   4 4   4 4   4 3   3 3  
NWNW306801804 2   4 4   1 1   3 3   4 4   5 3   440440    1 1   3 2   5 5   4 2   5 5   4 2   
NWNW30706180   3     4     2     2     3     2     321       3     2     4     5     2     4  
NWNW307191815 5 5 5 5 5 5 4 5 3 3 3 5 5 5 5 5 5 34144014404 4 4 3 3 3 5 5 5 5 4 4 5 5 5 3 3 3 
NWNW307271815 3 3 5 5 5 3 3 4 3 1 3 5 5 5 4 3 3 34144114402 2 4 3 1 3 5 5 5 5 4 4 3 3 5 4 3 4 
NWNW307431813 4 4 2 4 3 2 4 1 1 4 1 2 4 4 2 4 4 44144014402 4 1 2 4 3 3 4 3 2 4 4 3 4 5 2 4 3 
NWNW307641814 4 4 4 4 4 3 3 4 3 3 3 4 4 5 3 3 3 44044015403 4 4 3 3 3 4 4 4 3 3 4 4 4 4 3 3 3 
NWNW30770180 2 2   4 4   5 4   2 2   5 4   4 3  440341     4 3   2 2   4 3   5 3   5 3   2 3  
NWNW307881815 2 4 4 4 5 4 2 5 2 1 1 4 4 5 5 4 5 34044113413 3 4 2 2 2 4 4 5 5 3 4 4 4 5 2 2 1 
NWNW30808180 3 3   5 5   5 2   1 1   5 5   3 3  441441     4 3   1 1   5 5   5 4   5 3   1 1  
NWNW308161814 2 5 5 4 5 4 4 5 2 2 2 5 5 5 5 1 4 44154115414 3 5 2 2 2 5 4 5 3 2 5 5 2 5 2 2 2 
NWNW30829181 1 1 3 3 3 3 3 3 4 3 3 3 3 3 3 3 3 35404412331 3 5 5 3 3 3 4 4 5 3 3 3 5 5 5 3 3 3
NWNW30834181 4 3 4 4 4 5 4 4 5 3 3 3 4 4 5 4 4 43403402440 3 3 4 2 2 1 3 3 5 4 3 4 3 3 4 2 2 2
NWNW30873181 2 1 4 4 3 4 3 2 4 1 1 1 4 4 5 3 3 43413412340 4 3 4 1 1 1 2 2 2 3 3 3 3 2 4 1 2 1
NWNW308851805 5   4 4   5 3   1 2   5 4   5 3   420341    4 4   1 2   4 4   5 5   5 4   1 1   
NWNW308901801 1   2 2   1 1   3 1   5 2   1 1   441441    2 1   4 3   5 3   5 1   1 1   3 1   
NWNW309011813 1 4 3 2 4 1 1 4 1 1 3 3 2 4 4 1 4 44034014402 1 5 2 1 3 2 2 4 4 1 4 2 1 4 2 1 3 
NWNW309221815 3 5 5 4 5 3 3 5 3 3 3 3 3 4 1 3 3 34154114413 3 3 3 1 3 3 3 3 5 5 5 5 5 5 1 3 4 
NWNW309361803 1   4 4   3 3   3 4   4 3   5 4   331421    4 3   2 3   4 4   2 1   4 3   3 4   
NWNW309481804 4   4 4   5 3   1 1   4 4   5 5   441441    4 3   1 1   4 4   4 5   5 5   1 3   
NWNW309501804 4   5 5   5 5   1 1   5 5   5 4   441440    4 4   1 1   5 5   5 5   5 5   3 3   
NWNW309691814 4 4 3 3 5 4 1 4 4 4 4 3 3 5 4 4 4 44144114404 1 5 2 5 4 3 3 5 2 5 5 3 3 5 2 4 4 
NWNW309971813 1 2 4 4 3 5 3 3 2 1 3 4 5 3 2 1 2 44144014403 2 4 3 1 3 5 5 4 4 1 4 3 3 3 2 1 4 
NWNW310051815 2 4 5 3 5 4 1 3 3 1 4 5 4 5 5 2 4 34044015403 2 4 2 1 4 5 4 5 5 2 5 4 2 4 3 1 4 
NWNW31018181 5 3 3 5 4 3 3 4 3 2 2 2 5 4 4 5 3 34404402420 4 4 2 2 2 2 4 4 3 5 3 3 5 3 3 2 2 2
NWNW31026180 4 5   5 4   4 5   3 1   4 5   4 4  440441     3 4   3 1   3 3   5 5   1 3   1 3  
NWNW31032180 4 4   4 4   4 2   1 1   5 5   2 2  440440     3 3   1 1   4 4   5 5   5 4   4 2  
NWNW310441814 4 4 4 4 5 5 3 3 2 2 3 4 4 4 5 4 5 44044015204 2 3 2 2 3 4 4 4 4 3 4 4 4 3 2 2 2 
NWNW310601804 3   4 4   3 3   2 1   4 4   5 4   341540    3 3   2 1   4 4   4 4   4 2   2 1   
NWNW310711804 5   4 5   4 5   3 1   4 4   4 5   330341    4 5   1 1   4 5   4 5   4 4   1 1   
NWNW31087180 5 5   5 5   5 5   2 1   5 5   3 3  441340     3 3   1 1   5 5   5 4   5 5   4 1  
NWNW311061815 3 5 4 2 5 4 1 5 3 2 3 5 2 5 5 2 5 44144015403 1 4 3 2 2 4 3 5 5 2 5 5 1 5 3 3 3 
NWNW31119180 4 2   5 5   3 3   1 1   4 3   4 3  440440     4 2   1 1   5 4   3 3   4 2   1 1  
NWNW31127180 4 5   3 3   3 3   1 4   4 4   4 4  441440     3 1   3 3   4 4   3 2   3 5   3 1  
NWNW311311805     4     5     1     4     1     440       5     2     4     5     4     1     
NWNW31143180 3 3   4 5   4 4   4 4   5 5   1 1  440540     5 4   3 3   4 4   3 3   5 5   3 3  
NWNW311551811 1 1 5 3 4 4 3 5 2 3 1 4 3 4 5 3 5 43034114204 4 5 2 3 1 5 4 5 5 3 5 5 3 5 1 3 1 
NWNW31164180 3 3   4 4   5 3   2 2   4 4   3 3  441341     4 3   1 1   4 4   4 4   5 4   3 3  
NWNW31170181 1 3 3 2 2 4 1 3 5 5 3 5 2 3 4 3 5 54404202340 3 3 4 1 3 3 4 2 4 5 1 3 3 3 5 3 5 5
NWNW311881814 3  44 4  45 4  44 3  34 4  43 3  344144124415 5  52 2  23 3  34 4  43 3  33 3  3
NWNW31192181 2 4 4 3 5 5 1 4 4 3 1 1 4 5 5 4 5 54403402320 3 2 3 1 1 2 5 4 4 2 5 5 5 5 4 2 1 1
NWNW312121812 5 5 5 5 5 4 5 4 1 2 1 5 5 5 4 5 4 34044014204 4 3 2 2 2 5 5 5 4 5 4 5 5 4 2 3 4 
NWNW31220181 4 3 5 5 4 5 4 4 5 2 2 1 5 4 5 5 3 54404402340 4 3 5 2 2 1 5 4 5 5 5 5 5 5 5 2 1 2
NWNW31245180 3 1   5 5   3 1   1 1   5 5   3 1  440330     2 2   1 1   5 5   5 3   3 3   1 1  
NWNW31253180 3 3   4 4   4 3   3 3   4 4   3 3  341340     4 3   2 2   4 4   4 4   4 3   3 3  
NWNW312771801 5   3 5   1 2   1 3   4 5   3 4   411440    2 3   1 3   4 5   2 5   1 4   1 3   
NWNW312991804 3   4 4   1 1   2 2   4 4   4 3   440440    1 1   1 1   4 4   2 2   1 1   2 2   
NWNW313011814 1 5 4 3 4 4 2 5 1 1 1 5 3 4 4 1 4 54024013404 2 3 1 1 1 5 2 5 5 1 4 4 3 5 1 3 3 
NWNW31322181 4 5 5 5 5 5 5 4 5 3 3 2 5 5 5 5 3 53404412441 4 3 4 3 2 1 5 5 5 4 4 5 5 4 5 3 2 1
NWNW313361814 4 5 5 4 5 3 3 5 2 2 3 5 5 5 5 3 5 43034013404 4 4 2 2 3 4 4 5 5 4 4 5 5 5 2 2 3 
NWNW313481815 3 3 3 1 3 2 1 2 2 1 3 3 1 3 3 1 3 44054014402 1 4 2 1 4 3 1 3 5 1 3 2 1 3 3 1 4 
NWNW313501813 3 5 4 4 3 3 3 3 1 2 5 4 4 3 5 2 5 44044114413 3 4 2 1 5 4 3 4 5 3 5 5 5 5 1 2 5 
NWNW313691813 3 5 4 4 5 3 2 5 2 2 3 4 4 5 3 3 5 51044015404 4 3 2 2 3 4 5 5 3 4 5 3 3 5 2 2 3 
NWNW31375181 3 1 3 5 5 5 4 3 5 3 3 4 5 4 4 4 1 44403402340 4 3 5 1 3 4 4 4 4 5 3 3 4 3 5 4 4 4
NWNW31397181 2 3 5 4 3 5 3 2 5 1 1 1 4 3 5 3 3 43414402341 3 2 4 1 1 1 4 3 5 4 4 5 3 2 5 1 1 1
NWNW31403181     5     4     5     3     4     5440   2430 1   5     3     4     5     5     3
NWNW314241804 4   4 4   4 4   2 3   4 4   5 3   441440    4 3   2 2   4 4   4 4   4 3   2 3   
NWNW31439181 1 1 5 4 2 5 3 4 5 1 1 1 4 4 5 1 1 54404402440 3 2 4 2 1 1 4 2 5 2 2 5 3 1 5 1 1 1
NWNW314461804 3   4 4   3 3   2 1   4 4   3 5   340340    3 2   2 2   4 4   5 5   3 2   3 3   
NWNW31467180 2 1   4 3   3 1   3 1   4 4   3 3  441441     2 1   2 1   4 4   5 1   4 1   3 3  
NWNW31478181 3 1 4 4 3 3 3 1 3 2 1 3 4 3 4 4 1 34414402341 4 2 5 2 1 2 4 3 3 4 2 4 4 2 5 3 1 4
NWNW314801805 5   5 5   5 5   3 3   5 5   5 3   340540    5 5   3 1   5 5   5 5   5 3   3 1   
NWNW314951813 3 4 5 5 5 5 3 5 1 1 1 5 5 5 3 3 3 44144114413 3 3 1 1 1 5 5 5 4 5 5 4 4 5 3 3 3 
NWNW32033180 3 3   4 4   5 4   1 1   5 5   4 3  341341     4 4   1 1   4 4   4 4   4 4   2 2  
NWNW320581805 3   5 5   4 3   2 1   5 4   5 3   440440    3 3   2 1   4 4   5 3   3 3   2 1   
NWNW32061180 3 5   3 5   4 4   2 5   3 4   5 2  440320     3 4   2 3   3 4   5 2   2 5   3 5  
NWNW32072180 2 4   5 5   4 3   1 1   4 4   4 3  440441     3 3   2 2   3 3   4 4   3 3   2 2  
NWNW32086181 3 1 5 5 4 5 3 2 5 1 3 3 5 4 5 3 1 54404402331 3 3 4 2 2 2 5 4 5 5 2 5 4 2 5 2 4 2
NWNW320941815 5 3 4 4 4 3 3 3 1 1 4 4 4 3 5 5 4 34134114302 3 4 1 1 4 4 4 3 5 5 4 3 3 5 1 1 4 
NWNW32118181 4 2 5 4 4 4 4 2 5 1 1 2 4 4 4 4 2 53313412341 4 3 4 1 1 1 4 4 4 5 4 4 5 2 5 2 1 2
NWNW321441803 1   4 3   3 1   1 1   4 3   3 1   341421    3 1   1 1   5 3   3 1   4 3   1 1   
NWNW321601802 2   4 4   2 2   1 1   4 4   1 1   341441    3 3   1 1   4 4   3 3   4 4   1 1   
NWNW321711815 3 5 4 4 5 2 2 5 1 3 3 5 4 5 5 3 5 44044014402 3 5 2 4 2 5 4 5 5 3 5 3 3 5 1 2 1 
NWNW322001805 2   4 4   3 2   1 1   4 4   3 2   240341    4 3   1 2   4 3   4 4   4 3   2 2   
NWNW32213181 3 3 1 5 5 5 3 3 4 1 3 4 4 4 4 3 3 44404402440 2 2 4 1 2 3 4 4 5 4 4 5 5 3 4 3 3 3
NWNW32249180 3 2   4 4   4 2   3 1   4 4   3 1  440440     3 2   2 2   4 4   3 2   3 2   3 2  
NWNW32265180 4 2   2 2   5 1   4 1   4 4   1 1  341340     3 1   2 2   4 4   5 3   4 4   5 1  
NWNW32276181 4 4 4 5 5 5 5 4 5 1 1 2 5 5 5 4 4 53413402440 3 3 4 2 2 2 5 5 5 5 4 5 5 4 5 1 1 1
NWNW322981805 4   5 5   5 4   1 1   5 5   5 4   341441    4 3   1 1   5 5   5 4   5 4   1 1   
NWNW32302181 4 3 5 5 4 5 3 3 4 2 2 2 5 4 5 4 3 53403412341 4 2 4 2 2 2 4 4 5 4 3 5 4 3 4 2 3 3
NWNW323351804 4   5 5   5 4   1 1   5 5   5 4   441441    4 2   1 1   5 5   5 4   5 4   2 1   
NWNW32347180 3 3   4 4   4 4   3 3   3 3   3 4  340440     4 4   3 4   4 2   4 4   4 4   3 3  
NWNW32368180 5 2   5 4   4 4   2 2   5 4   5 2  340341     3 3   1 3   5 4   5 3   4 4   2 4  
NWNW323841814 3 5 4 4 5 3 4 5 3 2 3 4 4 5 5 3 5 34134113414 3 5 3 1 3 4 4 4 5 2 5 5 5 5 4 3 4 
NWNW324121805 5   4 4   2 4   2 1   4 5   3 4   341341    4 4   3 2   4 4   4 5   4 4   3 2   
NWNW324381805 4   5 5   4 3   2 3   5 4   5 4   441440    5 3   1 3   5 4   5 4   4 4   2 3   
NWNW32445180 3 3   4 3   5 3   3 3   5 4   3 3  430441     4 3   2 2   5 4   5 4   5 3   3 5  
NWNW32453180 3 3   4 4   3 2   1 1   4 4   3 3  440340     2 3   2 5   4 3   3 3   2 2   2 2  
NWNW324661815   5 2   4 3   2 2   1 3   4 5   5 440   15203   4 2   2 2   4 4   5 3   3 3   2 
NWNW32481181 2   4 4   4 4   5 2   1 5   4 1   2340   2340 4   4 2   1 4   5 5   5 5   5 2   2
NWNW325071813 1  22 3  31 2  33 1  52 3  33 1  334054023301 3  43 1  51 3  32 1  41 1  52 2  4
NWNW325151805 3   4 4   4 4   3 2   4 4   4 2   440540    4 4   3 2   3 4   5 5   4 4   4 2   
NWNW32528180 1 1   5 5   1 4   1 1   5 5   5 5  531431     4 4   1 1   5 5   5 5   2 5   2 2  
NWNW325301814 3 4 3 5 5 4 3 5 1 1 1 5 5 5 5 4 4 44144113413 3 3 2 1 1 5 5 5 5 4 5 4 3 5 1 1 1 
NWNW325561805 3   4 4   2 2   3 1   4 5   3 4   441441    2 2   2 1   4 5   4 4   2 2   3 2   
NWNW32591180 3 3   3 3   3 3   3 3   5 5   3 3  340440     3 3   3 3   4 4   3 1   4 3   2 3  
NWNW326081805 3   4 4   3 3   1 2   5 5   5 4   440440    3 3   1 3   4 4   5 3   4 3   3 3   
NWNW326291805 5   5 4   5 3   2 2   5 5   5 4   340540    4 4   3 2   5 4   5 5   5 3   3 3   
NWNW326411814 4 5 4 4 4 4 4 4 2 2 3 3 4 4 4 5 5 44144014415 2 2 2 2 3 4 4 4 4 4 5 4 4 5 3 3 3 
NWNW32673180 1 4   4 4   1 5   1 1   4 5        341341     2 3   2 1   5 5   5 5   2 4   1 2  
NWNW326851804 5   5 5   3 2   1 2   5 5   3 5   441421    3 2   1 1   5 5   5 5   3 2   3 3   
NWNW32701181 1 4 5 1 4 5 1 4 5 5 2 1 1 5 5 1 4 54404402440 1 4 5 5 1 2 1 5 5 1 5 5 1 5 5 5 3 2
NWNW32750181 2 3 5 4 4 5 3 5 5 2 1 1 4 4 4 1 4 53403402340 4 4 5 2 1 1 4 4 5 4 2 5 5 5 5 3 3 2
NWNW327691802 2   4 3   2 1   4 2   4 4   1 1   340341    2 1   1 1   5 4   5 3   3 1   4 3   
NWNW327751804 3   4 5   3 3   2 1   4 4   4 3   441541    5 4   2 1   4 5   4 4   3 3   1 1   
NWNW327831815   3 4   4 5   1 3   1 4   5 5   3 441   15205   1 3   1 5   4 5   5 5   1 3   1 
NWNW327971813 5 5 4 5 5 3 2 3 2 3 3 5 3 4 5 5 5 42144014414 3 4 2 3 4 5 4 5 5 3 4 5 4 5 3 2 3 
NWNW328031814 2 4 3 3 4 4 2 4 2 2 2 4 3 4 4 2 4 34044115404 1 5 2 2 2 4 4 4 4 2 5 4 2 4 2 2 2 
NWNW32811180 4 3   5 2   4 3   4 3   5 3   5 3  340440     4 2   5 3   4 3   4 3   5 3   4 3  
NWNW32824180 2 1   3 2   4 1   3 1   4 2   2 1  340340     3 1   2 2   4 3   3 1   3 2   4 1  
NWNW32839180 4 5   4 4   4 3   3 1   4 4   4 5  440440     4 2   3 1   4 4   4 5   5 4   4 1  
NWNW328461805 5   4 4   3 3   2 2   4 4   4 5   441541    3 3   3 1   4 4   5 5   3 3   2 4   
NWNW328671805 3   5 5   4 3   1 1   5 5   5 3   441441    4 2   1 1   5 4   5 3   4 4   1 1   
NWNW32878181 3 4 5 4 4 4 3 3 4 1 1 2 4 4 5 2 2 44403412341 3 2 4 1 2 2 4 4 5 3 3 4 3 2 4 2 2 2
NWNW32895180 3 2   4 3   5 3   1 3   5 4   3 2  441440     4 3   2 3   5 3   5 3   4 3   1 2  
NWNW32906180 4 4   5 5   5 5   1 1   5 5   5 4  341341     3 2   1 1   5 5   5 4   5 5   1 2  
NWNW32919181 4 2 5 4 4 5 2 1 5 3 5 3 3 3 4 1 1 54403402440 3 2 4 2 2 3 3 3 5 3 2 5 1 1 5 4 5 3
NWNW329431814 2 5 4 4 4 4 2 5 2 1 2 4 4 4 3 2 4 44044013403 2 4 3 2 3 4 4 4 4 3 5 5 3 5 2 2 3 
NWNW329551803     3     3     3     3     3     440       4     3     3     3     3     3     
NWNW33027180 4 5   5 5   4 4   2 1   5 5   5 5  441441     4 3   2 2   5 5   5 5   5 4   3 1  
NWNW33031181 5 2 4 5 3 4 5 2 4 3 1 1 5 2 5 4 2 53414412331 5 2 3 2 1 1 5 4 5 5 2 5 4 2 4 2 2 2
NWNW33043181 5 5 3 5 4 3 5 5 5 1 1 1 5 3 4 5 4 54414402410 3 3 4 1 1 1 4 4 4 5 5 5 4 4 4 1 1 3
NWNW330641815 5 4 1 4 3 4 2 2 4 2 2 3 4 3 5 5 4 44054015404 3 3 4 2 3 2 5 3 4 5 4 5 5 4 4 2 2 
NWNW330701815 3 5 4 1 4 3 3 3 4 3 3 4 4 4 5 3 5 54044014403 3 5 4 3 4 5 4 4 5 3 5 5 5 5 5 5 3 
NWNW330881812 2 1 5 5 3 3 1 3 1 1 3 5 2 2 3 3 3 34134114403 1 2 1 3 3 4 4 2 3 3 2 3 3 2 2 1 5 
NWNW331071814 1 5 4 2 4 4 1 4 1 1 2 5 3 5 3 1 3 44044014403 2 4 1 1 2 5 3 5 5 1 5 4 2 4 2 1 2 
NWNW33115180 1 1   5 5   5 5   3 3   5 5   1 1  440440     5 5   3 3   5 5   5 3   3 3   3 3  
NWNW344891805 4   5 5   5 4   1 1   5 4   5 4   540540    5 3   1 1   5 5   5 4   5 5   2 1   
NWNW345041805 3   4 4   3 3   3 3   4 4   5 3   341341    2 2   3 3   4 4   5 3   3 3   3 3   
SOSO100341815 1 5 5 3 5 4 1 5 1 1 1 5 3 5 5 1 5 44042114403 1 4 1 1 1 5 4 5 5 1 5 5 1 5 1 1 1 
SOSO100411803 4   4 4   5 4   3 4   4 3   4 5   441540    4 3   2 2   4 5   3 4   4 3   3 3   
SOSO10125180 3 4   5 5   4 4   1 1   5 5   3 4  440440     3 3   1 1   5 4   3 4   4 4   1 1  
SOSO101331804 2   4 4   3 2   2 2   4 3   4 2   440440    4 2   4 3   4 2   4 2   3 2   2 3   
SOSO101941803 1   4 4   1 1   3 4   3 3   3 3   440441    2 1   1 1   2 2   5 5   1 1   1 1   
SOSO10201181 4 4 5 3 3 5 4 2 4 3 1 3 3 3 4 4 2 45404402540 2 3 3 2 3 3 3 3 4 4 4 5 2 2 3 4 1 4
SOSO102221803 2   3 3   3 3   2 2   2 2   3 3   440440    2 2   3 2   4 4   3 4   2 2   4 2   
SOSO10236180 4 4   4 3   4 3   2 3   4 3   4 3  340340     4 3   3 3   4 3   4 3   4 3   2 4  
SOSO10248181 4 4 5 4 4 5 3 3 4 1 1 2 4 4 5 3 3 44404402440 3 4 4 1 1 2 3 3 4 2 2 4 4 4 4 2 2 2
SOSO102501805 3   3 3   1 1   1 1   5 5   5 5   331341    1 1   1 1   3 4   4 4   2 2   1 2   
SOSO10275181 3 1 4 4 2 5 4 1 5 2 1 4 4 2 4 4 1 54414412441 4 2 5 2 1 3 4 2 4 3 1 4 3 1 5 2 1 4
SOSO103031815 5 5 5 5 5 4 4 5 1 1 4 5 5 4 5 5 5 44044014404 3 5 1 1 3 5 4 5 5 4 5 5 3 5 1 1 3 
SOSO103111814 2 4 4 4 5 3 2 5 1 2 3 4 4 4 5 3 3 44044015202 2 4 1 1 3 5 3 5 5 2 4 4 4 4 3 3 3 
SOSO103461805 1   4 4   5 3   3 1   5 4   5 1   341441    4 3   2 1   4 4   3 1   5 5   3 2   
SOSO103671814 1 3 4 4 3 3 2 3 3 1 4 4 4 3 3 1 2 44133114414 3 5 2 1 4 4 4 3 4 2 4 4 4 4 2 2 4 
SOSO10378180 2 3   3 3   4 3   4 2   4 4   3 3  440440     3 2   3 3   4 3   1 2   3 3   3 3  
SOSO10395181 5 1 4 4 4 5 4 2 5 4 1 4 5 4 5 5 2 44414402440 4 3 5 4 1 3 5 4 5 5 3 5 5 5 5 2 2 2
SOSO10400180 3 1   4 4   3 1   1 1   5 4   3 1  341330     3 2   1 1   5 4   3 2   3 2   1 1  
SOSO104131813 1 1 4 3 4 2 1 4 1 1 2 4 4 4 4 1 1 33144015304 2 3 2 1 3 3 3 3 3 1 3 2 1 3 2 1 2 
SOSO104211804 2   4 4   4 4   2 4   5 3   3 2   440541    4 3   2 3   4 3   4 2   5 5   3 3   
SOSO104371815 3 3 5 5 5 3 3 3 1 3 5 5 5 4 5 3 4 44144014405 5 5 2 1 3 5 5 4 5 3 5 5 3 5 3 3 3 
SOSO104491804 3   5 5   4 3   3 4   5 5   5 5   441441    5 2   1 1   5 5   5 3   3 2   3 5   
SOSO104541804 3   5 4   5 3   1 1   5 4   5 3   440540    4 3   3 2   5 4   5 5   5 5   2 3   
SOSO104761804 4   3 4   2 5   3 3   3 4   4 5   441441    3 5   3 3   3 4   4 5   4 5   2 3   
SOSO104981805 2   4 5   3 3   4 1   4 5   5 2   340330    4 4   3 2   4 5   5 4   5 5   3 1   
SOSO105191815 5 5 5 5 4 4 3 5 1 1 3 5 5 5 4 4 5 33044015404 3 5 2 3 4 5 4 5 5 4 5 4 4 5 2 2 3 
SOSO105311815 4 5 4 3 5 4 2 4 3 2 2 2 3 4 3 3 4 44031014403 2 4 2 3 4 3 3 5 4 4 5 3 2 5 4 2 3 
SOSO105431813 3 4 3 2 4 2 4 1 3 4 4 4 3 2 2 3 5 54054015404 2 3 3 2 4 3 3 4 5 4 3 2 2 4 3 3 3 
SOSO105551815 1 4 4 1 4 4 1 4 1 1 3 3 1 4 5 1 4 44041015202   5       4 2 4 5 1 4 2 1 3 1 1 4 
SOSO10570181 2 3 5 4 4 5 2 2 5 1 1 1 4 4 5 2 2 54414412441 2 3 4 1 2 2 4 4 5 3 2 5 5 4 4 1 2 2
SOSO10592180 3 3   4 4   4 3   1 1   4 4   5 3  441441     4 3   1 1   4 4   5 2   5 3   3 3  
SOSO106071803 2   5 5   3 4   1 1   5 5   4 4   440340    3 5   1 1   5 5   3 3   4 4   1 1   
SOSO10615181 4 4 4 3 4 5 4 3 5 1 1 1 5 5 5 4 4 45404402440 3 3 3 1 1 1 5 5 5 5 2 5 4 3 4 1 1 1
SOSO10628180 3 1   3 3   4 2   1 1   4 3   3 1  440430     3 2   1 1   3 3   4 1   3 3   1 1  
SOSO106301814 1 4 4 4 4 3 4 3 1 1 3 4 4 4 4 1 4 44054015403 2 3 3 1 3 4 4 4 4 3 5 3 2 4 2 2 3 
SOSO10642181 2 3 4 5 5 4 3 2 2 2 2 3 5 5 4 2 3 33403412421 3 2 4 2 2 3 5 5 3 4 4 4 2 3 4 2 3 4
SOSO106561814 5 5 4 3 4 5 3 5 1 4 3 4 3 4 5 1 3 34144014305 2 4 2 2 3 4 3 4 4 4 3 4 3 5 1 5 2 
SOSO106741815 1 1 4 2 4 5 1 4 3 1 4 4 3 4 5 1 4 44034014404 1 4 3 1 4 4 3 4 5 1 3 3 1 3 3 1 4 
SOSO106891805 2   4 4   3 1   1 1   5 5   5 3   441441    4 3   3 1   5 4   5 3   4 1   3 3   
SOSO107231804 2   4 4   2 2   3 3   4 4   4 2   440440    3 3   2 2   4 4   3 2   4 3   3 2   
SOSO10735180 3 3   3 2   2 2   3 2   3 3   2 2  441341     3 3   3 2   3 3   3 3   3 2   4 2  
SOSO10779180 3 1   4 2   3 1   2 1   4 2   3 1  340340     3 2   1 3   4 2   3 2   4 2   4 3  
SOSO10784180 2 4   5 5   5 2   5 2   5 5   2 2  540440     4 2   1 3   5 5   2 3   5 3   3 3  
SOSO10796180 1 3   2 2   1 3   1 1   2 4   1 3  421340     2 3   1 1   5 5   1 3   3 2   1 3  
SOSO108041814 2 4 4 3 4 4 2 5 2 2 2 4 4 4 5 4 5 44044015404 3 5 2 1 2 4 4 4 5 4 4 5 3 3 1 2 2 
SOSO108381803 4   3 5   3 5   1 2   3 4   3 5   440540    2 4   1 2   3 5   3 5   2 5   1 2   
SOSO108451802 3   4 2   2 2   3 1   2 2   2 3   440440    1 1   1 1   2 1   2 2   1 1   4 2   
SOSO10853181 2 2 2 2 1 3 3 2 4 3 3 4 2 3 2 3 2 24404302440 2 2 4 3 2 3 3 2 2 2 3 4 2 3 3 3 2 4
SOSO108811803 2   4 4   5 5   1 1   5 5   3 3   431421    4 3   2 2   4 4   5 4   4 3   2 2   
SOSO109051813 1 5 5 3 4 4 3 4 3 5 3 5 4 5 3 1 4 54044015404 3 2 3 4 3 5 3 5 3 1 4 4 4 5 3 4 3 
SOSO10918181 5 1 1 4 2 4 5 1 5 1 1 1 4 3 4 5 1 11413402440 4 1 2 1 1 1 5 4 5 5 1 1 5 1 1 1 1 1
SOSO10959180 1 1   5 5   4 2   1 1   5 5   1 1  440440     3 2   1 1   4 5   2 4   1 1   1 1  
SOSO109931814 5 3 4 4 5 2 2 3 1 1 3 4 4 5 5 5 5 34144114303 3 4 2 1 2 3 4 4 5 5 5 4 4 5 3 2 3 
SOSO11001180 1 1   4 4   2 1   2 1   4 4   2 1  530440     2 1   1 1   4 4   2 2   2 1   2 1  
SOSO110501813 2 4 4 4 4 3 2 4 2 1 3 4 4 5 3 1 5 44144014412 1 4 2 1 3 3 3 4 4 1 5 4 2 4 2 2 3 
SOSO11102181 5 4 5 5 5 3 4 3 4 1 3 5 5 5 3 5 4 54404412440 5 4 3 1 1 3 5 5 3 5 3 5 5 4 5 1 1 3
SOSO11110181 3 3 5 4 4 4 3 3 5 3 2 3 4 4 4 4 4 44414412341 3 3 4 2 2 3 4 4 4 4 3 5 3 3 4 2 2 3
SOSO11123181 1 2 5 3 3 4 4 1 5 3 3 2 4 4 5 1 1 54403412321 4 2 4 3 3 3 4 2 4 4 1 3 4 3 4 3 4 3
SOSO111351815 3 1 5 3 4 5 3 2 3 3 4 5 3 4 5 1 5 34144115404 3 4 2 1 4 5 4 4 5 3 4 3 5 4 1 1 4 
SOSO11147180 3 5   3 4   4 2   4 1   3 4   1 5  440440     3 2   4 1   3 4   5 5   3 2   5 1  
SOSO111511814 3 5 5 4 5 3 1 5 1 1 2 5 4 5 2 1 4 44044014404 2 4 2 2 3 5 3 5 5 3 4 4 1 4 2 2 3 
SOSO11196180 1 1   5 5   5 5   5 5   5 5   4 1  340440     4 2   1 1   5 5   5 4   4 2   4 4  
SOSO112081804 3   5 3   4 2   1 1   5 4   3 3   441541    5 4   1 1   5 3   4 3   4 3   2 3   
SOSO11216180 3 3   3 3   3 3   2 1   3 3   4 2  440440     3 2   4 3   3 3   4 3   2 4   4 2  
SOSO112291805 1   5 3   5 1   1 3   5 3   5 1   441440    4 2   2 4   4 3   5 2   3 5   2 4   
SOSO11234181 5 1 1 5 2 4 5 1 3 2 3 2 5 2 3 5 1 14403402320 4 1 3 2 3 2 5 3 4 5 1 2 5 1 3 1 2 2
SOSO112411803 5   5 5   2 2   1 1   5 5   3 1   441441    3 3   1 1   5 4   4 5   3 5   2 1   
SOSO112571812 1 5 3 2 4 2 1 5 1 1 2 3 3 5 2 1 5 44154115403 2 4 2 1 2 4 4 5 3 2 5 2 2 5 2 2 2 
SOSO11262180 3 3   5 4   5 4   2 2   5 5   3 3  441441     5 3   2 1   4 4   4 3   4 4   2 1  
SOSO112731813 1 3 4 4 4 3 3 3 2 2 1 4 4 4 3 1 3 54044014303 2 3 2 3 1 4 4 4 4 3 3 4 3 4 2 2 1 
SOSO11290180 3 1   3 2   3 3   2 2   3 3   3 2  440440     2 2   3 2   3 2   3 1   4 2   2 3  
SOSO113051815 4 4 4 4 3 5 2 4 1 1 5 4 4 3 5 4 5 43144014414 2 4 2 1 5 4 4 4 4 4 4 5 2 4 1 1 5 
SOSO11318180 5 2   4 3   5 3   3 3   5 4   4 3  440440     4 3   4 2   5 3   4 3   5 3   4 2  
SOSO11326181 1 4 1 4 5 5 4 5 2 4 1 5 5 5 5 1 4 54414402441 5 5 3 1 5 2 5 5 5 5 5 1 5 4 2 1 4 5
SOSO11344180 4 3   4 4   5 1   1 3   4 4   4 4  440330     3 1   1 3   4 4   5 1   1 1   5 1  
SOSO11359180 4 2   4 4   5 4   2 4   4 4   4 2  441341     4 3   2 4   4 4   5 3   5 2   2 5  
SOSO113871814 3 3 4 4 3 3 2 4 2 2 3 4 4 4 5 3 3 54054015405 3 4 2 2 2 4 3 3 5 2 2 4 3 4 2 2 3 
SOSO11393180 2 1   4 4   4 3   2 2   4 4   3 2  441341     3 3   2 1   4 4   3 2   4 3   3 2  
SOSO114071815 1 4 5 5 5 3 1 2 1 1 3 5 2 5 5 1 4 24054014414 1 4 3 3 3 5 5 5 5 1 2 5 1 5 3 1 3 
SOSO114151804 1   4 3   3 1   3 3   4 3   4 2   440531    3 2   2 3   4 3   4 2   3 2   3 4   
SOSO11430180 1 1   4 4   3 2   2 3   4 4   3 1  440440     3 2   1 3   4 4   2 2   3 2   1 3  
SOSO11442180 5 2   4 4   4 2   2 2   5 4   5 3  540441     5 3   2 1   4 4   5 3   5 4   3 3  
SOSO114741804 2   4 3   3 2   3 3   4 4   3 2   440440    3 2   3 2   4 2   4 3   3 2   2 3   
SOSO11491180 2 4   3 2   4 5   3 2   3 3   3 3  431431     2 4   3 2   3 3   3 4   2 4   3 3  
SOSO115041815 2 3 4 4 4 4 2 5 2 2 4 4 4 3 5 2 2 34044015404 2 4 3 2 4 3 3 4 5 2 3 4 3 4 4 2 5 
SOSO115201803 1   3 2   3 2   2 3   4 3   3 3   331431    3 2   3 3   3 3   3 3   3 2   2 2   
SOSO11538180 1 3   4 4   3 1   3 3   4 3   1 3  441340     4 1   3 5   5 4   5 3   4 1   3 1  
SOSO11553180 1 3   3 5   2 4   2 3   3 4   1 3  441440     3 4   4 2   2 4   3 4   2 4   4 2  
SOSO115771805 3   5 4   5 4   1 2   5 5   5 2   440440    3 3   1 1   5 5   5 3   4 4   2 1   
SOSO115811803 2   4 4   4 2   2 2   4 4   3 1   440440    2 2   2 2   2 2   4 2   3 2   2 2   
SOSO11599181 2 3 5 3 3 4 3 2 5 1 3 3 3 3 4 2 2 43413412341 3 3 4 2 2 3 4 4 4 3 4 5 4 4 4 2 3 4
SOSO11600180 1 3   2 4   1 1   3 3   1 2   5 3  241341     4 2   3 4   2 2   5 3   1 3   5 5  
SOSO11613181 2 3 4 4 4 4 3 3 5 2 2 3 4 4 4 2 2 55405402530 3 3 5 3 2 3 4 4 4 3 5 5 2 2 4 1 2 3
SOSO116211803 2   4 4   4 2   1 4   4 4   4 2   440340    3 3   2 4   4 4   5 4   4 4   2 3   
SOSO116371803 5   3 3   3 3   2 4   3 3   4 4   441540    2 3   2 3   3 4   4 4   4 4   3 5   
SOSO116491815 3 4 4 4 4 5 2 4 1 1 4 4 4 4 5 3 4 44054015404 2 4 3 1 4 4 4 4 4 3 2 4 2 4 3 3 5 
SOSO11654180 1 3   5 5   3 1   1 1   5 5   1 3  440330     3 3   2 1   5 5   3 4   3 3   2 3  
SOSO116651811 1 3 3 3 4 1 1 5 1 1 1 3 4 4 3 1 5 52054014202 3 4 1 3 1 3 3 4 3 1 5 3 3 5 1 5 1 
SOSO11676180 1 1   2 2   3 3   5 5   3 2   1 1  441341     2 2   5 5   2 2   1 1   3 3   3 3  
SOSO11682181 3 3 3 4 4 4 3 3 3 3 3 3 4 4 4 3 3 34404402440 3 2 4 2 2 3 4 4 4 3 3 2 3 3 4 3 3 4
SOSO11717180 1 3   3 4   1 1   1 3   3 4   1 3  431531     4 3   4 3   4 3   4 3   3 4   3 2  
SOSO117581805 3   3 3   5 1   1 1   4 4   5 3   440341    2 2   1 1   4 5   5 4   4 4   3 3   
SOSO117721811 1 3 4 3 5 4 1 4 1 4 3 4 1 4 3 1 1 54054015404 3 5 1 5 2 4 3 5 5 1 3 4 1 4 2 5 3 
SOSO117861805 3   5 5   3 3   3 2   5 5   5 3   441440    4 2   5 5   5 5   5 2   5 5   3 3   
SOSO11794180 1 3   3 3   3 2   1 2   3 4   1 4  440440     2 3   1 1   3 4   3 5   2 4   3 3  
SOSO11806180 3 2   4 4   3 3   2 1   4 4   3 1  441440     3 2   1 2   4 4   3 2   3 3   2 1  
SOSO118191804 3   5 5   4 1   1 1   5 5   3 3   440441    3 1   1 1   5 4   4 4   4 4   1 1   
SOSO118701815 5 5 5 5 4 3 3 3 1 1 1 5 5 5 5 5 5 34134114303 3 4 1 1 2 5 5 4 5 5 5 5 5 5 1 1 1 
SOSO118881815 3 4 5 5 5 4 3 4 1 3 3 5 4 5 5 3 5 44044015414 3 5 1 3 3 5 5 5 4 3 4 4 3 5 1 3 3 
SOSO118921813 3 3 5 5 5 3 3 5 3 3 1 5 5 5 3 3 3 34144113413 4 4 3 3 1 5 5 5 3 5 5 3 3 5 3 3 3 
SOSO119111804 5   5 3   5 4   2 4   3 3   3 4   530540    4 4   2 3   4 4   5 4   4 5   2 4   
SOSO11924181 3 3 3 3 3 3 3 2 3 2 3 4 4 4 4 3 2 44403402340 3 2 5 1 2 4 4 3 4 4 2 3 4 2 4 1 3 5
SOSO119391815 3 1 5 5 3 4 2 1 4 5 5 5 5 2 5 4 3 34144013205 4 4 4 1 5 5 5 3 5 4 2 5 5 3 4 5 5 
SOSO119461804 2   5 5   3 2   2 2   5 4   4 2   441440    4 2   2 2   5 5   4 3   3 2   2 2   
SOSO11952181 5 2 5 5 2 4 4 2 5 2 4 1 5 2 4 5 2 54414412341 3 2 4 1 2 1 4 3 4 5 2 5 4 2 4 1 2 1
SOSO11967181 2 2 5 4 4 4 5 2 5 2 2 3 4 4 4 5 4 43405402440 4 2 5 3 3 4 4 4 5 5 5 5 4 4 4 3 3 2
SOSO119781813 2 5 4 4 5 4 3 4 2 3 2 5 4 5 4 3 5 44144113413 2 4 2 3 2 4 4 5 4 3 4 4 3 4 3 2 3 
SOSO119801815 5 4 5 5 4 3 3 5 1 1 2 5 5 5 5 4 4 34144115403 2 4 2 1 4 4 4 4 5 5 5 5 4 5 2 1 1 
SOSO119951805 1   5 3   5 3   2 3   5 3   5 1   441441    4 2   1 3   4 3   4 1   5 3   1 3   
SOSO120131805 5   5 5   5 5   1 4   5 5   4 4   441441    5 4   1 4   5 4   5 5   4 5   1 4   
SOSO120371815 4 5 5 4 2 2 3 5 1 1 4 5 5 3 5 5 2 44044015203 2 4 2 2 4 5 5 4 5 3 2 4 3 5 2 1 5 
SOSO120541814 4 5 4 3 5 4 2 5 1 2 4 3 3 4 4 4 5 42134114413 3 4 1 3 2 3 4 5 5 5 5 4 3 5 1 4 2 
SOSO12076180 3 2   5 5   4 2   3 1   5 5   3 3  441340     4 3   3 1   5 5   4 4   5 3   3 3  
SOSO120821813 3 3 4 4 4 5 2 5 3 3 3 4 4 4 3 1 3 44044014414 2 4 3 3 3 4 4 4 4 3 5 4 4 4 3 3 3 
SOSO12098181 2 2 4 3 2 3 3 3 3 2 2 2 3 3 3 3 3 34403202320 3 2 3 3 2 3 3 3 3 3 3 4 5 3 5 3 3 2
SOSO12114180 2 3   4 4   5 3   1 1   5 5   2 3  440440     4 2   1 1   5 4   2 3   4 2   1 1  
SOSO121221805 3   5 3   4 2   2 5   5 5   5 3   540440    3 4   3 4   5 4   5 3   4 3   3 2   
SOSO12150181 1 3 1 4 4 4 4 3 3 4 1 3 5 4 3 1 3 14415412530 3 3 3 3 1 1 3 4 4 1 3 1 3 4 4 4 1 3
SOSO121691815 2 4 5 4 5 4 2 5 1 2 4 5 5 5 5 2 4 44144014414 3 4 2 2 3 4 2 5 5 2 5 4 2 5 2 2 4 
SOSO12175180 1 2   5 5   5 3   4 2   5 5   2 2  341341     2 2   4 2   5 5   2 2   5 3   3 1  
SOSO12197181 3 1 3 3 3 5 3 3 3 3 3 4 4 4 4 3 3 34403402440 2 2 4 3 3 5 3 3 5 4 3 5 3 3 5 3 2 3
SOSO12209180 4 4   4 4   4 4   1 1   5 5   4 3  331340     3 2   1 1   4 4   5 5   4 4   1 1  
SOSO122171805 5   5 5   3 5   1 3   5 4   5 5   441540    3 3   1 2   5 4   5 5   5 5   1 3   
SOSO122251814 3 3 4 4 4 4 3 4 2 4 3 3 3 4 4 4 4 34144014404 2 4 2 3 3 4 4 4 4 4 4 4 4 4 2 3 3 
SOSO122401814 3 5 4 4 4 3 2 4 2 2 2 4 4 4 3 1 2 24044013414 3 4 3 3 3 4 4 5 3 3 4 4 3 5 3 3 3 
SOSO122611813 3 3 4 2 3 1 1 3 1 1 4 4 3 3 5 1 1 34134113202 1 4 1 3 5 4 2 3 3 3 3 3 1 5 1 1 3 
SOSO122721805 2   5 3   4 4   4 4   4 4   5 4   441541    4 3   3 2   5 3   5 2   4 2   2 4   
SOSO12294181 1 3 4 4 4 5 4 3 5 5 4 5 4 4 5 3 2 44414402340 3 2 5 3 1 4 4 4 5 3 4 5 4 3 5 3 4 3
SOSO123061815 1 5 5 3 5 3 2 5 2 1 2 5 3 5 4 1 5 44144014403 2 4 2 1 2 5 3 5 5 1 5 4 2 5 2 1 2 
SOSO123191805 3   5 4   4 3   2 3   5 4   5 4   440440    3 3   1 3   5 4   5 4   4 3   2 3   
SOSO12327181 2   5 4   5 2   3 2   2 4   5 2   5441   2441 2   3 2   2 4   5 3   5 3   4 3   2
SOSO123311815 3 5 5 5 5 5 5 5 2 1 2 5 5 5 4 2 5 44044014404 3 4 1 1 2 5 5 5 5 3 5 5 5 5 3 1 3 
SOSO123431814 3 4 4 2 5 4 2 5 2 2 3 5 4 4 3 3 5 44144014413 1 4 1 1 3 4 4 4 4 2 5 3 3 5 3 3 3 
SOSO123551814 4 1 4 4 3 3 3 5 1 1 3 4 5 3 3 4 2 54054015305 2 5 1 2 3 5 5 3 3 5 1 3 3 5 1 3 3 
SOSO123641815 5 5 5 5 5 3 2 5 1 1 1 5 5 5 5 5 5 44054015403 3 4 1 2 1 5 5 5 4 5 5 5 5 5 1 1 1 
SOSO12370180 1 3   4 4   3 2   1 1   4 4   2 3  440340     2 2   1 1   4 4   2 4   2 2   3 1  
SOSO123921805 2   4 4   3 2   2 2   4 4   5 3   440540    3 2   2 1   4 4   5 3   4 2   2 2   
SOSO124161803 3   4 3   5 4   5 3   4 5   1 1   341441    4 3   3 1   3 2   3 3   5 5   3 1   
SOSO1243418125 2 45443 52552 51331 24554 52553 554054024402233 33333 24432 43232 43333 41222 2
SOSO12441180 2 2   4 4   2 3   2 2   4 4   2 2  440440     3 3   2 2   4 4   2 2   3 3   2 2  
SOSO124621805 2   5 3   4 2   4 2   5 3   5 1   340440    4 3   3 2   5 3   5 2   4 2   4 2   
SOSO12473181 1 1 4 4 2 4 4 2 5 3 1 2 4 3 5 2 1 54414412441 3 2 4 3 1 2 5 4 5 3 1 5 4 3 5 3 3 2
SOSO124901815 3 5 5 5 5 1 1 5 1 1 2 4 5 5 3 3 5 42044015202 1 5 1 1 3 4 5 5 5 2 5 5 2 5 1 1 3 
SOSO125031815 3 5 5 3 4 5 3 4 3 4 2 3 4 5 5 2 4 34034014405 3 4 3 4 3 5 3 4 5 3 5 5 3 4 3 4 3 
SOSO125391815 5 5 5 5 5 4 4 5 3 3 4 5 5 5 5 5 5 44044014403 3 4 3 3 4 5 5 5 5 5 5 3 3 5 3 3 4 
SOSO125521805 3   4 4   4 2   2 2   4 4   5 2   441331    3 4   2 2   5 3   5 2   4 4   2 2   
SOSO125671804 1   3 3   3 1   1 2   4 3   4 2   440540    2 1   1 1   3 3   4 2   4 2   1 3   
SOSO125781812 1 5 4 4 4 1 1 2 1 1 4 4 3 4 3 1 5 34054014302 1 4 1 1 4 3 3 4 3 1 4 2 2 4 1 1 4 
SOSO125801812 1 4 4 4 4 4 4 4 2 2 2 4 4 4 4 3 4 54054015404 3 4 2 2 3 4 4 4 5 2 2 3 3 3 2 2 2 
SOSO12595181 1 2 3 4 3 3 3 1 3 1 2 3 4 3 3 1 2 34404302430 4 2 4 1 2 3 4 3 3 1 2 3 3 2 3 1 2 3
SWSW200101803 5   4 4   4 4   1 3   4 4   2 3   441441    3 3   3 3   4 4   5 2   5 5   3 3   
SWSW200351804 1   4 4   4 3   3 3   4 4   4 2   431331    4 3   1 2   4 4   5 2   4 2   2 2   
SWSW20051180 1 1   4 4   3 3   1 1   4 4   1 3  440340     4 4   1 1   4 4   3 3   3 3   2 2  
SWSW200791803 4   3 3   2 4   2 3   3 4   3 4   520540    3 4   2 3   3 4   3 4   4 4   3 3   
SWSW200961805 3   5 3   5 3   2 4   5 5   5 2   440440    4 4   3 4   5 5   5 4   4 4   2 4   
SWSW201031805 4   4 4   4 3   1 1   4 4   5 4   540440    4 3   1 1   4 4   5 4   4 3   2 2   
SWSW201111812 2 5 5 5 5 3 3 5 1 1 2 5 5 5 2 2 5 44144114204 4 5 1 1 2 5 5 5 2 2 5 5 5 5 1 1 2 
SWSW20146180 2 2   3 3   3 3   2 2   3 3   3 3  440540     3 2   2 2   3 3   3 3   2 2   2 2  
SWSW20152181 3 3 5 5 5 5 4 3 5 3 2 3 4 4 5 3 3 54404402440 4 2 5 3 2 3 4 4 5 5 5 5 3 3 5 3 2 2
SWSW201781815 1 3 5 2 5 5 1 5 3 2 3 5 4 5 5 1 1 42044014204 3 4 3 5 5 5 3 4 5 3 5 5 3 4 3 1 4 
SWSW201801805 2   5 4   5 5   5 5   4 4   5 2   441440    5 5   4 5   5 5   5 2   5 5   5 5   
SWSW201951813 1 5 5 3 5 3 1 3 1 1 3 5 2 5 3 1 3 44144115402 2 4 1 1 3 5 5 5 4 1 5 3 3 5 3 3 3 
SWSW202281803 1   4 2   3 1   3 5   4 3   3 1   441341    2 2   1 4   4 4   4 1   5 3   3 4   
SWSW20230181 3 2 4 4 4 5 2 2 3 2 2 4 4 4 4 3 2 44404402340 3 3 4 2 2 3 5 5 5 2 2 4 3 3 5 3 2 5
SWSW20242181 5 1 3 5 5 5 5 1 3 1 1 1 5 4 5 5 1 33414402441 5 3 3 1 1 1 5 4 5 5 2 3 5 2 3 1 3 1
SWSW202631803 1   4 4   1 1   1 1   4 4   1 1   111311    3 3   1 1   4 4   3 1   3 4   1 1   
SWSW202741813 3 5 3 4 5 3 2 5 3 3 4 4 4 4 3 2 3 33132113212 2 5 4 2 2 3 4 5 5 3 5 5 3 5 3 2 3 
SWSW203091805 3   4 4   4 3   3 4   4 4   5 3   440440    4 3   2 4   4 4   5 3   3 5   3 5   
SWSW203721814 3 3 3 3 4 5 3 4 5 3 3 4 3 4 4 2 3 34044015304 3 3 3 1 2 4 4 4 5 3 5 5 3 3 5 1 2 
SWSW204191815 5 4 5 5 4 4 3 5 2 2 3 5 5 4 5 5 3 54054015404 3 4 2 2 3 5 5 4 5 5 4 4 3 4 2 2 3 
SWSW20427180 4 2   5 5   4 3   3 2   5 5   4 2  340540     3 2   2 2   5 5   5 2   4 2   3 2  
SWSW20431180 4 4   5 3   1 1   4 1   5 3   4 1  430330     1 1   1 1   4 3   4 1   4 4   5 2  
SWSW204431814 3 3 5 5 4 5 4 3 1 2 2 5 4 4 4 2 2 44144115405 3 3 2 3 3 5 5 3 4 3 3 5 5 4 2 2 3 
SWSW204641815 4 5 5 5 5 5 4 5 1 2 3 5 5 4 5 4 5 44044114204 3 4 2 2 3 5 5 5 5 4 5 5 4 4 2 2 3 
SWSW204881812 4 5 2 4 5 1 4 5 1 1 2 2 4 5 2 4 5 44144014402 4 1 1 1 3 2 4 4 4 5 5 3 5 5 2 2 2 
SWSW205001812 2 5 5 5 5 3 2 3 2 1 3 5 5 5 4 2 5 44044014403 2 4 2 1 3 5 5 5 5 2 5 5 2 5 2 1 3 
SWSW20513180 2 2   3 2   4 2   5 1   4 4   1 1  440440     2 2   1 1   3 5   2 1   5 2   5 3  
SWSW205821815 3 5 4 5 4 4 4 5 3 1 3 4 5 4 5 3 5 44044014403 3 4 2 1 3 4 5 5 5 5 5 3 3 3 3 1 3 
SWSW205981814 3 5 4 4 4 4 3 5 2 3 2 4 4 4 4 3 4 44044014404 3 4 2 3 2 4 4 4 5 4 5 4 3 4 2 3 2 
SWSW20614180 3 2   4 4   5 4   3 2   4 4   4 2  440440     4 3   3 2   4 4   4 2   5 4   3 2  
SWSW20622180 1 3   4 3   2 2   2 1   4 4   1 4  341340     3 2   2 1   4 5   3 4   4 4   3 2  
SWSW206361814 1 4 4 3 4 1 1 3 1 1 1 4 3 4 5 1 2 44054015201 1 4 1 1 1 4 3 4 4 1 4 2 1 4 1 3 3 
SWSW20650181 2 4 5 4 3 4 4 3 4 2 3 2 4 3 5 2 2 35404402440 4 2 2 3 2 2 5 4 5 5 5 5 5 4 4 5 3 2
SWSW20669181 2 2 3 4 4 5 4 3 4 1 1 3 4 4 5 3 3 44404402440 4 3 4 1 1 3 3 3 5 4 3 4 4 3 4 3 3 3
SWSW206971811 4 4 4 4 5 5 5 3 1 1 3 4 4 4 1 1 3 14054015102 4 3 1 1 2 3 5 5 4 4 4 2 4 3 2 2 2 
SWSW207081811 3 3 3 3 3 2 2 2 2 1 3 3 3 4 1 1 1 44154115303 3 3 2 1 3 3 3 3 3 3 3 2 2 2 4 1 4 
SWSW207161815 1 2 5 2 3 2 2 3 5 5 3 5 2 4 5 1 2 44154015202 3 4 5 5 3 5 2 4 5 2 4 1 1 2 5 5 3 
SWSW207291815 4 5 5 3 5 5 3 5 1 2 1 5 4 5 5 4 5 44054015203 2 4 1 2 1 5 4 5 5 4 4 5 4 5 1 2 1 
SWSW207411815 3 4 5 5 5 4 2 3 2 3 2 5 5 5 1 1 1 34144013305 3 5 3 3 2 5 5 5 5 4 5 4 3 3 3 3 4 
SWSW207571813 2 4 4 3 5 4 3 4 2 2 2 5 3 5 4 2 4 34134014404 2 4 3 3 3 5 3 5 4 2 4 5 2 5 3 3 3 
SWSW207621814 2 2 4 4 4 3 2 4 2 2 3 4 3 3 4 2 3 34144015203 3 3 2 2 3 4 4 4 4 2 4 3 2 3 2 1 2 
SWSW20773181 3 3 5 4 4 4 3 2 4 2 2 2 4 4 5 4 4 53414412341 2 1 3 2 2 2 3 4 4 4 4 5 5 1 5 3 1 2
SWSW207901815 2 3 5 5 4 5 4 4 1 1 4 5 4 4 5 2 4 44054014404 3 4 2 2 3 5 5 5 5 3 4 5 4 5 2 2 4 
SWSW20818181 4 3 5 5 5 5 3 3 5 1 1 4 5 5 5 2 2 25403402440 3 3 4 1 1 4 5 5 5 5 3 5 2 3 5 1 1 5
SWSW208261814 3 5 4 3 5 3 2 5 1 1 3 5 3 5 3 3 3 44053015203 2 4 1 1 3 5 4 5 5 4 5 4 4 5 1 3 3 
SWSW20859180 1 1   5 4   3 2   5 2   5 4   3 3  340540     4 2   5 1   5 4   3 5   5 4   5 3  
SWSW208601804 4   4 4   4 3   2 1   4 4   2 5   431421    2 3   2 1   5 5   4 3   5 5   3 1   
SWSW208871813 2 5 5 5 5 3 2 4 1 3 2 5 5 5 1 1 5 23043114303 3 4 3 3 2 5 5 5 4 3 5 5 3 5 1 3 2 
SWSW208931804 4   4 4   3 3   2 2   4 4   5 5   441441    3 2   2 1   4 4   4 5   4 4   2 2   
SWSW20904181     5     3     3     5     2     3      2441     2     3     2     5     5     5
SWSW20920180 1 3   4 4   4 3   5 3   3 3   4 3  340340     4 3   5 3   3 3   4 3   5 3   5 3  
SWSW209381805 4   4 3   3 3   1 2   5 4   5 4   331341    3 3   1 2   5 2   5 3   4 4   1 1   
SWSW20945180 5 5   5 5   5 1   2 1   5 5   2 2  440540     5 1   2 1   5 5   5 5   5 1   3 2  
SWSW209531815 3 3 5 4 3 4 3 3 2 2 4 5 4 3 4 2 2 44034015204 3 3 3 3 4 5 4 3 5 3 3 5 5 3 3 3 4 
SWSW20966181 5 5 3 4 4 5 2 1 3 2 4 2 4 5 5 5 5 34414402340 4 4 2 2 1 1 4 5 5 5 5 3 5 5 5 3 2 2
SWSW20981180 1 3   4 4   4 2   2 1   4 4   3 4  240440     3 1   3 1   4 4   3 4   4 1   2 1  
SWSW21007180 2 4   4 4   5 3   5 3   3 3   2 4  340440     4 3   2 4   4 3   4 2   2 3   4 5  
SWSW21015180 2 2   4 4   4 4   2 2   3 3   1 1  540440     2 2   1 2   4 4   3 3   4 3   3 3  
SWSW210281804 1   4 2   5 1   3 2   5 2   4 1   440420    4 3   1 3   5 3   5 2   5 2   3 3   
SWSW21042181 4 4 5 4 4 4 4 4 5 1 2 2 4 4 4 5 4 55405402421 3 3 4 1 2 2 4 4 4 4 4 5 5 5 5 1 1 2
SWSW21074180 4 5   5 5   4 4   3 3   4 4   4 4  440540     4 3   1 1   4 4   5 5   4 4   3 3  
SWSW210891805  4  5  5  3  3  1  1  5  5  5  4  320320    4  4  1  1  5  5  5  3  5  4  1  1  
SWSW211571813 4 5 4 4 5 4 4 5 2 1 3 4 4 5 3 3 3 34044015404 3 4 3 3 2 4 4 4 2 2 5 4 4 5 4 4 5 
SWSW211621815 3 5 5 5 5 2 1 1 1 1 2 5 5 5 5 3 5 34032015402 1 1 1 1 2 5 5 5 5 4 5 2 1 1 2 2 3 
SWSW21185181 3 33  4 44  2 23  1 12  3 34  3 24 4403401540 3 34  2 12  3 34  4 44  2 23  2 11 
SWSW211901812 1  53 1  42 1  52 1  54 3  42 1  544044024403 2  53 2  54 2  45 1  52 1  52 1  5
SWSW21202181 3 5 5 4 4 5 2 2 4 1 3 4 5 5 5 3 5 53403402340 3 2 4 1 3 4 4 5 5 3 5 5 4 2 4 1 2 4
SWSW21210180 5 5   5 5   5 5   2 2   5 5   5 5  341441     3 3   1 1   5 5   5 5   5 5   2 2  
SWSW212471801 1   3 2   4 2   4 4   3 2   2 2   441440    4 2   4 4   3 2   4 2   4 2   4 4   
SWSW212681815 1 1 4 4 5 1 1 1 2 1 3 4 4 4 5 1 3 34044015403 3 4 2 1 3 4 4 5 5 3 5 3 3 5 2 1 3 
SWSW21284181 4 2 5 5 4 5 4 1 5 2 1 2 5 3 5 2 1 44404402440 3 2 5 2 1 2 5 3 5 5 2 5 5 2 5 2 2 2
SWSW212961805 4   4 5   4 3   1 2   5 4   5 5   320320    4 3   1 2   5 5   5 4   5 4   1 2   
SWSW213041801 5   4 5   1 1   1 3   4 5   1 5   440540    1 1   3 1   5 5   3 4   1 1   1 3   
SWSW21312181 5 4 3 4 4 5 5 3 2 3 1 4 4 5 5 5 5 35403402330 3 2 4 3 2 4 4 5 5 5 4 5 5 4 5 2 3 2
SWSW21345180 5 3   4 4   5 5   3 2   4 4   1 1  340330     4 3   2 2   5 5   5 3   5 5   3 3  
SWSW21353180 5 3   4 5   3 2   2 3   5 4   3 3  440440     3 2   2 4   5 4   5 5   5 3   4 3  
SWSW213661804 4   5 5   3 3   2 2   4 4   4 5   440440    3 3   1 2   4 5   4 5   4 4   2 2   
SWSW21377180 3 2   4 4   3 2   1 1   4 3   2 2  440340     3 2   1 1   4 4   4 3   4 2   1 1  
SWSW21381181 4 4 5 5 4 5 5 3 5 1 1 2 5 4 5 4 3 53413302340 4 3 4 1 1 2 5 4 5 5 4 5 5 5 5 1 1 2
SWSW21401181 3 4 4 4 4 5 5 2 4 3 2 2 4 4 5 4 3 53414402340 4 3 4 2 2 2 4 4 5 4 3 5 4 3 5 3 2 2
SWSW214361813 3 3 4 4 4 3 5 5 5 4 3 5 5 5 5 3 5 34144114313 4 4 4 4 4 4 4 3 4 3 3 4 5 5 3 3 3 
SWSW214481805 2   5 3   5 2   1 3   5 2   5 1   340430    5 2   1 2   5 3   5 2   4 2   5 2   
SWSW21450181 3 3 3 4 4 5 3 3 5 3 3 3 4 4 5 3 3 33414402340 2 2 4 3 3 3 4 4 5 3 3 5 3 3 5 3 3 3
SWSW21469181 3 2 5 4 3 5 3 2 5 2 2 2 4 3 5 2 2 55413402421 4 2 4 1 1 1 5 4 5 5 3 5 4 2 5 2 2 2
SWSW214831805 4   5 5   5 3   2 3   5 5   5 4   440440    4 3   2 3   5 5   5 4   5 5   2 3   
SWSW215261805 4   4 4   4 4   1 1   4 4   5 4   331441    4 4   2 2   4 4   5 4   4 4   1 2   
SWSW215321804 2   5 4   3 2   2 4   5 3   3 1   440441    2 3   2 3   4 3   5 2   5 3   3 3   
SWSW215441804 4   4 4   3 4   2 3   4 4   4 4   341441    3 4   2 3   4 4   4 4   4 4   3 3   
SWSW21559180 5 4   5 5   5 2   2 1   5 5   5 3  441340     4 2   1 1   5 5   5 4   5 3   2 1  
SWSW215711813 4 5 5 5 5 3 3 3 2 2 4 5 5 5 4 4 5 44134114403 3 3 3 3 4 5 5 5 5 5 5 5 5 5 3 3 4 
SWSW215871803 3   4 4   3 4   3 3   4 4   2 2   340440    3 3   2 2   4 4   4 3   3 3   3 3   
SWSW21606180 3 4   5 5   5 3   2 4   5 4   4 2  440441     4 4   2 3   4 4   5 4   4 3   1 3  
SWSW21619180 4 4   5 5   4 4   1 1   4 5   4 5  340340     3 4   1 1   5 5   3 4   4 5   1 1  
SWSW21627180 1 1   5 5   3 2   1 1   5 5   1 1  440540     3 2   1 1   4 4   1 1   4 4   1 1  
SWSW216431814 3 4 5 3 5 5 4 5 3 2 2 4 3 4 3 2 4 44134114403 2 3 3 3 3 4 3 4 5 3 5 3 3 3 3 3 3 
SWSW216551814 4 5 5 5 5 2 2 4 2 2 2 4 4 5 3 3 5 42054015403 2 4 1 1 3 4 4 5 4 5 5 3 2 5 2 2 2 
SWSW216881815 3 4 5 5 5 5 3 5 3 3 2 5 5 5 5 2 5 44044014404 4 5 3 4 2 5 5 5 5 3 5 5 5 5 3 3 3 
SWSW217241803 3   5 5   3 3   2 1   5 5   4 4   441340    3 2   2 1   5 5   2 3   4 4   2 2   
SWSW217391805 1   5 4   5 3   1 1   5 5   5 1   341321    3 1   2 1   5 4   5 1   5 1   3 1   
SWSW21746181 3 4 4 4 5 5 5 5 4 3 5 5 5 5 4 4 4 35404402530 4 3 4 3 4 3 4 4 5 2 4 4 3 4 4 5 5 5
SWSW21752180 3 2   5 5   4 3   2 1   5 5   3 3  440340     3 2   1 1   5 5   5 4   4 3   2 2  
SWSW217781814   5 4   4 4   5 2   4 5   5 5   5 440   15304   1 2   4 5   5 4   5 5   5 2   4 
SWSW217801815 2 3 5 4 5 3 3 4 1 1 1 4 4 4 5 1 3 54144115403 4 4 1 1 1 5 4 5 5 2 5 5 3 5 1 2 1 
SWSW218001814 4 3 5 5 5 4 3 5 2 1 4 4 4 5 5 4 4 44044014304 3 4 2 1 4 4 4 5 5 4 5 4 4 5 2 1 4 
SWSW21837181 5 3 4 5 3 5 5 3 2 2 2 3 5 5 4 5 3 44404402320 4 3 2 2 1 3 5 4 4 5 3 4 5 3 5 4 2 2
SWSW21898180 1 1   4 4   4 2   2 4   4 4   1 1  440340     3 2   1 2   3 4   2 2   4 4   3 4  
SWSW21909181 4 3 4 4 5 5 3 3 5 3 1 3 4 4 5 3 3 33405202430 2 3 4 3 1 3 4 5 5 4 4 3 1 4 4 5 4 3
SWSW219171805 1   4 3   4 1   3 1   5 5   5 2   341330    2 1   2 1   5 5   5 2   3 2   3 1   
SWSW219331801 5   3 3   2 2   1 3   3 3   1 4   410440    3 3   1 3   3 3   1 5   1 2   1 3   
SWSW21961181 4 4 4 5 5 5 5 5 5 3 3 3 5 5 5 5 4 54415412440 5 4 5 2 1 2 5 5 5 5 4 5 5 4 5 2 2 2
SWSW219861814 3 5 5 5 5 4 4 5 1 2 2 5 5 5 4 3 5 44144114414 3 5 1 2 2 5 5 5 4 4 5 4 3 5 1 2 2 
SWSW220191804 4   5 5   4 5   2 2   5 5   4 4   341341    4 4   2 2   5 5   4 4   5 5   1 2   
SWSW220311815 3 4 5 3 4 5 2 5 5 3 5 5 3 3 5 4 3 44054015205 3 4 2 2 5 5 4 4 5 3 4 5 4 5 4 3 4 
SWSW220431805 4   5 5   5 5   2 1   4 4   5 5   341440    4 4   2 1   4 4   4 5   5 5   1 2   
SWSW22070181 2 2 3 4 4 4 4 3 4 2 2 4 4 4 4 4 4 45404402430 3 3 4 3 2 4 4 4 4 4 4 4 4 3 4 3 3 4
SWSW22128181 5   3 3   5 3   5 4   2 5   5 3   5340   2330 3   4 2   1 5   5 5   5 3   3 3   2
SWSW221421802 1   4 3   5 3   1 1   3 2   4 1   321520    3 2   2 1   4 3   4 3   5 5   3 1   
SWSW221891814   5 4   3 4   3 2   3 4   4 4   5 440   14404   3 2   3 4   4 4   5 5   4 2   3 
SWSW22191180 5 5   4 4   3 3   4 4   4 4   4 4  440340     4 3   3 3   4 4   5 5   4 3   4 3  
SWSW222111815 2 2 4 4 5 3 2 5 5 3 3 5 5 5 5 3 3 44034015403 2 4 4 2 2 4 4 5 5 3 4 4 2 5 4 1 2 
SWSW222241805 5   4 4   5 5   1 1   4 4   5 5   440440    4 4   2 2   5 5   5 5   5 5   1 1   
SWSW222461814 2 4 5 4 5 2 2 5 1 1 4 5 5 4 4 2 5 34034114403 2 4 2 1 3 5 4 4 5 3 5 2 2 5 3 4 4 
SWSW22252181 5 5 3 5 5 3 4 5 3 2 1 4 5 5 3 4 5 44413412341 3 4 4 2 1 3 4 5 4 5 5 4 5 5 5 3 2 3
SWSW22267180 1 1   4 4   1 3   1 3   4 4   1 1  340340     2 2   2 2   4 4   1 1   4 4   1 1  
SWSW22295180 1 3   4 4   1 1   3 3   4 4   2 4  341420     3 2   3 2   4 4   2 5   2 2   2 2  
SWSW22300180 1 1   4 4   5 4   3 2   5 4   3 3  440440     4 4   3 2   4 4   2 1   4 4   4 3  
SWSW223131815 3 5 5 5 5 5 3 3 2 1 3 5 4 5 5 2 5 34044015404 3 3 2 1 2 4 4 5 5 3 5 5 5 5 2 2 3 
SWSW22349181 4 3 5 4 4 5 4 3 5 3 2 4 3 4 5 4 3 43413412330 4 2 4 4 2 3 4 4 5 4 4 4 4 3 5 3 2 3
SWSW223761815   5 4   5 3   5 2   1 4   5 5   5 341   14403   5 2   1 4   5 4   5 4   5 2   1 
SWSW223821805 1   3 5   2 2   2 1   4 5   1 1   440440    2 1   3 1   3 4   5 2   4 4   3 1   
SWSW22398181 4 2 4 4 3 4 5 2 5 2 2 2 4 3 4 4 1 43403402340 4 2 4 2 2 2 5 4 4 4 2 5 4 2 4 2 2 2
SWSW224021814 3 2 5 5 5 5 3 5 1 1 1 5 5 5 4 3 3 34144114404 3 4 1 1 1 5 5 5 5 4 5 4 4 5 2 3 2 
SWSW224101815 1 3 5 5 5 3 3 5 1 1 3 5 5 5 3 1 3 44144014403 2 4 1 1 2 5 5 5 4 3 5 3 3 4 1 1 3 
SWSW224471805 2   5 3   5 3   2 3   5 2   5 2   440540    5 2   2 3   5 3   4 2   4 3   2 3   
SWSW224511814 3 4 5 4 5 2 2 4 1 2 2 5 2 5 5 5 5 44034014403 2 4 3 3 3 5 5 5 5 4 5 4 1 4 3 3 3 
SWSW22468180 4 3   4 4   3 2   2 3   4 4   4 3  440440     3 2   1 2   4 4   4 3   3 3   2 3  
SWSW224791814 3 5 5 5 5 4 3 5 1 1 2 5 5 5 5 3 5 43144015305 3 4 1 1 2 5 5 5 5 3 5 5 3 5 1 1 2 
SWSW224841814 3 5 5 3 5 2 2 5 1 2 2 4 3 5 3 2 5 44034014402 2 4 1 2 1 4 2 5 4 3 5 3 2 5 1 2 2 
SWSW22509180 2 2   4 5   3 4   2 2   4 4   2 2  441440     3 4   2 1   4 4   2 2   4 3   2 3  
SWSW22517181 4 4 5 5 5 5 3 5 4 2 1 1 4 4 5 4 4 43413412320 4 4 4 3 2 1 4 4 5 2 4 5 4 5 5 3 3 2
SWSW225251815115 35115 55115 51441 35115 54114 342134025404114 51221 35115 55115 44114 51551 3
SWSW22533181 1 1 5 2 2 5 4 2 3 5 3 3 4 4 4 1 2 44413412440 4 2 2 5 1 3 4 4 4 3 2 5 5 5 5 5 3 3
SWSW22558180 1 1   5 4   3 2   2 2   5 3   2 1  441341     4 3   1 3   5 3   4 1   4 3   1 3  
SWSW22561181 1 3 5 4 4 5 4 4 5 2 2 3 4 5 5 1 3 44405402440 3 4 4 2 2 3 4 4 5 3 4 5 4 4 5 2 2 3
SWSW22586181 5 3 4 5 3 5 5 4 5 1 3 2 5 5 5 5 3 44413412411 4 3 4 2 3 3 5 4 5 5 3 4 5 4 5 2 3 3
SWSW22594180 3 2   4 4   5 5   4 2   4 4   3 2  441341     4 4   3 1   4 4   2 2   4 4   2 2  
SWSW226051814 5 4 5 5 5 4 3 4 2 2 1 5 5 5 4 5 4 44034014404 4 4 1 2 1 5 5 5 5 5 3 5 4 4 3 3 3 
SWSW226261803 4   4 5   5 3   4 2   4 5   3 5   440440    3 2   5 2   4 5   3 5   5 2   4 3   
SWSW226441813 3 3 3 4 4 3 3 3 3 2 3 3 4 4 2 3 3 44044014204 2 4 2 1 2 3 4 4 4 4 4 4 3 3 3 2 3 
SWSW22659180 2 2   4 4   5 3   5 4   5 5   3 3  421420     4 3   4 3   5 5   5 4   5 4   3 3  
SWSW22704180 4 4   5 5   4 4   2 2   5 5   2 2  440340     3 3   2 2   5 5   3 3   5 5   2 2  
SWSW22712180 5 5   5 5   1 1   1 2   5 5   5 5  341340     2 1   1 2   5 5   5 5   5 1   1 3  
SWSW227201805 3   5 5   5 4   2 2   5 5   5 3   441441    4 3   1 1   5 5   5 3   4 4   2 3   
SWSW227451815 1 5 5 2 5 4 1 5 1 2 1 5 4 5 5 1 4 34144014304 2 5 1 2 1 5 3 5 5 1 5 5 2 5 1 4 1 
SWSW22753180   5     4     1     3     5     5     540       1     2     4     5     4     3  
SWSW227661815   1 5   5 5   5 2   4 5   4 5   2 341   14104   3 1   2 5   5 5   4 4   5 2   3 
SWSW227811815 2 3 5 2 3 4 2 4 1 1 3 5 2 4 4 1 1 44044013104 1 5 2 1 4 5 2 4 5 2 4 5 3 5 2 1 4 
SWSW227991813 1 4 4 4 4 2 2 3 2 1 4 4 4 4 3 1 4 34034014403 2 4 2 1 4 4 4 4 4 2 5 3 3 4 1 1 3 
SWSW22850180 2 5   3 5   3 3   4 2   3 5   1 5  341341     3 3   5 1   3 4   1 4   2 3   4 2  
SWSW228691805 5   5 5   4 5   2 5   5 5   5 5   340440    4 4   2 4   4 4   5 5   5 5   2 5   
SWSW228751804 4   4 5   3 2   2 1   4 4   5 4   441521    3 5   2 1   5 4   4 2   2 4   2 1   
SWSW22883181 4 54  5 55  4 44  3 43  5 55  5 53 4404401430 4 34  1 11  4 53  5 55  5 55  1 33 
SWSW22897180 3 3   5 4   5 2   1 2   5 4   4 5  440340     4 3   1 2   5 3   5 4   5 3   1 1  
SWSW22934181 2 3 5 4 2 5 3 1 4 1 4 3 4 2 5 3 1 53414402320 3 2 4 1 5 3 4 2 5 4 1 5 3 1 4 1 5 3
SWSW22957181 4 4 5 5 5 5 4 3 5 1 1 1 5 5 5 5 5 54413402430 3 4 4 1 1 2 5 5 5 5 5 5 4 4 5 3 3 2
SWSW229621812 2 3 3 4 4 3 2 3 4 3 5 3 3 2 4 3 4 34154014413 3 4 4 3 5 3 4 5 4 3 4 3 4 4 4 2 4 
SWSW22973180 1 5   4 5   4 1   1 1   4 5   4 5  440430     3 2   1 1   4 4   5 4   4 3   2 1  
SWSW229851803 1   5 4   3 3   2 2   5 5   4 5   431540    3 2   2 2   5 5   3 3   3 2   3 2   
SWSW229901802 4   2 2   3 3   3 2   2 3   2 2   441441    5 5   4 3   1 2   3 4   4 4   3 2   
SWSW23016181 4 2 3 4 4 3 3 3 3 1 1 4 4 3 3 4 4 35403402340 4 2 3 1 1 3 4 3 3 4 3 3 5 3 3 2 2 4
SWSW230291815 4 5 4 4 5 4 3 4 2 2 2 5 4 5 5 3 5 44134114403 3 3 2 2 1 5 5 5 5 3 5 4 4 5 3 3 3 
SWSW23034181 5 5 5 4 4 5 3 3 5 1 1 1 4 4 4 1 3 55414402440 3 3 4 1 1 1 4 4 4 2 2 2 5 4 5 1 1 3
SWSW23041180 5 2   3 3   5 2   4 1   5 4   5 3  440341     3 4   4 1   4 4   5 3   4 2   4 2  
SWSW23062180 5 4   4 3   4 2   2 2   5 4   4 2  440441     3 2   1 2   5 3   5 3   4 3   3 2  
SWSW230851815 3 3 4 3 3 4 3 5 2 4 3 5 3 4 5 3 5 34144114403 3 4 1 2 3 4 3 3 5 2 5 5 5 5 3 4 3 
SWSW230901815 3 3 4 3 5 4 3 5 2 2 2 4 3 5 4 2 1 34134014203 2 4 1 1 1 4 3 5 5 3 4 4 4 5 2 3 2 
SWSW231091814 3 3 4 4 4 3 2 3 2 2 2 4 3 4 5 3 3 34134114403 2 3 2 3 1 4 4 5 5 3 3 4 3 4 3 4 2 
SWSW23125180 2 4   4 4   4 4   2 4   4 4   4 4  341440     3 2   2 4   4 4   3 1   5 4   1 4  
SWSW231331802 3   3 4   4 3   2 2   4 4   4 4   440440    3 3   2 2   4 4   4 5   4 4   2 2   
SWSW231401802 1   2 2   1 1   1 1   5 4   2 1   441441    1 2   1 1   4 4   1 2   1 1   1 1   
SWSW231581811 1 3 3 3 4 1 1 1 3 2 2 3 3 3 2 2 3 44034015402 1 2 2 1 1 3 3 4 3 2 5 2 1 3 2 3 2 
SWSW231721814 1 4 5 3 5 4 2 2 3 4 2 4 2 5 3 1 3 34143115404 2 3 3 4 2 5 2 5 4 2 4 5 3 5 3 3 3 
SWSW23194181 4 4 5 4 4 5 4 3 4 3 2 1 4 4 4 4 4 53413412330 4 2 2 3 2 1 4 4 4 3 3 5 5 3 4 3 2 2
SWSW232011805 3   5 4   5 4   2 4   5 4   5 3   440440    4 3   2 4   5 4   5 3   5 5   2 4   
SWSW232691814 1 5 3 3 5 3 1 5 2 1 2 4 3 5 3 1 3 44044015402 1 4 2 1 2 4 4 5 5 1 5 3 1 5 2 1 2 
SWSW233031814 1 5 5 3 5 5 1 5 1 1 2 5 3 5 4 1 5 44044014404 1 5 1 1 2 5 3 5 5 2 5 4 1 5 1 1 2 
SWSW233391802 1   4 4   5 5   2 2   4 4   4 1   440440    3 3   2 3   4 4   4 3   4 4   2 3   
SWSW23346180 5 2   3 3   5 4   4 4   5 3   5 3  340340     4 3   3 4   5 3   5 4   5 3   5 5  
SWSW233671814 4 5 4 4 4 3 2 5 1 1 4 4 4 4 4 3 5 44034015403 3 5 1 1 3 4 4 4 4 4 5 5 5 5 2 1 3 
SWSW23395181 3 4 5 4 4 4 5 3 5 1 1 2 4 4 4 2 4 43414412441 4 3 4 1 1 2 4 4 4 4 4 5 5 4 5 1 1 2
SWSW234001805 4   4 4   3 4   3 4   4 4   4 3   340440    3 2   3 4   4 4   5 4   5 5   5 5   
SWSW234131815 1 4 5 3 4 1 1 2 1 1 3 5 3 4 3 1 5 34044115401 1 2 1 1 3 5 5 5 5 1 5 1 1 2 1 1 3 
SWSW23437180 5 4   5 5   5 4   1 3   5 5   5 4  341440     5 3   1 2   5 5   5 3   5 3   3 3  
SWSW234491815 5 5 5 4 5 4 3 5 1 2 3 5 4 5 5 5 5 34144014404 3 4 1 2 3 5 4 5 5 5 5 5 5 5 2 4 3 
SWSW234541803 1   4 4   4 3   1 1   4 4   4 2   341340    3 2   1 1   4 4   5 3   5 3   1 1   
SWSW234651815 4 4 4 4 3 3 4 3 2 4 5 5 4 3 4 4 3 44044015404 3 4 3 3 4 5 5 3 4 3 2 4 4 4 2 4 4 
SWSW234761815 1 5 4 4 5 4 3 5 3 4 5 5 4 5 5 1 5 44034114404 3 5 1 3 4 4 3 5 4 3 5 4 3 5 3 2 4 
SWSW23482181 1 1 4 3 2 4 3 1 4 1 1 3 3 2 3 1 1 23203202340 4 2 4 1 1 3 3 2 4 1 1 3 2 2 3 1 2 3
SWSW23498180 5 3   5 2   5 2   3 2   5 5   5 3  341440     4 2   2 1   5 4   5 3   5 3   2 2  
SWSW23519180 3 3   4 3   5 4   2 2   4 4   3 3  440441     4 3   2 1   5 5   5 4   4 3   2 2  
SWSW23531181 1 2 4 3 4 5 2 3 5 1 1 3 3 4 4 2 3 43413312341 3 4 5 1 1 3 3 4 5 1 3 4 2 4 5 2 2 3
SWSW23543181 3 3 4 4 4 5 2 2 4 1 1 4 4 4 4 4 3 44403402340 3 3 4 3 1 4 4 4 4 4 3 4 2 3 4 1 1 4
SWSW23555181 3 4 5 5 5 5 4 3 5 1 1 4 4 5 5 4 5 53413402341 4 3 4 2 2 2 5 5 5 4 5 5 4 3 5 3 3 4
SWSW23564181 4 1 3 4 2 5 5 1 3 1 1 5 4 2 5 4 1 53404402340 4 2 5 1 3 4 4 2 5 5 1 3 4 2 5 2 1 5
SWSW235881815 1 2 4 2 4 4 2 4 3 1 3 5 3 5 5 1 4 54054015404 2 4 4 3 5 2 2 2 5 1 5 3 2 2 3 3 3 
SWSW23630180 5 5   5 3   5 3   2 2   5 3   5 5  441441     4 3   1 2   5 3   5 4   5 3   2 2  
SWSW236421805 4   5 5   5 5   1 3   5 5   5 4   530540    4 4   1 3   5 5   4 4   5 5   2 4   
SWSW236631805 4   5 4   5 4   1 1   5 4   5 4   320420    4 3   1 1   4 4   5 4   5 4   1 1   
SWSW236891802 1   5 5   2 1   1 1   5 4   2 2   441441    1 1   1 1   5 5   2 1   4 2   1 1   
SWSW236911815 3 5 4 3 5 2 2 4 2 4 4 5 3 5 5 3 5 44044014202 2 3 2 3 3 3 3 4 5 3 4 3 4 5 2 3 4 
SWSW23702180 1 3   4 4   5 3   2 1   4 5   3 3  540440     4 3   2 1   4 5   2 4   3 3   3 2  
SWSW237101804 3   4 4   5 5   3 2   4 4   5 3   431431    4 3   2 1   3 4   4 4   5 5   2 2   
SWSW23735181    3     3     1     4     3     5       1440    2     4     4     5     3     4 
SWSW23747181 2 2 3 4 4 5 3 3 4 2 1 4 3 3 4 2 2 44404302430 3 3 4 2 1 3 4 4 5 1 2 4 4 3 5 3 3 4
SWSW237511804 2   5 5   4 3   2 2   4 4   4 3   441440    4 3   2 1   5 5   4 3   4 3   3 2   
SWSW237681814 3 5 4 4 4 4 4 4 1 1 2 5 4 4 5 2 4 44044014404 4 4 1 1 2 4 4 4 5 3 4 3 3 4 2 2 3 
SWSW238041815 3 3 5 5 5 3 1 4 1 3 4 5 5 4 5 3 3 33034014404 2 4 4 3 5 5 5 5 5 3 4 4 4 5 1 1 3 
SWSW23812180 3 3   4 3   4 3   2 3   4 3   3 2  431440     4 3   2 3   4 3   4 4   4 3   2 3  
SWSW23820181 4 4 4 5 5 5 4 4 4 1 4 1 5 5 5 4 4 45415402520 4 4 3 2 2 1 5 5 4 5 5 5 5 5 4 1 4 1
SWSW238381814 2 4 3 2 3 4 2 4 2 2 4 4 3 4 3 2 4 44054015403 2 5 3 2 4 4 3 4 5 2 5 4 2 4 2 2 4 
SWSW23845180 3 3   4 4   3 3   1 2   4 4   3 3  440440     4 4   1 2   5 5   3 3   4 3   3 2  
