EAEA40015  18000000000000                                                                               000
EAEA40056  18                                                                                              
EAEA40108  18222020000000                                         0     0   0       0                   000
EAEA40129  18000020000000                                                           2020                000
EAEA40141  18020200202000                                               0       0           0       0   000
EAEA40157  18                                                                                              
EAEA40185  18222020202000                                         0     0   0       0       0       0   000
EAEA40235  18220000222000                                         0     0                   0   0   0   000
EAEA40247  18020000200000                                               0                   0           000
EAEA40251  18002000000000                                                   0                           000
EAEA40304  18020220000000                                               0       0   2230                000
EAEA40312  18000000000000                                                                               000
EAEA40353  18000000000000                                                                               000
EAEA40399  18000000020000                                                                       2010    020
EAEA40414  18000000000000                                                                               000
EAEA40422  18222200222200172200000022200          9       12    0 22300 223020102232        222222222010222
EAEA40436  18200000000000                                         2020                                  000
EAEA40450  18000000000000                                                                               000
EAEA40475  18220220022000                                         0     0       22300           0   0   200
EAEA40497  18220000000000                                         0     0                               000
EAEA40505  18222020220020               0                         0     0   0       0       0   0       000
EAEA40518  18000000000000                                                                               000
EAEA40526  18000000000000                                                                               000
EAEA40560  18000002002000                                                               0           0   000
EAEA40619  18000000000000                                                                               000
EAEA40631  18000000000000                                                                               000
EAEA40643  18000000000000                                                                               000
EAEA40655  18222000202022               20 000                    0     0   0               0       0   000
EAEA40664  18000000000000                                                                               000
EAEA40692  18220020222000                                         0     0           2010    0   0   0   000
EAEA40724  1822222022222010202000002202022220     2215    2 2   0 20120 0   0   0   2020    0   20120   022
EAEA40746  18000000000000                                                                               000
EAEA40752  18000000000000                                                                               000
EAEA40767  18000200002000                                                       0                   0   000
EAEA40778  18                                                                                              
EAEA40780  18220000020000                                         2222  0                       0       000
EAEA40821  18000000000000                                                                               000
EAEA40849  18000000000000                                                                               000
EAEA40865  18200000000000                                         0                                     000
EAEA40876  18                                                                                              
EAEA408821318222222222200112022020220 00          2215    3 23 22322120 0   2010221222102222223222322232220
EAEA40909  182022222220021022222000          2010 2220    2333322 22220     0   0   22120   221222222222020
EAEA40917  18020000000000                                               0                               000
EAEA40925  18000000000000                                                                               000
EAEA40958  18000000002000                                                                           0   000
EAEA40972  18000000002000                                                                           2220020
EAEA40986  18000000000000                                                                               000
EAEA40994  18000000000000                                                                               000
EAEA41010  18200000020000                                         0                             0       000
EAEA41047  18200000000000                                         0                                     000
EAEA41051  180000222220021900000000          0                  0     0             0   0   201022102210020
EAEA41079  182202002220001322222000               2215    22222 0 22220 2232    0           221222220   020
EAEA41084  18000000000000                                                                               000
EAEA41096  182202202220006600000000               0             0 22220 2222    22222010    0   0   0   200
EAEA41111  182222002200001400000000               2216          0 20000 0   22322232        20120       200
EAEA41124  18000000000002                    2020                                                       000
EAEA41152  18220000220000                                         0     0                   20120       000
EAEA41178  18000000000000                                                                               000
EAEA41195  18220020020000                                         0     0           0           0       000
EAEA41207  18000000000000                                                                               000
EAEA41242  18000000000000                                                                               000
EAEA41274  18202200020000                                         0         0   0               2022    020
EAEA41289  182200000020001222002000               2215    32  3 0 22100 2222                        2222020
EAEA41325  18000000000000                                                                               000
EAEA41333  18000000000000                                                                               000
EAEA41361  18000020000000                                                           0                   000
EAEA41372  18200000200000                                         0                         0           000
EAEA41386  18000000002000                                                                           0   000
EAEA41394  18000000000000                                                                               000
EAEA41419  18000000020000                                                                       0       000
EAEA41431  18222220222200162000 20020 00          20      3     030   0 2212223222202232    222222122230220
EAEA41443  18222000002200          22220                          0     0   0                       0   002
EAEA41455  18022220002020               0                               20120   0   0               0   000
EAEA43011  18020020220000                                               0           2000    0   0       000
EAEA43024  18000000000000                                                                               000
EAEA43039  18200000000002                    2232                 0                                     000
EAEA43052  18000000000000                                                                               000
EAEA43067  18200000222000                                         0                         0   0   0   000
EAEA43078  182000002020001600200000               0         2   0 22120                     2222    2012020
EAEA43095  18000000000000                                                                               000
EAEA43138  18000000000000                                                                               000
EAEA43145  18                                                                                              
EAEA43153  18000000000000                                                                               000
EAEA43166  18200000020000                                         0                             0       000
EAEA43177  18000000000000                                                                               000
EAEA43181  18000000000000                                                                               000
EAEA43206  180220202200001700000000              22218          0     0 0   0       2010    0   2020    020
EAEA43231  18000000000000                                                                               000
EAEA43255  18000000000000                                                                               000
EAEA43270  18000000000000                                                                               000
EAEA43292  18200000022000                                         0                             0   2010020
EAEA43334  18000000000000                                                                               000
EAEA43357  18002202002000                                                   0   0       0           0   000
EAEA43373  18220000020002                    0                    0     0                       2002    000
EAEA43390  180020002200002000000000                             0     0     0               22202222    020
EAEA43426  18200220002000                                         0             0   0               0   000
EAEA43459  18000000000000                                                                               000
EAEA43548  18222200222000                                         0     0   0   0           0   0   0   000
EAEA43550  18002                                                                                           
EAEA43583  18000000000000                                                                               000
EAEA43602  18000000000000                                                                               000
EAEA43635  18220020222200          20 02                          0     0           0       0   0   0   000
EAEA43651  18000000020000                                                                       0       000
EAEA43684  18000000000000                                                                               000
EAEA43707  18020220222220150000000020 0220 02     20            0     0 0       0   2022    201020222012020
EAEA43715  18200000222000                                         0                         0   0   0   000
EAEA43742  18222020222200132002000020 00          2216    2  1  0 20220 0   2032    2030    20300   0   200
EAEA43774  18220020222000                                         0     0           0       0   0   0   000
EAEA43789  18200000020000                                         0                             0       000
EAEA43817  182222202200001220022000               0       2  31 0 22200 20220   20222012    20222212    220
EAEA43825  18000000022000                                                                       22122210020
EAEA43840  18000000002000                                                                           0   000
EAEA43858  18020020000000                                               0           0                   000
EAEA43861  18000000202000                                                                   0       0   000
EAEA43886  18020000000000                                               0                               000
EAEA439131418202020200000 800002002               2217        2 0 22220     0       2012    2222        000
EAEA43921  18000000200000                                                                   0           000
EAEA43937  18220200000002                    0                    0     0       0                       000
EAEA43965  180000202020001600000000               20            0     0             2010    2020    2010020
EAEA43982  18220020202000                                         0     0           0       0       0   000
EAEA43998  18000000000000                                                                               000
EAEA44017  18220000020000                                         2012  0                       0       000
EAEA44025  18022020002000 920000000               0       2     0     0 22122222    2010            0   200
EAEA44033  18020000202000                                               0                   0       0   000
EAEA44040  18000000000000                                                                               000
EAEA44058  18000000022000                                                                       0   0   000
EAEA44072  18000000000000                                                                               000
EAEA44086  18000000000000                                                                               000
EAEA44094  180222002200006620000200               0       3    121    0 22100   2012        20122022    220
EAEA44126  18000000000000                                                                               000
EAEA44144  18200000000000                                         0                                     000
EAEA44160  18020200000000                                               0       0                       000
EAEA44171  18220000222000                                         0     0                   0   0   0   000
EAEA44200  18                                                                                              
EAEA44213  18200000000000                                         0                                     000
EAEA44221  18000000220000                                                                   0   2020    020
EAEA44249  18220000020000                                         0     0                       0       000
EAEA44254  18000000000000                                                                               000
EAEA44265  18000020002000                                                           0               0   000
EAEA44298  180000002220001622200000               2218    222   0     0                     201022202020020
EAEA44302  18000000000000                                                                               000
EAEA44310  18000000000000                                                                               000
EAEA44351  18000000020000                                                                       0       000
EAEA44368  18000000000000                                                                               000
EAEA44379  18020000000000                                               0                               000
EAEA44396  182000202220001122200200               20      221  1210   0             0       223222220   020
EAEA44453  1800002000220216000000000  00     0    0             0     0             2012            2222020
EAEA44481  1822222222222017022200002202020 22    0         221  0 0   0 20122222222222320   0   0   0   202
EAEA44515  18000000020000                                                                       0       000
EAEA45034  18020000000000                                               2212                            000
EAEA45041  18002020000000                                                   0       0                   000
EAEA45057  18000000000000                                                                               000
EAEA45062  18000000000000                                                                               000
EAEA45085  18000000000000                                                                               000
EAEA451581518020000222000 700022002               2218 2     12 0     0 2002                222222222222020
EAEA45172  18022200222000                                               0   0   0           20120   2002000
EAEA45194  18000000000000                                                                               000
EAEA45201  180222202220021600000000          2232 2217          0     0 2212221022102232    203220322032220
EAEA45236  18200020000000                                         0                 0                   000
EAEA45248  18000000020000                                                                       0       000
EAEA45275  18000000000000                                                                               000
EAEA45283  18200000000000                                         0                                     000
EAEA45303  18000000000000                                                                               000
EAEA45311  18000000002000                                                                           0   000
EAEA45324  18000000020000                                                                       0       000
EAEA45346  18000000000000                                                                               000
EAEA45352  18000000000000                                                                               000
EAEA45367  18000000000000                                                                               000
EAEA45395  180202002020001701000100              0         1    02    0 2222    2022        0       0   200
EAEA45400  18000000000000                                                                               000
EAEA45437  18000020000000                                                           0                   000
EAEA45454  18000200000000                                                       2012                    200
EAEA45476  18220200022020               0                         0     0       0               20120   020
EAEA45498  18220000002000                                         2022  0                           0   000
EAEA45506  18020000000000                                               0                               000
EAEA45527  18000000000000                                                                               000
EAEA45531  18000000200000                                                                   0           000
EAEA45555  18000000020000                                                                       0       000
EAEA45570  18000000000000                                                                               000
EAEA45588  18000000000000                                                                               000
EAEA45592  18000000000000                                                                               000
EAEA45628  18000000000000                                                                               000
EAEA45630  18000000002000                                                                           2020020
EAEA45642  182202000220001100002000               0           2 0 0   0 2022    2022            0   2012220
EAEA45663  18000000000000                                                                               000
EAEA45674  18000000000000                                                                               000
EAEA45702  18020000000000                                               0                               000
EAEA45735  18020000020000                                               0                       0       000
EAEA45747  18000200200000                                                       0           0           000
EAEA45751  180000002220001610020100               0       2  1  01    0                     221222222222020
EAEA45768  182222202220001520000000               0       2     0 22200 2210201020102222    201022322232220
EAEA45796  18200000000000                                         0                                     000
EAEA45812  18000000220000                                                                   0   0       000
EAEA45845  18000000022000                                                                       0   2010020
EAEA45866  18000000002000                                                                           0   000
EAEA45899  18000200000000                                                       0                       000
EAEA45918  18000000000000                                                                               000
EAEA45944  18020200200000                                               0       0           2012        000
MWMW00175  18000000020000                                                                       2000    000
MWMW00183  18000000000000                                                                               000
MWMW00217  18000000000000                                                                               000
MWMW00258  18000000000000                                                                               000
MWMW00272  18000000000000                                                                               000
MWMW00286  18200020002000                                         0                 2020            0   000
MWMW00331  18000000000000                                                                               000
MWMW00355  18000000000000                                                                               000
MWMW00364  18000020002000                                                           0               0   000
MWMW00408  1822222020022010222020000  0022220     0       222 3 0 22320 2230221222202222    2220        200
MWMW00416  18000000000000                                                                               000
MWMW00441  18000000000000                                                                               000
MWMW00457  18000000000000                                                                               000
MWMW00462  18000000000000                                                                               000
MWMW00473  18000000000000                                                                               000
MWMW00485  18000000000000                                                                               000
MWMW00539  18220000000000                                         2000  2000                            000
MWMW00546  18000000000000                                                                               000
MWMW00552  18000000000000                                                                               000
MWMW00578  18000000000000                                                                               000
MWMW00580  18000000000000                                                                               000
MWMW00595  18000000000000                                                                               000
MWMW00612  18000000000000                                                                               000
MWMW00638  18220220220000                                         2002  0       0   0       20022010    020
MWMW00645  18000000000000                                                                               000
MWMW00653  18000000000000                                                                               000
MWMW00699  18000000000000                                                                               000
MWMW00718  18000000000000                                                                               000
MWMW00726  18000000000000                                                                               000
MWMW00771  18020000000000                                               0                               000
MWMW00863  18000000000000                                                                               000
MWMW00874  18000000000000                                                                               000
MWMW00889  18200200022200          22000                          0             0               0   0   002
MWMW00891  18000000000000                                                                               000
MWMW00947  18000000200000                                                                   0           000
MWMW00968  18000000000000                                                                               000
MWMW01086  18000000000000                                                                               000
MWMW01160  18000000000000                                                                               000
MWMW011711318202020222000 122000002               22 1    12    0 22320     0       2212    221222222220020
MWMW01200  18000000000000                                                                               000
MWMW01249  18020200022000                                               0       0               0   0   000
MWMW01276  18000000000000                                                                               000
MWMW01302  18000000000000                                                                               000
MWMW01347  18000000000000                                                                               000
MWMW01351  18000000000000                                                                               000
MWMW01396  18000000000000                                                                               000
MWMW01420  18000000000000                                                                               000
MWMW01438  18000000000000                                                                               000
MWMW01528  18000000000000                                                                               000
MWMW01591  18000000000000                                                                               000
MWMW01629  18000000000000                                                                               000
MWMW01657  182000020220221720002000     0    201222288    2   2 0 20100                 0       22122212020
MWMW01673  18000000000000                                                                               000
MWMW01685  18000000000000                                                                               000
MWMW01852  180000002020001622100200               2216    222   01    0                     2212    2010020
MWMW01895  18000000000000                                                                               000
MWMW01906  18000000000000                                                                               000
MWMW01927  18                                                                                              
MWMW01943  18200000220000                                         0                         20220       000
MWMW01988  18200000002000                                         0                                 0   000
MWMW02008  18                                                                                              
MWMW02016  18020000020000                                               2010                    0       000
MWMW02041  18000000000000                                                                               000
MWMW02057  18200220222200122220020022222          2212    222   020   0         20102022    202220220   222
MWMW02117  18000000200002                    0                                              0           000
MWMW02125  18022222002200          0  02                                0   0   0   20020           0   000
MWMW02158  18200000000000                                         0                                     000
MWMW02161  18000020222000                                                           0       0   0   0   000
MWMW02172  18022200202000                                               0   0   0           0       0   000
MWMW02222  18000000000000                                                                               000
MWMW02236  18000222202220132000 0002222222202     0       3     0     0         0   202220220       2012022
MWMW02269  18000000000000                                                                               000
MWMW02275  182020222020001220000000               2216    2     0 22220     2210    22200   2020    2010220
MWMW02311  18200000222020               0                         0                         0   0   0   000
MWMW02378  18200020000000                                         0                 0                   000
MWMW02380  18000000000000                                                                               000
MWMW02400  18000000000000                                                                               000
MWMW02476  18000000000000                                                                               000
MWMW02531  18000000000000                                                                               000
MWMW02543  18000000000000                                                                               000
MWMW02588  18220200022002                    0                    0     0       0               0   0   000
MWMW02592  18220220002000                                         2010  0       0   0               0   000
MWMW02615  18220200222000                                         2012  0       2002        0   0   0   000
MWMW02689  1800002022222013000000002222020 00     2216          0     0             2232    0   0   0   002
MWMW02723  18000000002020               0                                                           0   000
MWMW02735  18000000000000                                                                               000
MWMW02747  18000000000000                                                                               000
MWMW02751  18000000220000                                                                   0   0       000
MWMW02779  18020022000000                                               0           20002012            000
MWMW027841618222220222222150200010222202220000    0        1    0120220 2012201020120       20220   2222222
MWMW02853  18220020222220 42202000020 0020 00     0       33 1  0 22000 2010        2000    22100   2000000
MWMW02899  182202002200021322222020          2232 2213    32323 0 0     0       0           22222022    020
MWMW02932  18020000200000                                               0                   0           000
MWMW03026  18222200222200132020020020 00          2216    3 2   0222100 0   22120           221022222212220
MWMW03060  18222220222000                                         0     22000   0   0       0   0   0   000
MWMW03071  18200220222202          0  00     0                    0             0   0       20120   0   000
NWNW30020  18200000000000                                         2010                                  000
NWNW30045  18                                                                                              
NWNW30053  18220000022002                    0                    0     0                       0   0   000
NWNW30077  18000000000000                                                                               000
NWNW30081  18000000000000                                                                               000
NWNW30099  18000020220002                    0                                      2032    0   0       000
NWNW30113  18000000000000                                                                               000
NWNW30121  182220002000001020000000               0       2     0 0   0 20102232            2010        200
NWNW30149  18020000000000                                               0                               000
NWNW30154  18000000000000                                                                               000
NWNW30182  18000000000000                                                                               000
NWNW30205  18000000000000                                                                               000
NWNW30218  18000000000000                                                                               000
NWNW30226  18000000000000                                                                               000
NWNW30244  18020000002000                                               0                           0   000
NWNW30259  18000000000000                                                                               000
NWNW30260  18000020000000                                                           0                   000
NWNW30271  18000020000000                                                           0                   000
NWNW30287  18020000000000                                               0                               000
NWNW30293  18002000000002                    0                              2222                        200
NWNW30315  18020000000000                                               0                               000
NWNW30328  182222002220006602022000               20       1 11 0 0   0 22300   2210        0   20100   220
NWNW303301218222022022200 80220200222222          0        11 3 0 0   0 20120       0   0       0   0   002
NWNW30356  18020020000000                                               0           0                   000
NWNW30363  18020000220000                                               0                   0   2012    020
NWNW30374  18220000020000                                         0     0                       2010    020
NWNW30389  18020200000000                                               0       0                       000
NWNW30391  18200200022000                                         0             0               0   0   000
NWNW30409  18020000000000                                               0                               000
NWNW30417  18220000200000                                         0     0                   0           000
NWNW30425  18000000202000                                                                   0       0   000
NWNW30433  18000000000000                                                                               000
NWNW304861118020000200000 600022002               9          13 0     0 2212                2020        000
NWNW30494  18000000000000                                                                               000
NWNW30502  18020000022000                                               0                       20202010020
NWNW30523  18000000022000                                                                       0   0   000
NWNW30535  18020000000000                                               0                               000
NWNW30547  18000000000000                                                                               000
NWNW30551  18000020220000                                                           0       0   0       000
NWNW30568  182220020200021620200200          0    0       2 1   010   0 0   0           2012    2030    020
NWNW30579  18000000000000                                                                               000
NWNW30584  18200000000000                                         0                                     000
NWNW30603  18020002002000                                               2012            0           0   000
NWNW30611  18000000000000                                                                               000
NWNW30624  18200000022000                                         0                             0   0   000
NWNW30639  18000000000000                                                                               000
NWNW30646  18000000000000                                                                               000
NWNW30652  18200000222000                                         0                         0   0   2012020
NWNW30678  18200000200000                                         0                         2020        000
NWNW30680  18002022220200 80000000022202          29            0     0     2012    22220   0   2012    222
NWNW30706  18000000000000                                                                               000
NWNW30719  18000000000000                                                                               000
NWNW30727  180222200000001300000000               20            0     0 2020202020200                   200
NWNW3074312182202000000001300022002               2217 2     22 0 20220 2012    0                       000
NWNW30764  18000000000000                                                                               000
NWNW30770  18000020000000                                                           0                   000
NWNW30788  18000000200000                                                                   2222        000
NWNW30808  18000000000000                                                                               000
NWNW30816  18000000000000                                                                               000
NWNW30829  18200000000202          0  00     0                    0                                     000
NWNW30834  18000200000000                                                       0                       000
NWNW30873  18000000000000                                                                               000
NWNW30885  18000000000000                                                                               000
NWNW30890  18020020000000                                               0           0                   000
NWNW30901  18000000000000                                                                               000
NWNW30922  18000000000000                                                                               000
NWNW30936  18000000022000                                                                       0   2010020
NWNW30948  18000000000000                                                                               000
NWNW30950  18000000000000                                                                               000
NWNW30969  18002002222000 520000000               0       3     0     0     0           0   222222222210020
NWNW30997  18                                                                                              
NWNW31005  180000202200001700000000              0              0     0             2212    22222222    020
NWNW31018  182220222000009920000000              220    992     0 22220 20120       0   0   2020        000
NWNW31026  18000000002000                                                                           0   000
NWNW3103212182222200200001222202202               2288    222 11290   0 20200   0   0           2222    020
NWNW31044  18000000020000                                                                       2010    020
NWNW31060  18020000002000                                               0                           0   000
NWNW31071  18000000200000                                                                   0           000
NWNW31087  18000000000000                                                                               000
NWNW31106  18000000000000                                                                               000
NWNW31119  18220200000020               0                         0     0       0                       000
NWNW31127  18220000002000                                         0     2200                        0   000
NWNW31131  18                                                                                              
NWNW31143  18222200222002                    2232                 0     203220122032        203020302030220
NWNW31155  18000000000000                                                                               000
NWNW31164  18200000020000                                         0                             0       000
NWNW31170  18000000020000                                                                       0       000
NWNW31188  18000000000000                                                                               000
NWNW31192  182202222200001720002200              0        1   112120100 2012    0   22220   22322020    020
NWNW31212  18000000000000                                                                               000
NWNW31220  18000000000000                                                                               000
NWNW31245  18200000002000                                         0                                 0   000
NWNW312531218220200220202122200020222000     0    2217 2  22    020   0 0       2020        0   0       202
NWNW31277  18020000000000                                               0                               000
NWNW31299  18000000000000                                                                               000
NWNW31301  18000000000000                                                                               000
NWNW31322  18000000000000                                                                               000
NWNW31336  18000000000000                                                                               000
NWNW31348  18000000000000                                                                               000
NWNW31350  18020000002000                                               0                           2010020
NWNW31369  18200000220002                    0                    0                         0   0       000
NWNW31375  18000000000000                                                                               000
NWNW31397  18022000020002                    0                          0   0                   0       000
NWNW31403  18000000000000                                                                               000
NWNW31424  18020000200000                                               0                   2020        000
NWNW31439  18000000000000                                                                               000
NWNW31446  18000000000000                                                                               000
NWNW31467  18000000000000                                                                               000
NWNW31478  18000000000000                                                                               000
NWNW31480  18000002000000                                                               0               000
NWNW31495  18000000000000                                                                               000
NWNW32033  18000000000000                                                                               000
NWNW32058  18000000020000                                                                       2010    020
NWNW32061  18000022200000                                                           0   20100           000
NWNW32072  18000000000000                                                                               000
NWNW32086  18000000000000                                                                               000
NWNW32094  18220000022000                                         0     0                       20120   020
NWNW32118  18020000002000                                               0                           0   000
NWNW32144  18000000000000                                                                               000
NWNW32160  18000000000002                    0                                                          000
NWNW32171  18000000002000                                                                           2010020
NWNW32200  18000000000000                                                                               000
NWNW32213  18                                                                                              
NWNW32249  18000000000000                                                                               000
NWNW32265  18000000000200          0  00                                                                000
NWNW32276  18202000002000                                         2010      0                       0   000
NWNW32298  18000000000000                                                                               000
NWNW32302  18000000000000                                                                               000
NWNW32335  18000000000000                                                                               000
NWNW32347  18000000000000                                                                               000
NWNW32368  18000000000000                                                                               000
NWNW32384  18220020220000                                         0     0           0       0   2012    020
NWNW32412  18020000022000                                               0                       20122022020
NWNW32438  18220220222002 820000000          0    0       1     0 20120 2012    0   0       201220120   020
NWNW32445  18222220202002                    0                    0     0   0   20100       0       0   200
NWNW32453  18000000000000                                                                               000
NWNW32466  18000000000000                                                                               000
NWNW32481  1820002020222010000000002222220 00     0             0 22220             2232    0       0   002
NWNW32507  18000000002000                                                                           0   000
NWNW32515  18220220002200 62000000022222          20      2     0 22120 0       0   0               2010022
NWNW32528  18000000000000                                                                               000
NWNW32530  18000000000000                                                                               000
NWNW32556  18000000000000                                                                               000
NWNW32591  18000000000000                                                                               000
NWNW32608  18220000022000                                         0     0                       0   0   000
NWNW32629  18000000000000                                                                               000
NWNW32641  18000000000000                                                                               000
NWNW32673  18020020000000                                               0           2220                000
NWNW32685  18000000000000                                                                               000
NWNW32701  18000000000220          0  000                                                               000
NWNW32750  18020000000000                                               0                               000
NWNW32769  18000200020000                                                       0               0       000
NWNW32775  18000000000000                                                                               000
NWNW32783  18000000000000                                                                               000
NWNW32797  18000000000000                                                                               000
NWNW32803  18000000000000                                                                               000
NWNW32811  18200000222000                                         0                         20220   0   000
NWNW32824  18220000022000                                         0     0                       0   0   000
NWNW32839  18220000002000                                         0     0                           0   000
NWNW32846  18000000000000                                                                               000
NWNW32867  18                                                                                              
NWNW32878  18020000000000                                               0                               000
NWNW32895  18222200022002                    0                    0     0   0   0               20102010020
NWNW32906  18000000000000                                                                               000
NWNW32919  18020000000000                                               0                               000
NWNW32943  18000000002000                                                                           0   000
NWNW32955  18000000000000                                                                               000
NWNW33006  18000000000000                                                                               000
NWNW33027  18000000000000                                                                               000
NWNW33031  18222022202020               20 00                     0     0   0       0   0   0       0   000
NWNW33043  18000000000000                                                                               000
NWNW33064  18                                                                                              
NWNW33070  18                                                                                              
NWNW33107  18000000000000                                                                               000
NWNW33115  18000000000000                                                                               000
NWNW33468  18000000000000                                                                               000
NWNW34489  18000000000000                                                                               000
NWNW34504  18000000000000                                                                               000
SOSO10034  18020000220000                                               2202                0   0       000
SOSO10041  18200200220220 80000000020 0022000     2213          0 20100         0           20220       000
SOSO10125  18000000000000                                                                               000
SOSO10133  180202200000001711001020              0        21  2 0       0       20102230                200
SOSO10201  18000000002000                                                                           0   000
SOSO10222  18020000000000                                               0                               000
SOSO10236  18020022000000                                               0           0   0               000
SOSO10248  18000000000000                                                                               000
SOSO10250  18000000000000                                                                               000
SOSO10275  18220020222022               0    0                    0     0           2202    0   0   0   000
SOSO10303  182000002220201300000000     0         20            0 20320                     20200   2030020
SOSO10311  18220020202200 6220002000  00          2217 2  22    0220120 2012        0       2222    2212020
SOSO10346  18220200222020               0                         0     0       0           0   0   0   000
SOSO1036706182020000220001020000002               2218    2     0 0   0     2010                20122010220
SOSO10378  18200200220002                    0                    0             0           0   0       000
SOSO10395  18220020022000                                         0     0           0           0   0   000
SOSO10400  18000000000000                                                                               000
SOSO10413  18000000000000                                                                               000
SOSO10421  18000000000000                                                                               000
SOSO10437  18000000020000                                                                       0       000
SOSO10449  18000000000000                                                                               000
SOSO10454  18220022222202          20 00     0                    0     0           0   0   22120   0   000
SOSO10476  18200020022000                                         0                 0           0   0   000
SOSO10498  18                                                                                              
SOSO10519  18000000220000                                                                   0   0       000
SOSO10531  18000000000000                                                                               000
SOSO10543  1820022002022016200002002222222222     0       3     030   0         22322200        2022    222
SOSO10555  18020000220000                                               0                   22302200    000
SOSO10570  18200020000002                    0                    0                 2012                000
SOSO10592  18000000020000                                                                       0       000
SOSO10607  18000000000000                                                                               000
SOSO10615  18                                                                                              
SOSO10628  18000200000002                    0                                  0                       000
SOSO10630  18                                                                                              
SOSO10642  18220000002000                                         0     0                           0   000
SOSO10656  18222020022200          0  00                          0     0   0       0           0   0   000
SOSO10674  18000000022000                                                                       22322022020
SOSO10689  18000000000000                                                                               000
SOSO10723  182220002220001411110000               2218 2  2212  0 22220 0   0               201220122020020
SOSO107351318222222220202132000200220 02     0    20      2   2 0 22220 2220223222100   221222222222    220
SOSO10784  182200202000001622202200               2218    322 11220   0 2012        0       2010        000
SOSO10796  18000000000000                                                                               000
SOSO10804  18000000002000                                                                           0   000
SOSO10838  18220222222200152000000020 00          0       1    11 22320 0       20100   2010202020122010220
SOSO10853  18200000000000                                         0                                     000
SOSO10881  182000002220001800000000              0              0 22120                     22120   0   000
SOSO10905  18000020020000                                                           2232        0       000
SOSO10918  18000020000000                                                           0                   000
SOSO10959  182200002000001610000000               20      2     0 0   0 2210                2222        000
SOSO10993  18000000000000                                                                               000
SOSO11001  18000000220000                                                                   0   0       000
SOSO11050  18020200222200          20 22                                0       0           0   0   0   000
SOSO11102  18220000022000                                         0     0                       0   0   000
SOSO11123  182000002200001522222200               0       3221212220100                     20300       000
SOSO11135  18022000002000                                               20200                       0   000
SOSO11147  18200000000020               20 00                     2010                                  000
SOSO11151  18200000200000                                         0                         0           000
SOSO11196  18222200022220          0  0020 02                     0     0   0   0               0   0   000
SOSO11208  18000000000000                                                                               000
SOSO11216  18000000000000                                                                               000
SOSO11229  18000000202000                                                                   0       0   000
SOSO11234  18200000220000                                         0                         0   0       000
SOSO11241  18002000000000                                                   2220                        200
SOSO11257  18000000000000                                                                               000
SOSO11262  18000000000000                                                                               000
SOSO11273  18000000000000                                                                               000
SOSO11290  18000000002000                                                                           0   000
SOSO113051518200220222202122222220222202     0    2215    2222212222220         20102232    222222122210222
SOSO11318  18200000020000                                         0                             0       000
SOSO113261018222022002200132000000222020          2217    2     0 22220 0   2230    0   0           2230222
SOSO11344  18220000000000                                         0     2030                            000
SOSO11359  18200000220000                                         2012                      0   0       000
SOSO11387  18000000200000                                                                   2020        000
SOSO11393  18220222020220          220020                         0     0       0   0   0       0       002
SOSO1140714182222202200001322022202               2213    21 211210   0 0   0   20120       20222022    220
SOSO11415  18000000000000                                                                               000
SOSO11430  18000000022000                                                                       20102010020
SOSO11442  18000000000000                                                                               000
SOSO11474  18000000000000                                                                               000
SOSO11491  18000200022020               20 00                                   0               22000   000
SOSO11504  18222222222220          20 020                         0     0   0   0   0   0   0   0   0   000
SOSO11520  18000000002000                                                                           0   000
SOSO11538  18220000020000                                         0     0                       0       000
SOSO11553  18                                                                                              
SOSO11577  18000000002000                                                                           0   000
SOSO11581  18020000220000                                               0                   0   0       000
SOSO11599  18220020002000                                         0     0           0               0   000
SOSO11613  182200000220001621011100               2217 0  32 12 0220100 2020                    0   0   000
SOSO11621  18000000000000                                                                               000
SOSO11637  18000000000000                                                                               000
SOSO11649  18000000000002                    0                                                          000
SOSO11654  18222000000000                                         0     0   0                           000
SOSO11665  18000000200000                                                                   2010        000
SOSO11676  18222222222222112000020022220222220    0       2     0122120 22120   223020222212221220122012222
SOSO11682  18000000000000                                                                               000
SOSO11717  18220200002200161220020022222          2216    232   020   0 0       2022                0   202
SOSO11758  18020000000000                                               0                               000
SOSO11772  18200022220000                                         0                 22220   0   0       000
SOSO11786  18000000000000                                                                               000
SOSO11794  18000000000000                                                                               000
SOSO11806  18000000000000                                                                               000
SOSO11819  18000000002000                                                                           0   000
SOSO11870  18000000000000                                                                               000
SOSO11888  18000000000000                                                                               000
SOSO11892  18000000000000                                                                               000
SOSO11903  182220002200201800000000     0                       0 22220 0   0               22122012    020
SOSO11911  18                                                                                              
SOSO11924  18000000000000                                                                               000
SOSO11939  180220220220001000000000               0             0     0 22120       0   2232    22300   020
SOSO11946  18000000000000                                                                               000
SOSO11952  18000000000000                                                                               000
SOSO11967  18000000220000                                                                   0   0       000
SOSO11978  18222200202000                                         0     0   0   0           2012    0   000
SOSO1198017182000002220021500000022          2232 0             0 2222                      0   22220   020
SOSO11995  18220200220000                                         0     0       0           0   0       000
SOSO12013  182200000200001020200200               0       2 2   0322220 2232                    2212    020
SOSO12037  182000002220001620100100               0       3 2   0220100                     222022302220020
SOSO1205415182220202220201300000002     0         2216          0 0   0 0   0       0       202220120   020
SOSO12076  18000000020000                                                                       0       000
SOSO12082  18200000020000                                         0                             0       000
SOSO12098  18000000002000                                                                           0   000
SOSO12114  18                                                                                              
SOSO12122  182202000220021722222200          202020       33322 0322300 2232    2222            22302232220
SOSO12150  18000000000000                                                                               000
SOSO12169  18220000202000                                         0     0                   0       0   000
SOSO12175  18020000022000                                               0                       0   0   000
SOSO12197  18220000222000                                         0     0                   0   0   0   000
SOSO12209  18000000000002                    2030                                                       000
SOSO12217  18200000220000                                         2010                      0   0       000
SOSO12225  180200202000001000000000               0             0     0 2000        2010    2012        000
SOSO12240  18222220222200120000200020 02          0           2 0 22120 2232201220122012    201220122012220
SOSO12261  18200000220000                                         0                         0   0       000
SOSO12272  18220000202000                                         0     0                   2222    0   000
SOSO12294  18000000000000                                                                               000
SOSO12306  18220000200000                                         0     0                   0           000
SOSO12319  18000000000000                                                                               000
SOSO12327  18200000020000                                         0                             0       000
SOSO12331  18200000002000                                         0                                 0   000
SOSO12343  18020000020000                                               0                       0       000
SOSO12355  18200000000000                                         0                                     000
SOSO12364  18000000000000                                                                               000
SOSO12370  18000000000000                                                                               000
SOSO12392  18000000002000                                                                           0   000
SOSO12416  18200020222202          0  00     0                    0                 0       0   0   0   000
SOSO12434  18202020222000 722211100               0       1121111220120     0       2012    201220102022020
SOSO12441  18                                                                                              
SOSO12462  18022200000000                                               0   0   0                       000
SOSO12473161822000022220010222202220  00          0       3331 1222232  0                   223222320   020
SOSO124901618222220220200112200000222220          0       33    0 0   0 223222220   2222    0   2012    222
SOSO12503  18200000222000                                         0                         0   0   0   000
SOSO12524  18000000000000                                                                               000
SOSO12539  18000000000000                                                                               000
SOSO12552  18200000220000                                         0                         0   0       000
SOSO12567  18000000000000                                                                               000
SOSO12580  18000000000000                                                                               000
SOSO12595  18000000000000                                                                               000
SWSW20010  182200002220006622000000               0       32    0 0   0 2222                22220   0   000
SWSW20035  18000000000000                                                                               000
SWSW20051  18000000000000                                                                               000
SWSW20068  18200000222002142121 100          2210 0       1111 11122100                     201020022012020
SWSW20079  18                                                                                              
SWSW20096  18000020222000                                                           0       221220000   000
SWSW20103  18200020222200102220000022022          0       322   0 0   0             2222    222222222212022
SWSW20111  18000000000000                                                                               000
SWSW20146  18000000000000                                                                               000
SWSW20152  18000000000000                                                                               000
SWSW20178  18000000000000                                                                               000
SWSW20180  18202020200022               0    2232                 0         0       2232    0           000
SWSW20195  18000000200000                                                                   2012        000
SWSW20228  180020022220021810001000          2230         2   2 0     0     0           0   222222222222020
SWSW20230  18                                                                                              
SWSW20242  18000000000000                                                                               000
SWSW20274  18000000000000                                                                               000
SWSW20309  18200020200000                                         0                 0       0           000
SWSW20340  18000000000000                                                                               000
SWSW20361  18000020000000                                                           0                   000
SWSW20372  18002220200000 700021020               0          22 0           0   0   2232    2022        000
SWSW20419  18                                                                                              
SWSW20427  18000200000002                    2232                               0                       000
SWSW20431  18200000202002                    0                    0                         0       0   000
SWSW204431418222220222000 522202202               20      323 3 0322220 2222222222222222    222222222222220
SWSW20464  18000000000000                                                                               000
SWSW20488  18000000200000                                                                   0           000
SWSW20500  18220000000000                                         0     0                               000
SWSW20513  18002200020020               0                                   0   0               0       000
SWSW20582  18020000222000                                               0                   0   0   0   000
SWSW20598  18000000000000                                                                               000
SWSW20614  18222002222202          20 00     0                    2010  0   0           0   0   0   0   000
SWSW20622  18000000000000                                                                               000
SWSW20636  18000000000002                    2020                                                       000
SWSW206501018220220222202170110 00222002     0   0         22   0 20200 2022    0   0       0   0   0   002
SWSW20669  18200000000000                                         0                                     000
SWSW20697  18                                                                                              
SWSW20708  182202202220021620010000          0    0       2  1  0 22200 0       0   0       222022202220020
SWSW20716  18000000000002                    0                                                          000
SWSW20729  18                                                                                              
SWSW20741  18000000020000                                                                       0       000
SWSW20757  18000000222000                                                                   0   0   0   000
SWSW20762  18200020000000                                         2012              0                   000
SWSW20773  18000000000000                                                                               000
SWSW20790  18000000000000                                                                               000
SWSW20818  18220022222222 50000000022200222002232 0             0 22220 2232        22320   223222302232022
SWSW20826  18020200002000                                               0       0                   0   000
SWSW20859  18220020220022               222000                    0     0           0       20002000    000
SWSW20860  18000000220000                                                                   20100       000
SWSW20887  18222000002000                                         2222  0   0                       0   000
SWSW20893  18000000022000                                                                       0   0   000
SWSW20904  18000000200000                                                                   2222        000
SWSW20920  18022022022000                                               0   0       0   0       0   0   000
SWSW2093816182200202220006620000202               20      2     0220020 2212        2230    201022120   020
SWSW20945  18220200020000                                         0     0       0               0       000
SWSW20953  18220000202000                                         0     0                   0       0   000
SWSW20966  18222220220202 50000000022002     0    2217 2        0 20120 0   0   0   0       0   2022    022
SWSW20981  18000200000002                    0                                  2000                    000
SWSW21007  18000220000000                                                       0   0                   000
SWSW21015  18000000000000                                                                               000
SWSW21028  18220000202000                                         0     0                   0       0   000
SWSW21042  18022200220200          22022                                0   0   0           0   0       002
SWSW21074  18202220222222142112102022220222202220 0       3222221 2210      0   0   0       0   22100   022
SWSW21089  18220000000000                                         2000  2000                            000
SWSW21157  18220002200000                                         0     0               0   2000        000
SWSW21162  18000000222000                                                                   0   0   0   000
SWSW21185  18222000020000                                         0     0   0                   0       000
SWSW21190  18220000020000                                         2012  0                       0       000
SWSW212021318222020022200132201212222220          0       33 13 010     0   2222    2230        0   0   202
SWSW21210  18220000000020               22202                     0     0                               000
SWSW21247  18020200000000                                               2202    2222                    200
SWSW21251  18200020020000                                         0                 0           0       000
SWSW21268  18200000222002                    2230                 0                         22200   0   000
SWSW21284  18200020022202          22222     0                    0                 0           0   0   002
SWSW21296  18000000000000                                                                               000
SWSW21304  180000222000201720200000     0         2219    2 1   0     0             20100   2012        000
SWSW213121618222022222222 52220000222022220220    20      212   0 0   0 0   2010    22322212201220122012222
SWSW21345  182222222220001220012020               0       2  2221 2212  22222220222222222212221222222212220
SWSW21353  18220000000020               0                         0     2222                            000
SWSW21366  18000000000000                                                                               000
SWSW21377  18000000022000                                                                       0   0   000
SWSW21381  18020000220000                                               0                   0   0       000
SWSW21401  18022000002000                                               0   0                       0   000
SWSW21436  182202202220001300000000               0             0 22320 0       0   2232    203222220   020
SWSW21448  18222220022000                                         0     0   0   0   2010        0   0   000
SWSW21450  18                                                                                              
SWSW21469  18200020020000                                         2222              0           0       000
SWSW21483  18200000020000                                         0                             0       000
SWSW21526  18020000000000                                               2000                            000
SWSW21532  18020000000000                                               2022                            000
SWSW21544  18020000022000                                               0                       20020   000
SWSW21559  18020000000000                                               0                               000
SWSW21571  18000000202000                                                                   0       0   000
SWSW21587  18000000000000                                                                               000
SWSW21606  18022220222000                                               0   0   0   0       20020   0   000
SWSW21619  18020000000000                                               0                               000
SWSW21627  18000020000002                    2010                                   2010                000
SWSW21643  18000000220000                                                                   0   0       000
SWSW21655  18220220200200171000 00020 02         22217 0  2     0 20120 0       0   2022    2022        000
SWSW21688  18200000220000                                         0                         0   0       000
SWSW21724  18022200200000                                               0   20002000        0           000
SWSW21739  18200200002000                                         0             0                   2000000
SWSW21746  182202002200026621221100          0    2213    2122311222120 2012    2222        22222212    220
SWSW21752  18200000002002                    0                    0                                 0   000
SWSW21778  18220220202002                    0                    0     2212    0   0       0       0   000
SWSW21780  18022000000000                                               20100                           000
SWSW21800  18022220222202132000000020 20     0    0       2     0     0 0   221222222212    221222120   220
SWSW21837  18200200022000                                         0             0               0   0   000
SWSW21898  18000000020000                                                                       0       000
SWSW21909  18200000000000                                         2222                                  000
SWSW21917  18000020002000                                                           0               0   000
SWSW21933  18222200222000                                         0     0   20222012        20000   0   200
SWSW21961  18000000000000                                                                               000
SWSW21986  18020200002000                                               0       0                   0   000
SWSW22019  18000000000000                                                                               000
SWSW22031  18222020222002                    0                    0     0   0       0       0   0   0   000
SWSW22043  18000000000000                                                                               000
SWSW22070  18022000020200132000 00022000          0       2     0     0 0   2230                2010    222
SWSW22128  18020000000000                                               0                               000
SWSW22142  182222002200001700000200              0              0220100 22300   0           22302022    020
SWSW22189  182220022220001700000000              0              0 22220 0   2000        0   223022222212020
SWSW221911418202220220202112000 00222222     2232 20      2     0 0   0     222222202232    22200       202
SWSW22211  18220000022000                                         2022  0                       0   0   000
SWSW22224  18000000000000                                                                               000
SWSW22246  18220200000000                                         0     0       0                       000
SWSW22252  18202000002000                                         0         2002                    2210020
SWSW22267  18222220022202 72000200022020     2232 0       3   3 0 22120 2210221022102210        0   2210222
SWSW22295  18222222200002                    0                    0     0   0   0   0   0   0           000
SWSW22300  18222202202002                    0                    0     0   22320       0   0       0   200
SWSW22313  18000000020000                                                                       0       000
SWSW22349  18000000200000                                                                   0           000
SWSW22376  1822022022220013200000000  00          0       2     0 0   0 0       20102022    0   0   0   200
SWSW22382  18000000000000                                                                               000
SWSW22398  18020000000000                                               0                               000
SWSW22402  18000000000000                                                                               000
SWSW22410  182200000220001600000100               0             0120120 0                       20100   020
SWSW22447  18222222222000                                         0     0   0   0   0   0   0   0   0   000
SWSW22451  18000000022000                                                                       20120   020
SWSW22468  18220000002000                                         0     0                           0   000
SWSW22479  18200000200000                                         0                         0           000
SWSW22484  18000000000000                                                                               000
SWSW22509  18220000000000                                         0     0                               000
SWSW22517  18022000000000                                               0   0                           000
SWSW22525  18000200000000                                                       0                       000
SWSW22533  18220220200002                    2232                 0     2232    0   0       2002        000
SWSW22558  18202220220000 900002000               0           3 0 0   0     22200   2230    0   0       200
SWSW22561  18200000020000                                         0                             0       000
SWSW22586  182000202200021200200000          2022 0         1   0 0   0             2212    22022022    020
SWSW22594  180200000020001710002000                       2   2 0     0 2020                        2020020
SWSW22605  18000000000000                                                                               000
SWSW22626  182200002220001521110200               0       3222  0322320 2232                223222222222020
SWSW22644  18220000000000                                         0     0                               000
SWSW22659  18000000000000                                                                               000
SWSW22671  18222020202200          22200                          0     0   0       0       0       0   002
SWSW2270416180222000020006622222002               0       2233322     0 222022302220                0   200
SWSW22712  18000000000000                                                                               000
SWSW22720  18000000200000                                                                   0           000
SWSW22745  18000000002000                                                                           0   000
SWSW22753  18200200002000                                         2000          0                   0   000
SWSW22766  18000000000000                                                                               000
SWSW22781  18222222222222152000002022222222220    2215    3     0 0     22322212220222122202202222222202222
SWSW2279912182200002220001220000002               2216    2     0 22200 0                   222022200   020
SWSW22801  18000000200000                                                                   2002        000
SWSW22850  18220000220202121201000022002     2032 0       32 1  0 22320 2222                22222022    022
SWSW22869  18000000200000                                                                   2012        000
SWSW22875  18000000000000                                                                               000
SWSW22897  182222202220021520022000          2030 20      2  22 0 0   0 0   20120   2010    22220   2232220
SWSW2293414182202002220021712022002          0   0        22 22 0 0   0 0       0           222222222212020
SWSW22957  18000000002000                                                                           0   000
SWSW22962  18222220220022               20 002012                 2210  0   0   22000       0   0       000
SWSW22973  18000000200020               0                                                   0           000
SWSW22985  18220220200002                    0                    0     0       0   0       2210        000
SWSW22990  18220220222202122222020020 00     0    2216    3221 2230   0 0       20100       22320   0   200
SWSW23029  18000002002000                                                               0           0   000
SWSW23034  18200000000000                                         0                                     000
SWSW23041  18200000002000                                         0                                 0   000
SWSW23062  182220002200021000000000          0    2217 2        0 0   0 20122220            0   0       200
SWSW23073  18222222222202 90000 2200  00     2030 0            2112212  20002000223220122000223222202232220
SWSW23085  18000220022200          20 02                                        0   0           0   0   000
SWSW23090  18000000000000                                                                               000
SWSW23109  180222222220001422210020               2215    3331  0       0   0   0   0   0   22200   2010020
SWSW23125  18220200000000                                         0     0       2000                    000
SWSW23133  18000020002000                                                           0               2210020
SWSW23140  18000000000000                                                                               000
SWSW23158  18000000002000                                                                           0   000
SWSW2317206180222000020001400000002               2217 2        0     0 203222122212                0   200
SWSW2319406182220002000001210000002               2217 2  2     0 0   0 22200               2010        000
SWSW23201  18                                                                                              
SWSW23269  18000000200000                                                                   0           000
SWSW23303  18020200222000                                               0       0           0   0   0   000
SWSW23339  18020000000002                    2232                       0                               000
SWSW23346  182222202220021222022000          2232 20      32 22 0 22320 22320   22322022    22200   2200200
SWSW23367  18200000000000                                         0                                     000
SWSW23395  18000000020000                                                                       0       000
SWSW23400  18200020020000                                         0                 2222        0       000
SWSW23413  18000000200002                    0                                              2000        000
SWSW23437  18000000000000                                                                               000
SWSW23449  18000000222000                                                                   22020   0   000
SWSW23454  18000000000000                                                                               000
SWSW23465  18020020200020               20 00                           0           0       2002        000
SWSW23476  182200000220001320000000               0       2     0 20120 0                       0   2010020
SWSW23482  18000000002000                                                                           0   000
SWSW23498  18222222222202151000200022220     0    0       3   3 0 0   0 20120   0   22320   20300   0   002
SWSW23519  18000000000000                                                                               000
SWSW23531  18200020000000                                         0                 0                   000
SWSW23543  18220220002000                                         0     0       0   0               0   000
SWSW23555  18000000000000                                                                               000
SWSW23564  18000000000000                                                                               000
SWSW23588  18220222222020 100000000     0         2212          0 20020 0       20102032223220220   0   200
SWSW23630  18220000222000                                         0     0                   0   0   0   000
SWSW23642  18022200022000                                               0   0   0               0   0   000
SWSW23663  18020000002000                                               0                           0   000
SWSW23689  18                                                                                              
SWSW23691  18220000222000                                         0     0                   0   22220   020
SWSW23702  18000000000000                                                                               000
SWSW23710  18002220022000                                                   0   0   2020        0   0   000
SWSW23735  18000202022000                                                       0       0       20020   000
SWSW23747  18000020000000                                                           0                   000
SWSW23751  18002000022000                                                   0                   0   0   000
SWSW23768  18200000200000                                         0                         2000        000
SWSW23804  180000002220001401100000               0        22   0     0                     201222122212020
SWSW23812  18020000020000                                               0                       0       000
SWSW2382016182222222222201211100102222020         2217 2  211  11120120 20022002200222220   22020   2002002
SWSW23838  18020000000000                                               0                               000
SWSW23845  18000000000000                                                                               000
