EAEA40015 1800000000                                                                                  
EAEA4005601802202022 2222 22 202022020000022221       222 22  0     22 20          2222 0           22
EAEA40108 1800000000                                                                                  
EAEA40129 18020000000 0                                                                               
EAEA40141 1800000000                                                                                  
EAEA40157 18                                                                                          
EAEA40185 18000020002                                                                              0  
EAEA4023521800200022 0220 22 002200200002022040202 102222     00 0 2  0        0   0 0 2  3 3  020  20
EAEA40247 18000000200 0                                                                               
EAEA40251 1800000022 20                                                                               
EAEA40304 18000000020 0                                                                               
EAEA40312218000000020 200 22 000000000000200          202      0 0               20                 00
EAEA40353 1800200220 0                               0                                                
EAEA40399 18000020000 0                                                                               
EAEA40414 1802022222 0                               0                                            0   
EAEA4042221802002022 0202 02 0020000222222202409220002222     22220    220 2220222222   2  32  0 0  20
EAEA40436 1800000000                                                                                  
EAEA40450 1800000022 20                                                                               
EAEA40475 1802002020 0                               0                                                
EAEA40497018000000020 202 00 000000002000000                             22                         00
EAEA40505 1800202020 00                              2                                                
EAEA4051821800000022 0202 22 000000000000200         2222      0 0               22                 20
EAEA40526 1800000000                                                                                  
EAEA4056021802022220 0220 22 1020000020002000        2112 0   0220       0       0     0          0 20
EAEA40619 1800000000                                                                                  
EAEA40631 1800000000                                                                                  
EAEA40643 1800000000                                                                                  
EAEA40655 1802002022 0                               0                                                
EAEA40664 1800000000                                                                                  
EAEA40692 1802000022 00                              2                                                
EAEA40724 1800202020 00                              2                                                
EAEA40746 1800000000                                                                                  
EAEA4075221800000022 2222 02 0002200000000000         212      220 22                  0            22
EAEA40767 1800000202 0                               0                                                
EAEA40778 18                                                                                          
EAEA40780 1802202220 0                               0                                                
EAEA40821 1800000000                                                                                  
EAEA40849 1800000022 00                              2                                                
EAEA4086521802002220 0222 02 2020000022022020422120202220 20  0220       0 20  220   0 2 2322  030  20
EAEA40876 18                                                                                          
EAEA4088221822222022 0222 02 2222222222222222422220202222 22122220 22222222202022222222 23333 32300 22
EAEA4090921802000220 0222 22 0022022000022222300010002022     0220 2 20        0 0 2020 2   2  0 0  22
EAEA40917 1800000022 0                               0                                                
EAEA40925 1800000220 0                               0                                                
EAEA40958 1800000000                                                                                  
EAEA4097221802222022 2222 02 202200222200222240220020 222 0   2200 2  0220 22    22200  2 22   0302 20
EAEA40986 1800000000                                                                                  
EAEA40994 18000000020 0                                                                               
EAEA4101021802200222 0222 22 2022200000020002400020002222 0   0200 22          20       2   1  0 0  22
EAEA41047 1800000022 00                              2                                                
EAEA41051 18020000000 0                                                                               
EAEA41079 1822022022 0                               0                                            2   
EAEA41084 18000000022                                                                              0  
EAEA4109601800000222 0200 20 000200020000000         2             0   20                           00
EAEA41111 18000000202                                                                              0  
EAEA41124 18000000200 0                                                                               
EAEA41152 1800000222 0                               0                                                
EAEA41178 18000000020 0                                                                               
EAEA4119521800000022 0222 22 0022000202020000        2210     0200 0   22  20  20      0            20
EAEA41207 1800000000                                                                                  
EAEA41242 1800000000                                                                                  
EAEA4127421802002022 0220 02 2202002022000002400000002022 0 10 0 0 2  0  0 0            2      0 0  20
EAEA41289 18000000020 0                                                                               
EAEA41325 1800002200 0                               0                                                
EAEA41333 1800000000                                                                                  
EAEA41361 1800000000                                                                                  
EAEA41372 1800000000                                                                                  
EAEA41386 1802000220 20                                                                               
EAEA41394 1800000000                                                                                  
EAEA41419 1800000000                                                                                  
EAEA41431 1800200022 0                               0                                                
EAEA4144321802002020 0202 22 0002222200000002400200202222      200 200220               2  2   030  22
EAEA41455 1802000002 0                               0                                                
EAEA43011 1800000000                                                                                  
EAEA43024 1800000000                                                                                  
EAEA43039 1802020220 0                               0                                            2   
EAEA43052 1800202002 0                               0                                                
EAEA4306721800000220 0200 20 000000200000002         2         0 0    0              0              00
EAEA43078018002000002 222 22 000200002202220232000020 022          2     2222  222220   22    1210 220
EAEA43095 1800000000                                                                                  
EAEA43138 1800000000                                                                                  
EAEA43145 18                                                                                          
EAEA43153 18000000020 0                                                                               
EAEA43166 1800000000                                                                                  
EAEA43177 18000020000 0                                                                               
EAEA43181 1800000222 0                               0                                                
EAEA4320601800000222 0202 20 0002220000020220400000002             022         22  20222       0 0  02
EAEA43231 1800000000                                                                                  
EAEA43255 18000000200 0                                                                               
EAEA43270 1800000222 00                              2                                                
EAEA4329201800202022 0202 00 000000000002000         2                         0                    00
EAEA43334 1800000000                                                                                  
EAEA43357 1800000000                                                                                  
EAEA4337321802002220 0222 02 202000000002200         2200 0   20 0             0 0                  00
EAEA43390 1800000220 0                               0                                                
EAEA43426 1800000000                                                                                  
EAEA4345921802002022 0222 20 000020000000000         2         0 0  2                               02
EAEA4354821800000022 0202 20 000200000000000         2         220 2                                00
EAEA43550 1800020000 20                                                                           2   
EAEA43583 18000000200 0                                                                               
EAEA43602 1800000000                                                                                  
EAEA43635 1800202000 0                               0                                                
EAEA43651 1800000000                                                                                  
EAEA43684 1800000000                                                                                  
EAEA43707 1800000000                                                                                  
EAEA43715 1800202020 0                               0                                                
EAEA4374221822202222 0202 00 0000200202020202400000002         0 0  0  20  22  0   22   2      0 0  02
EAEA43774 1800000000                                                                                  
EAEA43789218000002000 222 02 000200000000200          020      0 0 0             0                  20
EAEA43817 18000000202                                                                              0  
EAEA43825 1800000000                                                                                  
EAEA43840018000000020 200 00 000000000000000                                                        00
EAEA43858 1800000000                                                                                  
EAEA43861 1800000202 0                               0                                                
EAEA43886 1800000000                                                                                  
EAEA43913 18000000020 0                                                                               
EAEA43921 1800000000                                                                                  
EAEA43937 1800002020 00                              2                                                
EAEA43965 1802222022 0                               0                                            0   
EAEA4398221800202020 0222 02 0002202000022022420200002220      200 22 2        0 0   0  22 2   0 0  22
EAEA43998 18000000200 0                                                                               
EAEA44017 1800000000                                                                                  
EAEA44025218000000022 202 22 200200000000000240022000 220 20   200 0                    2  31  0 0 220
EAEA44033 1802000022 0                               0                                                
EAEA44040 18000000020 0                                                                               
EAEA44058 1800000022 0                               0                                                
EAEA44072 1800000000                                                                                  
EAEA44086 18000000020 0                                                                               
EAEA4409401800000022 0202 22 000000000000000         2200                                           00
EAEA44126 1800000000                                                                                  
EAEA44144 18000000200 0                                                                               
EAEA44160 1802000222 00                              2                                                
EAEA44171 1800000000                                                                                  
EAEA4420001800002222 0222 22 0002000200222002320000002222          2   0     0 2022     01     0 0  20
EAEA44213 1800000022 00                              2                                                
EAEA44221 1800002020 00                              2                                                
EAEA44249 1800000000                                                                                  
EAEA44254 18000000200 0                                                                               
EAEA4426521800000022 0200 02 000000000000000         2000      0 0                                  00
EAEA44298 1800000000                                                                                  
EAEA44302 18020000000 0                                                                               
EAEA44310 1800000022 0                               0                                                
EAEA44351 18000000200 0                                                                               
EAEA44368 1802000022 20                                                                               
EAEA44379 18000000202 0                                                                            2  
EAEA44396 18000000020 0                                                                               
EAEA44453218000000020 200 02 000200002200200240002020 222      0 0 0     0 22    0      2   1  030  20
EAEA4448121800002022 0202 22 0002220200220222202000202222      0 0 222 20    2022  2222 0 2    030  22
EAEA44515 1800000000                                                                                  
EAEA4503401802002020 2220 02 000000000000000          200                                           00
EAEA45041 1800200222 0                               0                                                
EAEA45057 1800000022 20                                                                               
EAEA45062 1800000022 00                              2                                                
EAEA45085 18000002000 0                                                                               
EAEA4515821802222222 0202 02 2022000220022222402222202222 22  2220 2   220     0 0 220  2 223322302 20
EAEA45172 1800000000                                                                                  
EAEA45194 1800000222 00                              2                                                
EAEA4520121802002222 0222 22 2200000022022222402100202212 0 10 0 0       2020  22202222 2 22   020  20
EAEA45236 18000000202 0                                                                            2  
EAEA45248 1802000022 0                               0                                                
EAEA45275 1800000000                                                                                  
EAEA45283 1802222020 0                               0                                            0   
EAEA45303 1800000000                                                                                  
EAEA45311 1800000000                                                                                  
EAEA4532421802000022 0202 22 0002000000000000400000002222      200 0                   2       0 0  20
EAEA4534621800000022 2222 22 0002222200000000         012      0 0 000022              0            22
EAEA45352 1800000000                                                                                  
EAEA45367 1800002002 0                               0                                                
EAEA45395 1800000000                                                                                  
EAEA45400 1800000000                                                                                  
EAEA45437218000000022 222 02 200200002000220040000020 202 22   200 2     20      2220  2       030 200
EAEA4545421800000022 2222 20 000202020000000230000000          200 0 2 20               2      0 0  02
EAEA45476 1802202020 20                                                                               
EAEA45498 1800002022 0                               0                                                
EAEA45506 1800000022 00                              2                                                
EAEA45527 1800000022 0                               0                                                
EAEA45531 1800000000                                                                                  
EAEA45555 1802000022 0                               0                                                
EAEA45570 1800000022 0                               0                                                
EAEA45588 1800000022 0                               0                                                
EAEA45592018000000202 202 22 002200000000000          202     2    2                               200
EAEA45628 18000000200 0                                                                               
EAEA4563021802202022 0202 22 0020000000022000400000002222     2220             2220    2       0 0  20
EAEA4564221802022222 0202 22 0002020000000000        2010      200 0 0                 0          2 22
EAEA45663 1800000202 0                               0                                                
EAEA45674 1800000000                                                                                  
EAEA45702 1800020000 20                                                                           2   
EAEA45735 1800000000                                                                                  
EAEA45747 1802000002 0                               0                                                
EAEA45751 18000000022                                                                              0  
EAEA4576821800000022 0202 02 0002000220022202400000222122      200 2   0 20    0 2020   0      01   20
EAEA4579621800202222 0202 22 0022000000000002400000002222     2220 2                    0      0 0  20
EAEA45812 1800000000                                                                                  
EAEA45845018000000202 202 20 000000000000000                                                       200
EAEA45866 1800000000                                                                                  
EAEA45899 18020000000 0                                                                               
EAEA45918 1800000022 0                               0                                                
EAEA45944 1800000000                                                                                  
MWMW00175 1800000000                                                                                  
MWMW00183 1800000000                                                                                  
MWMW00217 1800000000                                                                                  
MWMW00258 1800000000                                                                                  
MWMW00272218000002002 222 00 002000000000000                  0220                                 200
MWMW00286 1800000000                                                                                  
MWMW00331 1800000000                                                                                  
MWMW00355 1800000000                                                                                  
MWMW00364 1800000000                                                                                  
MWMW00408 18000000020 0                                                                               
MWMW00416 1800000000                                                                                  
MWMW00441 1802202000 20                                                                               
MWMW00457 1800000000                                                                                  
MWMW00462 1800000000                                                                                  
MWMW00473 18200000000 0                                                                               
MWMW00485 1800000000                                                                                  
MWMW00539218020000000 222 22 002202200000000240000020 222     2220 2 22                 2      030  22
MWMW00546 1800000000                                                                                  
MWMW00552 1800000000                                                                                  
MWMW00578 1800000000                                                                                  
MWMW00580 1800000000                                                                                  
MWMW00595 1800000000                                                                                  
MWMW00612 18000000202                                                                              0  
MWMW00638 1800000000                                                                                  
MWMW00645 1802000222 20                                                                               
MWMW0065301802002000 2222 22 002000000000000          220     2                                     20
MWMW0069901800000022 0200 00 000000000000000         2                                              00
MWMW00718 1800000000                                                                                  
MWMW00726 1800000000                                                                                  
MWMW0077121800000022 0202 02 2002002000000002400000222220 0    200 0  0                 0      02   20
MWMW00863 1822002200 0                               0                                                
MWMW00874 1800000000                                                                                  
MWMW00889 1802202022 0                               0                                                
MWMW00891 18020000000 0                                                                               
MWMW00947 1800002020 0                               0                                                
MWMW00968 1800000000                                                                                  
MWMW0108601802000022 2222 22 000202000000000          002          0 0                              02
MWMW01160 1800000000                                                                                  
MWMW0117101822000222 0222 22 0202000000220002300000202022   20     2         220        2      010  20
MWMW01200 1800000000                                                                                  
MWMW01249 1800002200 0                               0                                                
MWMW01276 18000000200 0                                                                               
MWMW01302 1800000000                                                                                  
MWMW01347 1800000000                                                                                  
MWMW01351 1800000000                                                                                  
MWMW01396 1822202220 0                               0                                                
MWMW01420 1800000000                                                                                  
MWMW01438 1800000000                                                                                  
MWMW01528 1800000000                                                                                  
MWMW01591 1800002002 0                               0                                                
MWMW01629 1800000000                                                                                  
MWMW0165721802202222 0220 22 0002002200022200        2202      0 0 0  20       0 0 20  0            00
MWMW01673 18000002000 0                                                                               
MWMW01685 18020000000 0                                                                               
MWMW01852 1802000202 0                               0                                                
MWMW01895 18000000020 0                                                                               
MWMW01906 1800000000                                                                                  
MWMW01927 18                                                                                          
MWMW01943 1800000000                                                                                  
MWMW01988 1800000000                                                                                  
MWMW02008 18                                                                                          
MWMW02016 1802000022 00                              2                                                
MWMW02041 18000000200 0                                                                               
MWMW0205721800000022 0222 22 0022002000000000        2122     0220 2  2                0            20
MWMW02117 1800000222 0                               0                                                
MWMW02125 18000000200 0                                                                               
MWMW02158 18000000020 0                                                                               
MWMW02161 1800000000                                                                                  
MWMW02172 18000000020 0                                                                               
MWMW02222 1800000000                                                                                  
MWMW02236018000000020 222 00 1002000200020000             20       0   22      0       0            00
MWMW02269 1800000000                                                                                  
MWMW02275 1800000022 20                                                                               
MWMW02311 1800000000                                                                                  
MWMW02378 18000000022                                                                              0  
MWMW02380 1822202222 0                               0                                                
MWMW02400 1800000000                                                                                  
MWMW02476 18000000022 0                                                                            2  
MWMW02531 1800000000                                                                                  
MWMW02543 18000000200 0                                                                               
MWMW02588 1802002000 20                                                                               
MWMW02592 1800000000                                                                                  
MWMW02615 1802000002 20                                                                               
MWMW02689 1802002222 20                                                                               
MWMW02723 1800000000                                                                                  
MWMW02735 1822222222 0                               0                                            0   
MWMW02747 1800000000                                                                                  
MWMW02751 1800000000                                                                                  
MWMW02779 1802000020 20                                                                               
MWMW0278421802200020 0202 20 0002020000020000400000202         200 2 2         20      2       030  02
MWMW0285321802200202 0222 02 2020220200022200320000202220 22  0200  00 20      220 0   2 2     020  22
MWMW0289921802020022 0222 22 2202200000020222420202222220 2202 200 20          22  2222 23 3 3 02 2 22
MWMW0293221800000022 0222 22 0022222222222002400000202220     020202222222220202020     0      010  22
MWMW03026 1802202000 00                              2                                                
MWMW03060 1800000000                                                                                  
MWMW0307101802202202 0200 02 0002200002022220        2020          00      20  0 0 0 0 0            22
NWNW30020 1800000000                                                                                  
NWNW3004521822222222 0222 22 2022222009999999        2222 0   2220 2222                           2 22
NWNW30053 1800020000 20                                                                           2   
NWNW30077 18200000000 0                                                                               
NWNW30081 1800000000                                                                                  
NWNW30099 1800000000                                                                                  
NWNW30113 1800000000                                                                                  
NWNW3012121802020220 0200 20 220200000002200         2    0 02 220 2           0 0                0 00
NWNW30149 1800000000                                                                                  
NWNW30154 18000020000 0                                                                               
NWNW30182 1800000000                                                                                  
NWNW30205 1800000000                                                                                  
NWNW30218 1800000000                                                                                  
NWNW30226 18000020000 0                                                                               
NWNW30244 1800000000                                                                                  
NWNW30259 18000000200 0                                                                               
NWNW30260 18000000020 0                                                                               
NWNW30271 1800000000                                                                                  
NWNW30287 1800000000                                                                                  
NWNW30293 1800200020 00                              2                                                
NWNW30315 18000000200 0                                                                               
NWNW3032821802000002 0222 02 2220000220002220300000202222 22020200     200       0 0 0 2       010  20
NWNW30330 1820000200 0                               0                                                
NWNW30356 1802202220 20                                                                               
NWNW30363 18000002000 0                                                                               
NWNW30374 1802202020 0                               0                                                
NWNW30389 18000000200 0                                                                               
NWNW30391 1802022002 00                              2                                            0   
NWNW30409 18000020000 0                                                                               
NWNW30417 1802200020 0                               0                                                
NWNW30425 1800000000                                                                                  
NWNW30433 18200000000 0                                                                               
NWNW30486 1802202220 0                               0                                                
NWNW30494 1800000000                                                                                  
NWNW3050201820020000 0222 02 0002002022020022402020202222          2  2  2222  0     0  2 2 1  0302 20
NWNW30523 1800202200 0                               0                                                
NWNW30535 18000000200 0                                                                               
NWNW3054721800202020 0222 20 002200020000000         2        00 0 0   0                            00
NWNW30551218000000022 200 22 000000020000000          222      0 0     0                           220
NWNW3056821800000022 0222 22 0002022022020000400000202200      0 0 2 22  2220  22      2       030  02
NWNW30579 1800000000                                                                                  
NWNW30584 1800000202 0                               0                                                
NWNW30603 1802000002 0                               0                                                
NWNW30611 1800000000                                                                                  
NWNW30624 18000020000 0                                                                               
NWNW30639 1800000000                                                                                  
NWNW30646 1802002000 20                                                                               
NWNW3065221820000222 0222 22 0002002000000000        2222      220 2  2                0            20
NWNW30678 1800000000                                                                                  
NWNW30680 1800000000                                                                                  
NWNW30706 1800000000                                                                                  
NWNW30719 1800000000                                                                                  
NWNW30727 1800000000                                                                                  
NWNW3074301802202020 0222 20 000200200000000         2             0  2                             00
NWNW30764 18200000000 0                                                                               
NWNW30770 1800000000                                                                                  
NWNW30788 1820000020 0                               0                                                
NWNW30808 18000002000 0                                                                               
NWNW30816 1800000000                                                                                  
NWNW30829 1800000000                                                                                  
NWNW30834218000000020 202 00 000000000000000                   220                                  00
NWNW30873 1800000000                                                                                  
NWNW30885 18000000200 0                                                                               
NWNW30890 18200000000 0                                                                               
NWNW30901 1800000000                                                                                  
NWNW30922 1800000000                                                                                  
NWNW30936 1800000000                                                                                  
NWNW30948 1800000000                                                                                  
NWNW30950 1800000000                                                                                  
NWNW30969 18020000002                                                                              0  
NWNW30997 18                                                                                          
NWNW31005 1800000202 00                              2                                                
NWNW31018 1802202220 0                               0                                                
NWNW31026 1802002000 0                               0                                                
NWNW31032 1802000202 00                              2                                                
NWNW31044 18002000000 0                                                                               
NWNW31060 18000000200 0                                                                               
NWNW31071 1800000000                                                                                  
NWNW31087 1800000000                                                                                  
NWNW31106 1800000000                                                                                  
NWNW31119 1800202000 20                                                                               
NWNW31127 1800000000                                                                                  
NWNW31131 18                                                                                          
NWNW31143 1802202202 00                              2                                                
NWNW3115501800020200 0202 00 000000000000000         2                                            0 00
NWNW31164 18000002000 0                                                                               
NWNW31170 1800000000                                                                                  
NWNW31188 1800000000                                                                                  
NWNW3119201802002022 0222 00 200022000002222         2    0         02         220 0 0              02
NWNW31212 18000000022 0                                                                            2  
NWNW31220 1800000000                                                                                  
NWNW31245 1800000000                                                                                  
NWNW31253 18000020000 0                                                                               
NWNW31277 1800000000                                                                                  
NWNW31299 1800000000                                                                                  
NWNW31301 1800000000                                                                                  
NWNW31322 1800000000                                                                                  
NWNW31336 18000002000 0                                                                               
NWNW31348 1800000000                                                                                  
NWNW31350 18000000200 0                                                                               
NWNW3136921802222220 0222 02 2220002200020002420020202220 22020200    20       0        23  3  0302 20
NWNW31375 18000020000 0                                                                               
NWNW31397 1802202022 0                               0                                                
NWNW31403 1800000000                                                                                  
NWNW31424218000000020 220 00 000200000002000                   0 0 0           0                    00
NWNW3143901802000220 2222 00 200000000000000              0                                         00
NWNW31446 18000200002                                                                             00  
NWNW31467 1800000000                                                                                  
NWNW31478 1800000000                                                                                  
NWNW31480 18000000200 0                                                                               
NWNW31495 1800000000                                                                                  
NWNW32033 1800000000                                                                                  
NWNW32058 18000000022 0                                                                            2  
NWNW32061 1800000000                                                                                  
NWNW32072 1800000000                                                                                  
NWNW32086 1800000000                                                                                  
NWNW32094 1822000002 00                              2                                                
NWNW32118 1800000000                                                                                  
NWNW32144 1800000000                                                                                  
NWNW32160 1800000022 00                              2                                                
NWNW3217101800020002 0220 22 0022022200000020400000202220     0    2 2220            202       0300 22
NWNW32200 1800000000                                                                                  
NWNW32213 18                                                                                          
NWNW32249 1800000000                                                                                  
NWNW32265 1800000000                                                                                  
NWNW32276 1822000200 0                               0                                                
NWNW32298 18000002000 0                                                                               
NWNW32302218000000020 222 22 020200000000000          022   20 0 0 2                                20
NWNW32335 1800000000                                                                                  
NWNW32347 1800000000                                                                                  
NWNW32368 1800000000                                                                                  
NWNW32384 1800000000                                                                                  
NWNW32412 1800000202 0                               0                                                
NWNW3243821802002020 0220 22 2022000000000002400000002220 22  0200 0                    0      0 0  20
NWNW32445218000000022 200 02 000000000000000          002      0 0                                 200
NWNW32453 1800000000                                                                                  
NWNW3246621800022200 2222 02 220002202000200230000002 220 2220 200   00  0       0      2      0  2 22
NWNW32481 1802002220 0                               0                                                
NWNW3250701802202020 2202 20 200002000000000              0          0                              02
NWNW32515 1822002000 0                               0                                                
NWNW32528 1802002000 20                                                                               
NWNW32530 1800000000                                                                                  
NWNW32556 1800000000                                                                                  
NWNW32591 1800000000                                                                                  
NWNW32608 18000020002                                                                              0  
NWNW32629 1800000000                                                                                  
NWNW32641 1800000000                                                                                  
NWNW32673 18000002000 0                                                                               
NWNW32685 1800000000                                                                                  
NWNW32701 1800002020 0                               0                                                
NWNW32750 1800000000                                                                                  
NWNW32769 1800000000                                                                                  
NWNW32775 1800000000                                                                                  
NWNW32783 1800000000                                                                                  
NWNW32797 1800000000                                                                                  
NWNW32803 1800000000                                                                                  
NWNW32811 1800002020 20                                                                               
NWNW32824 1800000000                                                                                  
NWNW3283901800200002 0222 22 0002202000000002400000002202          22 2                 0      0 0  02
NWNW32846 18002000000 0                                                                               
NWNW32867 1822202002 00                              2                                                
NWNW32878 18200000000 0                                                                               
NWNW3289521802000220 0222 22 200000200000000         2220 0    0 0    2                             20
NWNW32906 1800000000                                                                                  
NWNW32919 1820002020 0                               0                                                
NWNW3294321800200020 0220 22 000200200000000         2200      0 0 0  0                             00
NWNW32955 1800000000                                                                                  
NWNW33006 1800000000                                                                                  
NWNW33027 1800000000                                                                                  
NWNW33031 1800000000                                                                                  
NWNW33043 1800000000                                                                                  
NWNW3306421802002022 0222 22 0002020000020002400000202022      220 0 2         20       0      020  22
NWNW33070 1800000000                                                                                  
NWNW33107 1802000200 20                                                                               
NWNW33115 1800000000                                                                                  
NWNW33468 1800000000                                                                                  
NWNW34489 1800000000                                                                                  
NWNW34504 1800000000                                                                                  
SOSO10034 1800000000                                                                                  
SOSO10041 18000000022                                                                              0  
SOSO10125 1800000000                                                                                  
SOSO10133 1800000000                                                                                  
SOSO1020121802002002 2200 00 000000000000000                   0 0                                  00
SOSO10222 1822002002 00                              2                                                
SOSO10236 18000020002                                                                              0  
SOSO10248 1800000000                                                                                  
SOSO10250 1800000000                                                                                  
SOSO10275 18000000022                                                                              0  
SOSO1030301802000022 2222 22 100200020002020220020020 020 20       2   20      22  22   0  2   030  20
SOSO1031121822020002 0222 02 2222002002022002100000202222 22222220 2  2    0   2222     0      0200 20
SOSO10346 1800000000                                                                                  
SOSO10367 1802000220 0                               0                                                
SOSO10378 18000000200 0                                                                               
SOSO1039521802202220 0222 22 0002020222220002300002202222      220 2 2 2222222222       2    3 010  22
SOSO10400 1800000000                                                                                  
SOSO10413 1800000000                                                                                  
SOSO10421218000000020 220 22 000000000000000          222      220                                  20
SOSO10437 1800000022 0                               0                                                
SOSO10449 1802000002 0                               0                                                
SOSO1045401800200202 0202 22 2002000000020020400000002220 0        2           22    0 2       0 0  20
SOSO10476 1800000220 0                               0                                                
SOSO10498 18                                                                                          
SOSO10519 1800000202 0                               0                                                
SOSO10531 1800000000                                                                                  
SOSO10543 1802002000 0                               0                                                
SOSO10555 1800000000                                                                                  
SOSO10570 18020000000 0                                                                               
SOSO10592218000000020 222 02 200200200022000040000000 022 0    200 2  0      0 0       2       0 0  20
SOSO10607 1800000000                                                                                  
SOSO10615 18                                                                                          
SOSO10628 1800000000                                                                                  
SOSO10630 18                                                                                          
SOSO10642 1800202022 0                               0                                                
SOSO10656 1800000000                                                                                  
SOSO10674 1822020002 0                               0                                            0   
SOSO10689 1800000000                                                                                  
SOSO10723 18200000000 0                                                                               
SOSO1073521800202200 0200 20 002000200000000         2        20 0    2                             00
SOSO1078421802000002 0200 22 000000200020002         2220      0 0    0      0       0              20
SOSO10796 1800000000                                                                                  
SOSO10804 1800000000                                                                                  
SOSO10838218000000022 222 22 122220000222222240001022 120 20200200 20      202022200 0  2   1 222  222
SOSO10853 18000000200 0                                                                               
SOSO10881 1800000000                                                                                  
SOSO10905 18000000200 0                                                                               
SOSO10918218000000200 222 00 0002222000022200                  200 2220        20200   0            02
SOSO10959 1800000000                                                                                  
SOSO10993018200000000 220 00 000000000000000                                                        00
SOSO11001 1800000202 0                               0                                                
SOSO1105001802020002 0222 02 2002020020000020402120202200 20       0 0   20          0 2  222  0202 02
SOSO11102 18000002000 0                                                                               
SOSO1112321802002222 0222 02 0002222222222002400222202220      200 00222222200 2020     0  3321230  22
SOSO11135 1800000000                                                                                  
SOSO11147 1802002220 00                              2                                                
SOSO11151 18000002000 0                                                                               
SOSO1119621802202222 0222 22 2222022022000002400000002222 2200222202 22  2220           2      0 0  22
SOSO11208 1800000000                                                                                  
SOSO11216 18000002000 0                                                                               
SOSO1122901802000022 2222 22 022200200000022240000000 222   200    2  0            2020 0      0 0  20
SOSO11234 1800000222 0                               0                                                
SOSO11241 1802000020 0                               0                                                
SOSO1125721800002002 0222 22 2022200000022002400000002222 22  2220 22          0 0      0      0 0  22
SOSO11262 1800000000                                                                                  
SOSO11273 1800000000                                                                                  
SOSO11290 1800000000                                                                                  
SOSO11305 1802002002 0                               0                                                
SOSO11318 18020000000 0                                                                               
SOSO1132621802002220 0222 20 000000000000000         2         0 0                                  00
SOSO11344 1800000000                                                                                  
SOSO11359 1800000000                                                                                  
SOSO11387 1800000000                                                                                  
SOSO11393 1800002020 0                               0                                                
SOSO11407 18020000000 0                                                                               
SOSO11415 18000002000 0                                                                               
SOSO11430 1800000000                                                                                  
SOSO11442 1800000000                                                                                  
SOSO11474 1800000000                                                                                  
SOSO11491218000200000 220 22 000200000000000          110      0 0 0                              0 20
SOSO11504 1800000000                                                                                  
SOSO11520 18000000200 0                                                                               
SOSO11538 1800000000                                                                                  
SOSO11553 18                                                                                          
SOSO1157721800020220 0222 00 000000200000000         2         0 0    2                           2 00
SOSO11581218000000020 200 00 100200000002000              0    200 0           0                    00
SOSO1159921802000222 0202 00 2002000000020002200000002    22   200 2           0        2      0 0  00
SOSO11613 1800000000                                                                                  
SOSO11621 1800000000                                                                                  
SOSO11637218020000000 222 22 002000000000000040000000 020     0200                     2       0 0  20
SOSO11649 1800000000                                                                                  
SOSO11654 1800000000                                                                                  
SOSO11665 18000020000 0                                                                               
SOSO1167621802002222 0222 22 1222220022222222401000202222 0 0202020222   222020220 220  2 2    010  22
SOSO11682 1800000022 00                              2                                                
SOSO11717 1802002000 00                              2                                                
SOSO11758 18000000200 0                                                                               
SOSO11772 1802002002 0                               0                                                
SOSO11786 1800000000                                                                                  
SOSO11794 18002000000 0                                                                               
SOSO11806 1800000000                                                                                  
SOSO11819 1800000000                                                                                  
SOSO11870 1800000000                                                                                  
SOSO11888 1800000000                                                                                  
SOSO11892218000000020 222 02 000200000000000240000000 222      200 2                    2      0 0  20
SOSO1190321802000202 0222 00 2002000000022002400000202    22   200 2           2222     2      020  00
SOSO11911 18                                                                                          
SOSO11924 1800000000                                                                                  
SOSO11939 1802222222 0                               0                                            2   
SOSO11946 1800000000                                                                                  
SOSO11952 18000002000 0                                                                               
SOSO11967 1800000000                                                                                  
SOSO11978 1800000000                                                                                  
SOSO1198021800220000 0222 22 0202222002020002402200222220   00 200 2002    20  22       2 22   02 2 22
SOSO11995 18000000200 0                                                                               
SOSO1201321802002222 0222 22 0002000000000002400000202220      200 0                    0      020  20
SOSO12037 1800000000                                                                                  
SOSO1205421800020002 0222 22 0222022200022002420000202222   220220 2 0220      2222     21     0302 22
SOSO12076 1800000000                                                                                  
SOSO12082 1800000000                                                                                  
SOSO12098 1800000000                                                                                  
SOSO12114 18                                                                                          
SOSO12122 1822000022 0                               0                                                
SOSO12150 1800000000                                                                                  
SOSO12169 1802202002 0                               0                                                
SOSO12175 1800000000                                                                                  
SOSO12197018002000000 220 22 000000000000000          010                                           20
SOSO12209 1800000000                                                                                  
SOSO1221721800002022 0222 22 0000002200000000400000002022      200    20               2       0 0  20
SOSO12225 1800002222 0                               0                                                
SOSO12240 1800000000                                                                                  
SOSO12261 1800000000                                                                                  
SOSO1227221800000022 0222 22 200200222022200230000 002022 22   200 2  22222  20220      2      0 0  20
SOSO1229421822200022 0222 22 0222022020022002400220002222   2000 0 2 02  22    2020     2  21  0 0  22
SOSO12306 18002000000 0                                                                               
SOSO12319 1800000000                                                                                  
SOSO12327 1802200222 0                               0                                                
SOSO12331218000000020 200 22 102000000000000242000000 122 22  0200                      01     0 0  20
SOSO12343 18000000020 0                                                                               
SOSO12355218002000000 220 22 002202000000000240000000 022     0220 2 2                  0      0 0  22
SOSO12364 1800000000                                                                                  
SOSO12370 1800000000                                                                                  
SOSO12392 1800000000                                                                                  
SOSO12416 1800000000                                                                                  
SOSO1243421800002020 0202 02 000202002022000         2002      0 0 2 2   0   0 0                    02
SOSO12441 18                                                                                          
SOSO12462 1800000000                                                                                  
SOSO1247321800000220 0202 22 0020002000000002402200002002     0200    2                 2 23   0 0  00
SOSO12490 1802020222 00                              2                                            0   
SOSO1250321802000222 0222 02 2022000002000002401120002222 22  20 0 2       20           2 221  0 0  20
SOSO12524 1800000000                                                                                  
SOSO12539 1800000000                                                                                  
SOSO12552 1800000000                                                                                  
SOSO12567218000000020 222 22 000000000000000          220      200                                  20
SOSO12580 1800000000                                                                                  
SOSO12595 1800000000                                                                                  
SWSW20010 1800000000                                                                                  
SWSW2003521802222222 0222 02 2022220202020220400022022220 22  02220222 0   0   0   22202    12 0  2 22
SWSW20051 1800002002 0                               0                                                
SWSW20068018000000200 222 02 102200202002202241100 10 110 0   0    2  0  22    2220  0  212   1120  20
SWSW2007921800222020 0222 22 120202002002222020000 102112 2210 220 2 0   0     0 0 0 0 2      11102 22
SWSW20096 18000200000 0                                                                           0   
SWSW20103 1822000000 0                               0                                                
SWSW20111 1800000000                                                                                  
SWSW20146 18000020000 0                                                                               
SWSW20152 1800000000                                                                                  
SWSW20178 18000000202 0                                                                            2  
SWSW2018021802202222 0222 20 000000000000000         2         0 0                                  00
SWSW20195018000000202 220 00 000200000000000                       0                               200
SWSW20228218000000022 200 22 200000000000020          112 0    0 0                 0               220
SWSW20230 18                                                                                          
SWSW20242 1800000000                                                                                  
SWSW20274 1800000000                                                                                  
SWSW20309 18000002000 0                                                                               
SWSW20340 1800000000                                                                                  
SWSW20361 18000020002                                                                              0  
SWSW20372 1802222000 0                               0                                            2   
SWSW20419 18                                                                                          
SWSW20427 1802202020 00                              2                                                
SWSW2043121802020020 0222 00 0222020020002002320001202      102220 2 2   0       0      23   232302 02
SWSW2044321802202022 0222 22 0022222002022002402220202022     0200 2222    22  2222     2 222  030  22
SWSW20464 1800000000                                                                                  
SWSW20488 1800000000                                                                                  
SWSW20500 18000000020 0                                                                               
SWSW20513 1800000000                                                                                  
SWSW20582 1800000000                                                                                  
SWSW20598 1800000000                                                                                  
SWSW20614 18000200000 0                                                                           0   
SWSW20622 18000000200 0                                                                               
SWSW20636 1800000000                                                                                  
SWSW20650 1802202020 0                               0                                                
SWSW20669 1802002220 00                              2                                                
SWSW20697 18                                                                                          
SWSW2070821800000220 0200 20 0000022000000000        2         200   00                0            02
SWSW20716 1800000000                                                                                  
SWSW20729 18                                                                                          
SWSW20741 18000000020 0                                                                               
SWSW20757 1800000000                                                                                  
SWSW20762 1800000000                                                                                  
SWSW20773 1800000000                                                                                  
SWSW20790 1800000000                                                                                  
SWSW2081821802202222 2222 22 222222002202222240222020 220 222202020022   0 20  22202020 2 333  030  22
SWSW2082621800020000 2222 02 200222200000000240220022 122 0    20200222                 2 22   03 2 22
SWSW20859 1802202022 00                              2                                                
SWSW20860 1800000000                                                                                  
SWSW2088721802000022 0200 22 2022202020022200402011202112 0   2220 00 0  20    222020  2  2 22 030  22
SWSW2089301800000022 2220 00 000000000000000                                                        00
SWSW20904 1802022022 0                               0                                            2   
SWSW20920 1800000000                                                                                  
SWSW20938 1802002002 00                              2                                                
SWSW20945 1802202220 0                               0                                                
SWSW20953 1802000020 0                               0                                                
SWSW20966 1802200020 0                               0                                                
SWSW20981 18000020000 0                                                                               
SWSW2100721802202220 0202 22 0000020000000200        2010      0 0   2             22  0            22
SWSW21015 1820000220 0                               0                                                
SWSW21028 18020000000 0                                                                               
SWSW21042 1800000220 0                               0                                                
SWSW21074 1800002022 20                                                                               
SWSW21089218000000022 200 22 000200002200000230000000 222      0 0 2     2022           0      0 0 220
SWSW21157 1802222222 00                              2                                            2   
SWSW21162 1800002002 0                               0                                                
SWSW21185 18000000020 0                                                                               
SWSW21190 1800002220 0                               0                                                
SWSW21202 1802202020 0                               0                                                
SWSW21210 1800202000 00                              2                                                
SWSW21247 18000000200 0                                                                               
SWSW21251 18200000000 0                                                                               
SWSW21268 1800000000                                                                                  
SWSW21284 1800002022 00                              2                                                
SWSW21296 1800000000                                                                                  
SWSW21304 1800000000                                                                                  
SWSW21312 1822202222 0                               0                                                
SWSW21345 1800202022 00                              2                                                
SWSW21353 1802202220 00                              2                                                
SWSW21366 1800000000                                                                                  
SWSW21377 1800000000                                                                                  
SWSW21381 1802000020 00                              2                                                
SWSW21401 1802000020 0                               0                                                
SWSW21436 1800000000                                                                                  
SWSW2144821802200222 0220 02 1022002022202020410000102222 0   0200 2  2  0 220   0   0 2 2     020  20
SWSW21450 1800002022 0                               0                                                
SWSW21469 18000200000 0                                                                           0   
SWSW21483 1800000000                                                                                  
SWSW21526 1800000000                                                                                  
SWSW21532 18000000020 0                                                                               
SWSW21544 1800000000                                                                                  
SWSW21559 1800000000                                                                                  
SWSW2157101800000022 0202 22 000200000000000         2020          2                                20
SWSW21587 18000000020 0                                                                               
SWSW21606218000000022 200 02 0022000220020020         010     00 0 0   0 0     0     0 0           220
SWSW21619 1802200000 0                               0                                                
SWSW21627 1800000000                                                                                  
SWSW21643 1800000000                                                                                  
SWSW21655 18000000200 0                                                                               
SWSW21688 1800000000                                                                                  
SWSW21724 18000002000 0                                                                               
SWSW2173921800202000 2222 22 102200202000022240001000 010 22  2220 2  2  0         0 0  2   2  0 0  20
SWSW2174621802202022 0222 02 1022220222022222401200102222 22  02020222 220 22  0 220 0  2 13   020  22
SWSW2175221802200222 0222 22 0002000000000002400000202010      200 0                    0      020  20
SWSW21778 1800000022 0                               0                                                
SWSW21780 1800000000                                                                                  
SWSW21800 18000000202 0                                                                            2  
SWSW21837 1802200000 0                               0                                                
SWSW21898 18000000020 0                                                                               
SWSW21909 1800000000                                                                                  
SWSW21917 1800000000                                                                                  
SWSW21933 18020000000 0                                                                               
SWSW2196121802202222 0200 22 2222002000000222410012102220 202000 0 0  2            2020 02  22 010  20
SWSW21986 1800020002 00                              2                                            2   
SWSW22019 1800000000                                                                                  
SWSW22031 18000000200 0                                                                               
SWSW22043 1800000000                                                                                  
SWSW22070 1800000000                                                                                  
SWSW22128 1800000000                                                                                  
SWSW2214221802220000 0200 00 000200000202000         2         0 0 2       0   22                 2 00
SWSW22189 18000000200 0                                                                               
SWSW2219101800002220 0222 02 202000000002200         2000 0   0                220                  00
SWSW22211 1800000022 0                               0                                                
SWSW22224 1800000220 00                              2                                                
SWSW22246 18000000202                                                                              0  
SWSW2225221802000022 0222 22 0222000022000002321022102220   102200 2     2222           223 22 020  20
SWSW22267 1800000000                                                                                  
SWSW22295 1802200022 0                               0                                                
SWSW22300 1802202022 00                              2                                                
SWSW22313 1800200020 20                                                                               
SWSW22349 1800000022 20                                                                               
SWSW2237621822020002 0202 22 0222000200020022300010102210   200200 0   20      22    0  0   1  0102 20
SWSW22382 1800000000                                                                                  
SWSW22398 1800000000                                                                                  
SWSW22402 1800000000                                                                                  
SWSW22410 18000002000 0                                                                               
SWSW2244721802002022 2222 22 000202000000222240002020 120      0 0 2 2           0 2222 2   2  020  22
SWSW22451 1800000000                                                                                  
SWSW22468 1800002220 0                               0                                                
SWSW22479 1800000022 0                               0                                                
SWSW22484 18002000002 0                                                                            2  
SWSW22509 1800000000                                                                                  
SWSW22517 1800000000                                                                                  
SWSW22525 1802022020 00                              2                                            2   
SWSW22533 1802202222 0                               0                                                
SWSW22558 1800000000                                                                                  
SWSW22561 18000000200 0                                                                               
SWSW22586018002000000 200 20 000000000000000                                                        00
SWSW22594 18200000000 0                                                                               
SWSW22605 1800000000                                                                                  
SWSW22626 18000000200 0                                                                               
SWSW22644 1800000000                                                                                  
SWSW22659 18000000200 0                                                                               
SWSW22671 1800000022 00                              2                                                
SWSW22704 1802202020 00                              2                                                
SWSW22712 18000000022                                                                              0  
SWSW22720 1800000000                                                                                  
SWSW22745218000000200 200 22 000200000000000          220      0 0 2                                20
SWSW22753 1800002020 0                               0                                                
SWSW22766 1800000000                                                                                  
SWSW2278121800022220 0222 02 0022002000000000400000222222     2220 2  0                2       02 2 20
SWSW22799 1800222200 0                               0                                            2   
SWSW22801 18000002000 0                                                                               
SWSW22850 18000020000 0                                                                               
SWSW22869 1800000000                                                                                  
SWSW2287521800220222 0222 22 2222222222202222420221202222 2212222202222220 2222  0 0 0  22 332 0322 22
SWSW22897 18000000200 0                                                                               
SWSW22934 1802002002 0                               0                                                
SWSW2295721800000022 2222 22 100200202000220240000000 120 20   200 2  0  22      2220   0      0 0  20
SWSW22962 1800020020 0                               0                                            0   
SWSW22973018000000020 200 00 000000000000000                                                        00
SWSW22985 1822000022 0                               0                                                
SWSW22990218000200000 222 02 102000020002002040010020 020 0   0200     0       0     0 2   2   0300 20
SWSW23029 1800000000                                                                                  
SWSW23034 1820200020 0                               0                                                
SWSW23041 18000000200 0                                                                               
SWSW23062 1800000000                                                                                  
SWSW2307321800020000 2222 22 220222222222222240000 02 222 2222 220 22222222222222222222 2      0  2 22
SWSW23085 1800000000                                                                                  
SWSW23090 1800000000                                                                                  
SWSW23109 1802000020 0                               0                                                
SWSW23125 1800000000                                                                                  
SWSW23133 1800000000                                                                                  
SWSW23140 1800000000                                                                                  
SWSW23158 1802000020 00                              2                                                
SWSW23172 1800000000                                                                                  
SWSW23194 1800000000                                                                                  
SWSW23201 18                                                                                          
SWSW23269 1800020000 20                                                                           2   
SWSW23303 1800000000                                                                                  
SWSW23339 1800000000                                                                                  
SWSW23346 1800200022 0                               0                                                
SWSW2336701800000022 0200 00 000000000000000         2                                              00
SWSW23395 1802000002 0                               0                                                
SWSW23400 1800000022 0                               0                                                
SWSW23413 1800000000                                                                                  
SWSW23437 1800000000                                                                                  
SWSW2344921802000020 0220 20 0200000200002200400000002      12 0 0     22        2222  2       0 0  00
SWSW23454 18000000020 0                                                                               
SWSW2346521800222000 0222 02 1022222202022202422110102122 0   0200 222222  22  0 2222   03222 11202 22
SWSW23476 18000000020 0                                                                               
SWSW23482 1800202020 00                              2                                                
SWSW23498 1802002020 0                               0                                                
SWSW23519 1800000000                                                                                  
SWSW23531 1802200222 00                              2                                                
SWSW23543 1800202020 0                               0                                                
SWSW23555 1800000000                                                                                  
SWSW23564 18002000000 0                                                                               
SWSW23588 1800000000                                                                                  
SWSW23630 1800000000                                                                                  
SWSW23642218000000020 220 20 100200000000000              0    0 0 2                                00
SWSW23663 1800000000                                                                                  
SWSW23689 18                                                                                          
SWSW2369121800020000 2222 00 220200002002222              0 12 200 2     0     0 0 0 0            2 00
SWSW23702 1800000000                                                                                  
SWSW23710 1800000000                                                                                  
SWSW23735 1802020222 0                               0                                            0   
SWSW23747 1822000002 0                               0                                                
SWSW23751 1800000000                                                                                  
SWSW23768218000000020 222 22 000200020002202240102010 222      0 0 2   22      2220  0  0 1 1  010  20
SWSW23804218000000202 202 22 000000000000200          222      220               0                 220
SWSW23812 1800000000                                                                                  
SWSW23820018000000202 220 20 000000000000000                                                       200
SWSW23838 1800000000                                                                                  
SWSW23845018000000022 222 02 000200000000000          112          0                               220
