EAEA400150000 00000 0 000000  00 0 00  00000 0 0 0 0 0 0 0 0  00101010101010 1400000000000000000000000000000000   0 0
EAEA401290200 0002  00000000  00 0 00  00000 0 0 0 0 0 0 0 0  00101010101010 1400000000000000000000000000000000   0 0
EAEA401850020 2000  2 000000  00 0 00  00000 0 0 0 0 0 0 0 0  00101010101010 1400000000000000000000000000000000   0 0
EAEA402470200 0020  00000000  00 0 00  00000 0 0 0 0 0 0 0 0  00101010101010 1400000000000000000000000000000000   0 0
EAEA402510000 00020   000000  00 0 00  00000 0 0 0 0 0 0 0 0  00101010101010 1400000000000000000000000000000000   0 0
EAEA403040000 00000 0 000000  00 0 00  00000 0 0 0 0 0 0 0 0  00101010101010 1400000000000000000000000000000000   0 0
EAEA403120000 000220  000000  00 0 00  00000 0 0 0 0 0 0 0 0  00101010101010 1400000000000000000000000000000000   0 0
EAEA403530000 02000   000000  00 0 00  00000 0 0 0 0 0 0 0 0  00101010101010 1400000000000000000000000000000000   0 0
EAEA40399222200022  02000000  00 0 00  00000 0 0 0 0 0 0 0 0  00101010101010 1400000000000000000000000000000000   0 0
EAEA404010220 2220  02222 20   0 0 02222022220 2222222222202 04010122230101001411100011111110111011101111001111  1111
EAEA404220000 000220  000000  00 0 00  00000 0 0 0 0 0 0 0 0  00101010101010 1400000000000000000000000000000000   0 0
EAEA404360000 00000 0 000000  00 0 00  00000 0 0 0 0 0 0 0 0  00101010101010 1400000000000000000000000000000000   0 0
EAEA404500200 0022  02222 0212 0 22222220220 0 0 0 0 0 20222 03012101220101001411111111111100001000010100000000   9 9
EAEA405050000 00020   000000  00 0 00  00000 0 0 0 0 0 0 0 0  00101010101010 1400000000000000000000000000000000   0 0
EAEA405260000 00000 0 000000  00 0 00  00000 0 0 0 0 0 0 0 0  00101010101010 1400000000000000000000000000000000   0 0
EAEA405930000 02000   000000  00 0 00  00000 0 0 0 0 0 0 0 0  00101010101010 1400000000000000000000000000000000   0 0
EAEA406430000 00200   000000  00 0 00  00000 0 0 0 0 0 0 0 0  00101010101010 1400000000000000000000000000000000   0 0
EAEA406550000 00020   000000  00 0 00  00000 0 0 0 0 0 0 0 0  00101010101010 1400000000000000000000000000000000   0 0
EAEA406640000 00200   000000  00 0 00  00000 0 0 0 0 0 0 0 0  00101010101010 1400000000000000000000000000000000   0 0
EAEA407240000 20000   000000  00 0 00  00000 0 0 0 0 0 0 0 0  00101010101010 1400000000000000000000000000000000   0 0
EAEA407390000 00000 0 000000  00 0 00  00000 0 0 0 0 0 0 0 0  00101010101010 1400000000000000000000000000000000   0 0
EAEA4075222222000022  200 00   0 0 00  00002222222222220 0    00101010101010 1410000000000011111011001 00000000   6 6
EAEA407670000 00000 0 000000  00 0 00  00000 0 0 0 0 0 0 0 0  00101010101010 1400000000000000000000000000000000   0 0
EAEA407800000 00000 0 000000  00 0 00  00000 0 0 0 0 0 0 0 0  00101010101010 1400000000000000000000000000000000   0 0
EAEA408210000 00000 0 000000  00 0 00  00000 0 0 0 0 0 0 0 0  00101010101010 1400000000000000000000000000000000   0 0
EAEA408650220 2222  00000000  00 0 00  00000 0 0 0 0 0 0 0 0  00101010101010 1400000000000000000000000000000000   0 0
EAEA408762000 0022  00000000  00 0 00  00000 0 0 0 0 0 0 0 0  00101010101010 1400000000000000000000000000000000   0 0
EAEA409170000 00200   000000  00 0 00  00000 0 0 0 0 0 0 0 0  00101010101010 1400000000000000000000000000000000   0 0
EAEA409250000 00000 0 000000  00 0 00  00000 0 0 0 0 0 0 0 0  00101010101010 1400000000000000000000000000000000   0 0
EAEA409582000 00000   000000  00 0 00  00000 0 0 0 0 0 0 0 0  00101010101010 1400000000000000000000000000000000   0 0
EAEA409940000 00200   000000  00 0 00  00000 0 0 0 0 0 0 0 0  00101010101010 1400000000000000000000000000000000   0 0
EAEA410022000 0020  00000000  00 0 00  00000 0 0 0 0 0 0 0 0  00101010101010 1400000000000000000000000000000000   0 0
EAEA410100200 0022  00000000  00 0 00  00000 0 0 0 0 0 0 0 0  00101010101010 1400000000000000000000000000000000   0 0
EAEA410470020 00000   000000  00 0 00  00000 0 0 0 0 0 0 0 0  00101010101010 1400000000000000000000000000000000   0 0
EAEA41079222222022  2 222 0222 22222222222222222222222222222 242101232323232 1411111111111111111111111110101111  1717
EAEA410840000 00020   202 0211 0 0 020020220 220 0 0 0 0 0 00 00101010101010 1411110000111101001000000000000000   6 5
EAEA410960000 00000 0 000000  00 0 00  00000 0 0 0 0 0 0 0 0  00101010101010 1400000000000000000000000000000000   0 0
EAEA411030200 0022  00000000  00 0 00  00000 0 0 0 0 0 0 0 0  00101010101010 1400000000000000000000000000000000   0 0
EAEA411110000 002022  000000  00 0 00  00000 0 0 0 0 0 0 0 0  00101010101010 1400000000000000000000000000000000   0 0
EAEA411240000 00000 0 000000  00 0 00  00000 0 0 0 0 0 0 0 0  00101010101010 1400000000000000000000000000000000   0 0
EAEA411520000 0202  00000000  00 0 00  00000 0 0 0 0 0 0 0 0  00101010101010 1400000000000000000000000000000000   0 0
EAEA411670000 00200   000000  00 0 00  00000 0 0 0 0 0 0 0 0  00101010101010 1400000000000000000000000000000000   0 0
EAEA411780000 002020  000000  00 0 00  00000 0 0 0 0 0 0 0 0  00101010101010 1400000000000000000000000000000000   0 0
EAEA411950000 00000 0 000000  00 0 00  00000 0 0 0 0 0 0 0 0  00101010101010 1400000000000000000000000000000000   0 0
EAEA412070000 00000 0 000000  00 0 00  00000 0 0 0 0 0 0 0 0  00101010101010 1400000000000000000000000000000000   0 0
EAEA412150000 00000 0 000000  00 0 00  00000 0 0 0 0 0 0 0 0  00101010101010 1400000000000000000000000000000000   0 0
EAEA412420000 00000 0 000000  00 0 00  00000 0 0 0 0 0 0 0 0  00101010101010 1400000000000000000000000000000000   0 0
EAEA412740000 002222                                          00101010101010 14                            0000   0  
EAEA412890000 00000 0 000000  00 0 00  00000 0 0 0 0 0 0 0 0  00101010101010 1400000000000000000000000000000000   0 0
EAEA413170000 00000 0 000000  00 0 00  00000 0 0 0 0 0 0 0 0  00101010101010 1400000000000000000000000000000000   0 0
EAEA413250000 0022  00000000  00 0 00  00000 0 0 0 0 0 0 0 0  00101010101010 1400000000000000000000000000000000   0 0
EAEA413330000 00000 0 000000  00 0 00  00000 0 0 0 0 0 0 0 0  00101010101010 1400000000000000000000000000000000   0 0
EAEA413400000 00000 0 000000  00 0 00  00000 0 0 0 0 0 0 0 0  00101010101010 1400000000000000000000000000000000   0 0
EAEA413610000 000220  000000  00 0 00  00000 0 0 0 0 0 0 0 0  00101010101010 1400000000000000000000000000000000   0 0
EAEA413720020 0022  00000000  00 0 00  00000 0 0 0 0 0 0 0 0  00101010101010 1400000000000000000000000000000000   0 0
EAEA413862000 0020  00000000  00 0 00  00000 0 0 0 0 0 0 0 0  00101010101010 1400000000000000000000000000000000   0 0
EAEA413940000 0222  00000000  00 0 00  00000 0 0 0 0 0 0 0 0  00101010101010 1400000000000000000000000000000000   0 0
EAEA414190000 00000 0 000000  00 0 00  00000 0 0 0 0 0 0 0 0  00101010101010 1400000000000000000000000000000000   0 0
EAEA414270000 0022  00000000  00 0 00  00000 0 0 0 0 0 0 0 0  00101010101010 1400000000000000000000000000000000   0 0
EAEA414430000 00000 0 000000  00 0 00  00000 0 0 0 0 0 0 0 0  00101010101010 1400000000000000000000000000000000   0 0
EAEA430110000 00000 0 000000  00 0 00  00000 0 0 0 0 0 0 0 0  00101010101010 1400000000000000000000000000000000   0 0
EAEA430240000 00000 0 000000  00 0 00  00000 0 0 0 0 0 0 0 0  00101010101010 1400000000000000000000000000000000   0 0
EAEA430520000 00000 0 000000  00 0 00  00000 0 0 0 0 0 0 0 0  00101010101010 1400000000000000000000000000000000   0 0
EAEA430672000 0220  00000000  00 0 00  00000 0 0 0 0 0 0 0 0  00101010101010 1400000000000000000000000000000000   0 0
EAEA430780000 000222  000000  00 0 00  00000 0 0 0 0 0 0 0 0  00101010101010 1400000000000000000000000000000000   0 0
EAEA430950000 00000 0 000000  00 0 00  00000 0 0 0 0 0 0 0 0  00101010101010 1400000000000000000000000000000000   0 0
EAEA431040000 00020   200 00   0 0 00  20000 0 0 0 0 0 0 0 0  00101010101010 1410000000010000000000000000000000   1 1
EAEA431120000 0222  02000000  00 0 00  00000 0 0 0 0 0 0 0 0  00101010101010 1400000000000000000000000000000000   0 0
EAEA431380000 00000 0 000000  00 0 00  00000 0 0 0 0 0 0 0 0  00101010101010 1400000000000000000000000000000000   0 0
EAEA431450000 0022  00000000  00 0 00  00000 0 0 0 0 0 0 0 0  00101010101010 1400000000000000000000000000000000   0 0
EAEA431530200 0020  00000000  00 0 00  00000 0 0 0 0 0 0 0 0  00101010101010 1400000000000000000000000000000000   0 0
EAEA431660000 00000 0 000000  00 0 00  00000 0 0 0 0 0 0 0 0  00101010101010 1400000000000000000000000000000000   0 0
EAEA431770000 02000   000000  00 0 00  00000 0 0 0 0 0 0 0 0  00101010101010 1400000000000000000000000000000000   0 0
EAEA431810000 0022  00000000  00 0 00  00000 0 0 0 0 0 0 0 0  00101010101010 1400000000000000000000000000000000   0 0
EAEA432550000 00000 0 000000  00 0 00  00000 0 0 0 0 0 0 0 0  00101010101010 1400000000000000000000000000000000   0 0
EAEA432640000 0022  00000000  00 0 00  00000 0 0 0 0 0 0 0 0  00101010101010 1400000000000000000000000000000000   0 0
EAEA432700000 0022  00000000  00 0 00  00000 0 0 0 0 0 0 0 0  00101010101010 1400000000000000000000000000000000   0 0
EAEA432920000 00000 0 000000  00 0 00  00000 0 0 0 0 0 0 0 0  00101010101010 1400000000000000000000000000000000   0 0
EAEA433340000 0022  00000000  00 0 00  00000 0 0 0 0 0 0 0 0  00101010101010 1400000000000000000000000000000000   0 0
EAEA434260000 0022  02220 0200 0 0 00  2200200 200 0 0 0 2202 4420122210101001411100000011000000000010000000000   6 3
EAEA434590000 0022  02222 00   0 0 02200002220 0 0 0 200 0 02 4010101211101001411100010100110000000000000000000   4 3
EAEA435220020 0022  00000000  00 0 00  00000 0 0 0 0 0 0 0 0  00101010101010 1400000000000000000000000000000000   0 0
EAEA435480000 0022  00000000  00 0 00  00000 0 0 0 0 0 0 0 0  00101010101010 1400000000000000000000000000000000   0 0
EAEA435690000 00000 0 000000  00 0 00  00000 0 0 0 0 0 0 0 0  00101010101010 1400000000000000000000000000000000   0 0
EAEA435830000 00000 0 000000  00 0 00  00000 0 0 0 0 0 0 0 0  00101010101010 1400000000000000000000000000000000   0 0
EAEA435970000 02000   000000  00 0 00  00000 0 0 0 0 0 0 0 0  00101010101010 1400000000000000000000000000000000   0 0
EAEA43623022220022  02222 0221 1221022000020 200 0 2022220 2 21220101012201001411111010100100000101101100000000 8.5 7
EAEA436350000 00020   000000  00 0 00  00000 0 0 0 0 0 0 0 0  00101010101010 1400000000000000000000000000000000   0 0
EAEA436510020 00000   000000  00 0 00  00000 0 0 0 0 0 0 0 0  00101010101010 1400000000000000000000000000000000   0 0
EAEA436840000 00000 0 000000  00 0 00  00000 0 0 0 0 0 0 0 0  00101010101010 1400000000000000000000000000000000   0 0
EAEA437070000 00000 0 000000  00 0 00  00000 0 0 0 0 0 0 0 0  00101010101010 1400000000000000000000000000000000   0 0
EAEA437150000 2022  00000000  00 0 00  00000 0 0 0 0 0 0 0 0  00101010101010 1400000000000000000000000000000000   0 0
EAEA437300000 00000 0 000000  00 0 00  00000 0 0 0 0 0 0 0 0  00101010101010 1400000000000000000000000000000000   0 0
EAEA437420000 000220  000000  00 0 00  00000 0 0 0 0 0 0 0 0  00101010101010 1400000000000000000000000000000000   0 0
EAEA437560000 00020   000000  00 0 00  00000 0 0 0 0 0 0 0 0  00101010101010 1400000000000000000000000000000000   0 0
EAEA437740000 00000 0 000000  00 0 00  00000 0 0 0 0 0 0 0 0  00101010101010 1400000000000000000000000000000000   0 0
EAEA437890022222220   000000  00 0 00  00000 0 0 0 0 0 0 0 0  00101010101010 1400000000000000000000000000000000   0 0
EAEA437910000 0022  00000000  00 0 00  00000 0 0 0 0 0 0 0 0  00101010101010 1400000000000000000000000000000000   0 0
EAEA438090000 00000 0 000000  00 0 00  00000 0 0 0 0 0 0 0 0  00101010101010 1400000000000000000000000000000000   0 0
EAEA438170000 00020   000000  00 0 00  00000 0 0 0 0 0 0 0 0  00101010101010 1400000000000000000000000000000000   0 0
EAEA438400000 00000 0 000000  00 0 00  00000 0 0 0 0 0 0 0 0  00101010101010 1400000000000000000000000000000000   0 0
EAEA438580000 00200   000000  00 0 00  00000 0 0 0 0 0 0 0 0  00101010101010 1400000000000000000000000000000000   0 0
EAEA438610000 0022  00000000  00 0 00  00000 0 0 0 0 0 0 0 0  00101010101010 1400000000000000000000000000000000   0 0
EAEA438720200 0002  02222 0201 0 0 220000000 0 0 0 0 0 0 200  00101010101010 1411100100100000000000000000000000   4 1
EAEA438860000 00020   000000  00 0 00  00000 0 0 0 0 0 0 0 0  00101010101010 1400000000000000000000000000000000   0 0
EAEA43913022220222  02222 0222 0 0 02202020220 220 2222220 02 10101012201012 1411110010111010101011101000000000   9 9
EAEA439210000 00000 0 000000  00 0 00  00000 0 0 0 0 0 0 0 0  00101010101010 1400000000000000000000000000000000   0 0
EAEA439370200 2000  00000000  00 0 00  00000 0 0 0 0 0 0 0 0  00101010101010 1400000000000000000000000000000000   0 0
EAEA43965022222022  00000000  00 0 00  00000 0 0 0 0 0 0 0 0  00101010101010 1400000000000000000000000000000000   0 0
EAEA439760000 00000 0 000000  00 0 00  00000 0 0 0 0 0 0 0 0  00101010101010 1400000000000000000000000000000000   0 0
EAEA439820020 2022  02220 2222 220 022020000 0 0 0 0 0 0 0 02 4010101210101001411110010110000000100000000000000   4 4
EAEA440170000 2020  00000000  00 0 00  00000 0 0 0 0 0 0 0 0  00101010101010 1400000000000000000000000000000000   0 0
EAEA440330000 0022  00000000  00 0 00  00000 0 0 0 0 0 0 0 0  00101010101010 1400000000000000000000000000000000   0 0
EAEA440400200 0002  00000000  00 0 00  00000 0 0 0 0 0 0 0 0  00101010101010 1400000000000000000000000000000000   0 0
EAEA440582200 0022  00000000  00 0 00  00000 0 0 0 0 0 0 0 0  00101010101010 1400000000000000000000000000000000   0 0
EAEA440720000 00000 0 000000  00 0 00  00000 0 0 0 0 0 0 0 0  00101010101010 1400000000000000000000000000000000   0 0
EAEA440942200 2222  2 222 2211 0 0 00  00000 0 0 0 0 0 0 0 0  00101010101010 1411110000100000000000000000000000   1 1
EAEA441262000 0002  00000000  00 0 00  00000 0 0 0 0 0 0 0 0  00101010101010 1400000000000000000000000000000000   0 0
EAEA441440000 0022  2 000000  00 0 00  00000 0 0 0 0 0 0 0 0  00101010101010 1400000000000000000000000000000000   0 0
EAEA441710000 00200   000000  00 0 00  00000 0 0 0 0 0 0 0 0  00101010101010 1400000000000000000000000000000000   0 0
EAEA441930000 00000 0 000000  00 0 00  00000 0 0 0 0 0 0 0 0  00101010101010 1400000000000000000000000000000000   0 0
EAEA442370200 0200  00000000  00 0 00  00000 0 0 0 0 0 0 0 0  00101010101010 1400000000000000000000000000000000   0 0
EAEA442490000 00000 0 000000  00 0 00  00000 0 0 0 0 0 0 0 0  00101010101010 1400000000000000000000000000000000   0 0
EAEA442540000 000222  222 0222 0 0 022020020 0 0 0 200 0 0 00 00101010101010 1411110010110100000000000000000000   5 4
EAEA442650000 22200   000000  00 0 00  00000 0 0 0 0 0 0 0 0  00101010101010 1400000000000000000000000000000000   0 0
EAEA442820020 0022  00000000  00 0 00  00000 0 0 0 0 0 0 0 0  00101010101010 1400000000000000000000000000000000   0 0
EAEA442980000 00000 0 000000  00 0 00  00000 0 0 0 0 0 0 0 0  00101010101010 1400000000000000000000000000000000   0 0
EAEA443020000 00000 0 000000  00 0 00  00000 0 0 0 0 0 0 0 0  00101010101010 1400000000000000000000000000000000   0 0
EAEA443100000 00000 0 000000  00 0 00  00000 0 0 0 0 0 0 0 0  00101010101010 1400000000000000000000000000000000   0 0
EAEA443512200 0022  00000000  00 0 00  00000 0 0 0 0 0 0 0 0  00101010101010 1400000000000000000000000000000000   0 0
EAEA44368220200022  00000000  00 0 00  00000 0 0 0 0 0 0 0 0  00101010101010 1400000000000000000000000000000000   0 0
EAEA443790000 00000 0 000000  00 0 00  00000 0 0 0 0 0 0 0 0  00101010101010 1400000000000000000000000000000000   0 0
EAEA443960000 2020  00000000  00 0 00  00000 0 0 0 0 0 0 0 0  00101010101010 1400000000000000000000000000000000   0 0
EAEA444120000 0022  02202 0201 200 0200000020200 2020200 0 0  00101010101010 1411100000000000000000000000000000   8 0
EAEA444530000 0222  00000000  00 0 00  00000 0 0 0 0 0 0 0 0  00101010101010 1400000000000000000000000000000000   0 0
EAEA444812000 0022  00000000  00 0 00  00000 0 0 0 0 0 0 0 0  00101010101010 1400000000000000000000000000000000   0 0
EAEA445150000 00000 0 000000  00 0 00  00000 0 0 0 0 0 0 0 0  00101010101010 1400000000000000000000000000000000   0 0
EAEA445282000 0002  00000000  00 0 00  00000 0 0 0 0 0 0 0 0  00101010101010 1400000000000000000000000000000000   0 0
EAEA450340000 0022  00000000  00 0 00  00000 0 0 0 0 0 0 0 0  00101010101010 1400000000000000000000000000000000   0 0
EAEA45041022202222  02222 0222 22212220202222222222222222222 24011222231101001411111110111111111111111110101111  1616
EAEA450620000 00000 0 000000  00 0 00  00000 0 0 0 0 0 0 0 0  00101010101010 1400000000000000000000000000000000   0 0
EAEA450850000 0022  00000000  00 0 00  00000 0 0 0 0 0 0 0 0  00101010101010 1400000000000000000000000000000000   0 0
EAEA451330000 00000 0 000000  00 0 00  00000 0 0 0 0 0 0 0 0  00101010101010 1400000000000000000000000000000000   0 0
EAEA451580000 20000   000000  00 0 00  00000 0 0 0 0 0 0 0 0  00101010101010 1400000000000000000000000000000000   0 0
EAEA451860000 00000 0 000000  00 0 00  00000 0 0 0 0 0 0 0 0  00101010101010 1400000000000000000000000000000000   0 0
EAEA451940000 020020  000000  00 0 00  00000 0 0 0 0 0 0 0 0  00101010101010 1400000000000000000000000000000000   0 0
EAEA452360220 0002  02200 00   0 0 00  02000 0 0 0 0 0 0 0 0  00101010101010 1410000000001000000000000000000000   1 1
EAEA452480000 0022  00000000  00 0 00  00000 0 0 0 0 0 0 0 0  00101010101010 1400000000000000000000000000000000   0 0
EAEA452692000 0022  00000000  00 0 00  00000 0 0 0 0 0 0 0 0  00101010101010 1400000000000000000000000000000000   0 0
EAEA452750000 00000 0 000000  00 0 00  00000 0 0 0 0 0 0 0 0  00101010101010 1400000000000000000000000000000000   0 0
EAEA452830020 0020  2 000000  00 0 00  00000 0 0 0 0 0 0 0 0  00101010101010 1400000000000000000000000000000000   0 0
EAEA453032220 0000  00000000  00 0 00  00000 0 0 0 0 0 0 0 0  00101010101010 1400000000000000000000000000000000   0 0
EAEA453110000 00000 0 000000  00 0 00  00000 0 0 0 0 0 0 0 0  00101010101010 1400000000000000000000000000000000   0 0
EAEA453240200 0022  00000000  00 0 00  00000 0 0 0 0 0 0 0 0  00101010101010 1400000000000000000000000000000000   0 0
EAEA453460000 00000 0 000000  00 0 00  00000 0 0 0 0 0 0 0 0  00101010101010 1400000000000000000000000000000000   0 0
EAEA453520000 00200   000000  00 0 00  00000 0 0 0 0 0 0 0 0  00101010101010 1400000000000000000000000000000000   0 0
EAEA453950000 00000 0 000000  00 0 00  00000 0 0 0 0 0 0 0 0  00101010101010 1400000000000000000000000000000000   0 0
EAEA454000000 0220  00000000  00 0 00  00000 0 0 0 0 0 0 0 0  00101010101010 1400000000000000000000000000000000   0 0
EAEA4543722222002222                                          00101010101010 14                            0000   0  
EAEA454540200 0022  00000000  00 0 00  00000 0 0 0 0 0 0 0 0  00101010101010 1400000000000000000000000000000000   0 0
EAEA454760000 002020  000000  00 0 00  00000 0 0 0 0 0 0 0 0  00101010101010 1400000000000000000000000000000000   0 0
EAEA454980000 00000 0 000000  00 0 00  00000 0 0 0 0 0 0 0 0  00101010101010 1400000000000000000000000000000000   0 0
EAEA455060000 00200   000000  00 0 00  00000 0 0 0 0 0 0 0 0  00101010101010 1400000000000000000000000000000000   0 0
EAEA455312000 0200  00000000  00 0 00  00000 0 0 0 0 0 0 0 0  00101010101010 1400000000000000000000000000000000   0 0
EAEA455702000 0022  00000000  00 0 00  00000 0 0 0 0 0 0 0 0  00101010101010 1400000000000000000000000000000000   0 0
EAEA455880000 00000 0 000000  00 0 00  00000 0 0 0 0 0 0 0 0  00101010101010 1400000000000000000000000000000000   0 0
EAEA456070000 00000 0 000000  00 0 00  00000 0 0 0 0 0 0 0 0  00101010101010 1400000000000000000000000000000000   0 0
EAEA456282000 2222  00000000  00 0 00  00000 0 0 0 0 0 0 0 0  00101010101010 1400000000000000000000000000000000   0 0
EAEA456300000 0022  00000000  00 0 00  00000 0 0 0 0 0 0 0 0  00101010101010 1400000000000000000000000000000000   0 0
EAEA45642002220200  00000000  00 0 00  00000 0 0 0 0 0 0 0 0  00101010101010 1400000000000000000000000000000000   0 0
EAEA456632000 2222  02222 0202 200 022020200 200 0 0 20200 2 04010101220101001411100010111000000000000100000000   8 3
EAEA456742000 0002  00000000  00 0 00  00000 0 0 0 0 0 0 0 0  00101010101010 1400000000000000000000000000000000   0 0
EAEA456890000 000220  000000  00 0 00  00000 0 0 0 0 0 0 0 0  00101010101010 1400000000000000000000000000000000   0 0
EAEA45702020220020  02222 0220 0 0 00  00020 0 0 0 0 200 0 0  00101010101010 1411100000000100000000000000000000   3 1
EAEA457350000 0022  02202 0222 0 0 00  20200 0 0 0 0 0 0 0 2 24010101210101001411110000111000000000000100000000   3 3
EAEA457470000 00000 0 000000  00 0 00  00000 0 0 0 0 0 0 0 0  00101010101010 1400000000000000000000000000000000   0 0
EAEA457510000 00000 0 000000  00 0 00  00000 0 0 0 0 0 0 0 0  00101010101010 1400000000000000000000000000000000   0 0
EAEA458040200 2022  02222 2222 220 00  20200 0 0 2222220 0 02 40101010101012 1411110000111000011111001000000000   7 7
EAEA458120000 00000 0 000000  00 0 00  00000 0 0 0 0 0 0 0 0  00101010101010 1400000000000000000000000000000000   0 0
EAEA458450000 00000 0 000000  00 0 00  00000 0 0 0 0 0 0 0 0  00101010101010 1400000000000000000000000000000000   0 0
EAEA458660000 00000 0 000000  00 0 00  00000 0 0 0 0 0 0 0 0  00101010101010 1400000000000000000000000000000000   0 0
EAEA458990000 00200   000000  00 0 00  00000 0 0 0 0 0 0 0 0  00101010101010 1400000000000000000000000000000000   0 0
EAEA459180000 0022  00000000  00 0 00  00000 0 0 0 0 0 0 0 0  00101010101010 1400000000000000000000000000000000   0 0
EAEA459320000 00000 0 000000  00 0 00  00000 0 0 0 0 0 0 0 0  00101010101010 1400000000000000000000000000000000   0 0
EAEA459870000 00020   200 00   0 0 00  00000 0 0 0 0 0 0 0 0  00101010101010 1410000000000000000000000000000000   0 0
MWMW001362000 0022  02200 2211 100 00  00000 0 0 0 200 0 0 0  00101010101010 1410010000100000000000000000000000 2.5 1
MWMW001690000 002020  000000  00 0 00  00000 0 0 0 0 0 0 0 0  00101010101010 1400000000000000000000000000000000   0 0
MWMW001750200 0020  2 222 2211 100 00  202022220 0 2222222202 4010101010101001411110000111011001011111000000000 9.5 9
MWMW001830000 0222  00000000  00 0 00  00000 0 0 0 0 0 0 0 0  00101010101010 1400000000000000000000000000000000   0 0
MWMW002172200 2022  00000000  00 0 00  00000 0 0 0 0 0 0 0 0  00101010101010 1400000000000000000000000000000000   0 0
MWMW002580000 00000 0 000000  00 0 00  00000 0 0 0 0 0 0 0 0  00101010101010 1400000000000000000000000000000000   0 0
MWMW002720000 0222  00000000  00 0 00  00000 0 0 0 0 0 0 0 0  00101010101010 1400000000000000000000000000000000   0 0
MWMW002860000 00200   000000  00 0 00  00000 0 0 0 0 0 0 0 0  00101010101010 1400000000000000000000000000000000   0 0
MWMW003060000 00000 0 000000  00 0 00  00000 0 0 0 0 0 0 0 0  00101010101010 1400000000000000000000000000000000   0 0
MWMW003310000 002020  000000  00 0 00  00000 0 0 0 0 0 0 0 0  00101010101010 1400000000000000000000000000000000   0 0
MWMW003550000 00020   000000  00 0 00  00000 0 0 0 0 0 0 0 0  00101010101010 1400000000000000000000000000000000   0 0
MWMW003640000 0202  00000000  00 0 00  00000 0 0 0 0 0 0 0 0  00101010101010 1400000000000000000000000000000000   0 0
MWMW003700000 0222  00000000  00 0 00  00000 0 0 0 0 0 0 0 0  00101010101010 1400000000000000000000000000000000   0 0
MWMW003880000 00000 0 000000  00 0 00  00000 0 0 0 0 0 0 0 0  00101010101010 1400000000000000000000000000000000   0 0
MWMW004160000 00000 0 000000  00 0 00  00000 0 0 0 0 0 0 0 0  00101010101010 1400000000000000000000000000000000   0 0
MWMW004290200 0020  00000000  00 0 00  00000 0 0 0 0 0 0 0 0  00101010101010 1400000000000000000000000000000000   0 0
MWMW004570000 0022  02200 20   0 0 00  00000 0 0 0 0 0 0 0 0  00101010101010 1410000000000000000000000000000000   0 0
MWMW004620000 00200   000000  00 0 00  00000 0 0 0 0 0 0 0 0  00101010101010 1400000000000000000000000000000000   0 0
MWMW005030000 00000 0 000000  00 0 00  00000 0 0 0 0 0 0 0 0  00101010101010 1400000000000000000000000000000000   0 0
MWMW005110000 2020  00000000  00 0 00  00000 0 0 0 0 0 0 0 0  00101010101010 1400000000000000000000000000000000   0 0
MWMW005240000 00000 0 000000  00 0 00  00000 0 0 0 0 0 0 0 0  00101010101010 1400000000000000000000000000000000   0 0
MWMW005390000 0022  00000000  00 0 00  00000 0 0 0 0 0 0 0 0  00101010101010 1400000000000000000000000000000000   0 0
MWMW005460000 0022  00000000  00 0 00  00000 0 0 0 0 0 0 0 0  00101010101010 1400000000000000000000000000000000   0 0
MWMW00552                                                     00101010101010 14                            0000   0  
MWMW005800220 2220  00000000  00 0 00  00000 0 0 0 0 0 0 0 0  00101010101010 1400000000000000000000000000000000   0 0
MWMW005950000 00000 0 000000  00 0 00  00000 0 0 0 0 0 0 0 0  00101010101010 1400000000000000000000000000000000   0 0
MWMW006120000 00000 0 000000  00 0 00  00000 0 0 0 0 0 0 0 0  00101010101010 1400000000000000000000000000000000   0 0
MWMW00638000220022  00000000  00 0 00  00000 0 0 0 0 0 0 0 0  00101010101010 1400000000000000000000000000000000   0 0
MWMW006450000 0222  00000000  00 0 00  00000 0 0 0 0 0 0 0 0  00101010101010 1400000000000000000000000000000000   0 0
MWMW006530000 0022  00000000  00 0 00  00000 0 0 0 0 0 0 0 0  00101010101010 1400000000000000000000000000000000   0 0
MWMW006990000 0022  02222 0202 0 0 222222200 0 220 220 0 222 04230122010101001411100111111000101010011111001111   9 8
MWMW007180000 00000 0 000000  00 0 00  00000 0 0 0 0 0 0 0 0  00101010101010 1400000000000000000000000000000000   0 0
MWMW007442220 2222  2 000000  00 0 00  00000 0 0 0 0 0 0 0 0  00101010101010 1400000000000000000000000000000000   0 0
MWMW007712200 0222  02222 0222 220 22202022200 0 0 22200 0 2 04130101010101001411110110111100001110001111001011  10 8
MWMW008070000 2022  2 200 20   220 00  00000 0 0 0 0 0 0 0 0  00101010101010 1410000000000000000100000000000000   1 1
MWMW008300000 000220  000000  00 0 00  00000 0 0 0 0 0 0 0 0  00101010101010 1400000000000000000000000000000000   0 0
MWMW008562200 2022  02200 00   0 0 00  0000220 0 0 2222222200 00101010101010 1410000000000010000011111000000000   5 5
MWMW008630000 00200   200 00   202220  00000 0 0 0 0 0 0 0 0  00101010101010 1410001100100000000000000000000000   3 2
MWMW008740200 0222  00000000  00 0 00  00000 0 0 0 0 0 0 0 0  00101010101010 1400000000000000000000000000000000   0 0
MWMW008912200 0022  02222 0201 0 21022220220 20220 222222222 03211111120101001411101011111100101011111111001000  1211
MWMW009680000 00000 0 000000  00 0 00  00000 0 0 0 0 0 0 0 0  00101010101010 1400000000000000000000000000000000   0 0
MWMW009790000 00000 0 000000  00 0 00  00000 0 0 0 0 0 0 0 0  00101010101010 1400000000000000000000000000000000   0 0
MWMW010400000 00000 0 000000  00 0 00  00000 0 0 0 0 0 0 0 0  00101010101010 1400000000000000000000000000000000   0 0
MWMW011050200 0022  02200 2221 0 0 020002000 20200 200 0 0 0  00101010101010 1410010000101000000000000000000000   6 2
MWMW011712220 2000  00000000  00 0 00  00000 0 0 0 0 0 0 0 0  00101010101010 1400000000000000000000000000000000   0 0
MWMW011932000 0020  00000000  00 0 00  00000 0 0 0 0 0 0 0 0  00101010101010 1400000000000000000000000000000000   0 0
MWMW012000000 00000 0 000000  00 0 00  00000 0 0 0 0 0 0 0 0  00101010101010 1400000000000000000000000000000000   0 0
MWMW012760000 00000 0 000000  00 0 00  00000 0 0 0 0 0 0 0 0  00101010101010 1400000000000000000000000000000000   0 0
MWMW013022200 0000  00000000  00 0 00  00000 0 0 0 0 0 0 0 0  00101010101010 1400000000000000000000000000000000   0 0
MWMW013470000 00000 0 000000  00 0 00  00000 0 0 0 0 0 0 0 0  00101010101010 1400000000000000000000000000000000   0 0
MWMW013510000 00000 0 000000  00 0 00  00000 0 0 0 0 0 0 0 0  00101010101010 1400000000000000000000000000000000   0 0
MWMW015280000 00000 0 000000  00 0 00  00000 0 0 0 0 0 0 0 0  00101010101010 1400000000000000000000000000000000   0 0
MWMW015420000 00000 0 000000  00 0 00  00000 0 0 0 0 0 0 0 0  00101010101010 1400000000000000000000000000000000   0 0
MWMW015910000 000220  000000  00 0 00  00000 0 0 0 0 0 0 0 0  00101010101010 1400000000000000000000000000000000   0 0
MWMW016080000 00000 0 000000  00 0 00  00000 0 0 0 0 0 0 0 0  00101010101010 1400000000000000000000000000000000   0 0
MWMW016290000 0022  00000000  00 0 00  00000 0 0 0 0 0 0 0 0  00101010101010 1400000000000000000000000000000000   0 0
MWMW016340000 00000 0 000000  00 0 00  00000 0 0 0 0 0 0 0 0  00101010101010 1400000000000000000000000000000000   0 0
MWMW0165722222222020  0                                       00101010101010 1400000000000000000000000 00000000   0 0
MWMW01673200200200  00000000  00 0 00  00000 0 0 0 0 0 0 0 0  00101010101010 1400000000000000000000000000000000   0 0
MWMW01685000200020  00000000  00 0 00  00000 0 0 0 0 0 0 0 0  00101010101010 1400000000000000000000000000000000   0 0
MWMW017360000 00200   000000  00 0 00  00000 0 0 0 0 0 0 0 0  00101010101010 1400000000000000000000000000000000   0 0
MWMW017500000 00000 0 000000  00 0 00  00000 0 0 0 0 0 0 0 0  00101010101010 1400000000000000000000000000000000   0 0
MWMW018460000 00000 0 000000  00 0 00  00000 0 0 0 0 0 0 0 0  00101010101010 1400000000000000000000000000000000   0 0
MWMW018520200 0202  00000000  00 0 00  00000 0 0 0 0 0 0 0 0  00101010101010 1400000000000000000000000000000000   0 0
MWMW018672200 2020  02200 2221 0 0 220020200 2020202020200 02 4010101010101001410010100111000000000000000000000  11 4
MWMW018950000 0022  00000000  00 0 00  00000 0 0 0 0 0 0 0 0  00101010101010 1400000000000000000000000000000000   0 0
MWMW019060000 00000 0 000000  00 0 00  00000 0 0 0 0 0 0 0 0  00101010101010 1400000000000000000000000000000000   0 0
MWMW019430000 00000 0 000000  00 0 00  00000 0 0 0 0 0 0 0 0  00101010101010 1400000000000000000000000000000000   0 0
MWMW019880000 00000 0 000000  00 0 00  00000 0 0 0 0 0 0 0 0  00101010101010 1400000000000000000000000000000000   0 0
MWMW019920200 0022  2 222 0210 0 0 02000222220 0 0 200 0 0    00101010101010 1411100000001110001000000 00000000   7 3
MWMW020080000 00000 0 000000  00 0 00  00000 0 0 0 0 0 0 0 0  00101010101010 1400000000000000000000000000000000   0 0
MWMW020160000 0022  00000000  00 0 00  00000 0 0 0 0 0 0 0 0  00101010101010 1400000000000000000000000000000000   0 0
MWMW020570000 0022  00000000  00 0 00  00000 0 0 0 0 0 0 0 0  00101010101010 1400000000000000000000000000000000   0 0
MWMW020900000 00000 0 000000  00 0 00  00000 0 0 0 0 0 0 0 0  00101010101010 1400000000000000000000000000000000   0 0
MWMW021170000 00000 0 000000  00 0 00  00000 0 0 0 0 0 0 0 0  00101010101010 1400000000000000000000000000000000   0 0
MWMW021250000 00020   000000  00 0 00  00000 0 0 0 0 0 0 0 0  00101010101010 1400000000000000000000000000000000   0 0
MWMW021580000 00000 0 000000  00 0 00  00000 0 0 0 0 0 0 0 0  00101010101010 1400000000000000000000000000000000   0 0
MWMW021720000 000220  000000  00 0 00  00000 0 0 0 0 0 0 0 0  00101010101010 1400000000000000000000000000000000   0 0
MWMW02222000200020  00000000  00 0 00  00000 0 0 0 0 0 0 0 0  00101010101010 1400000000000000000000000000000000   0 0
MWMW022360000 0022  2 222 0222 220 0222222222222222222222222 22222222222222001411110011111111111111111110101101  1515
MWMW022690000 0022  00000000  00 0 00  00000 0 0 0 0 0 0 0 0  00101010101010 1400000000000000000000000000000000   0 0
MWMW022750000 002222  000000  00 0 00  00000 0 0 0 0 0 0 0 0  00101010101010 1400000000000000000000000000000000   0 0
MWMW022830000 00000 0 000000  00 0 00  00000 0 0 0 0 0 0 0 0  00101010101010 1400000000000000000000000000000000   0 0
MWMW023110200 0002  02200 0211 0 0 022020000 0 0 22200 0 0 00 00101010101010 1410010010110000010000000000000000   5 4
MWMW023780200 00000   200 00   0 0 00  00020 0 0 20200 0 0 0  00101010101010 1410000000000100000000000000000000   3 1
MWMW023802220 2222  00000000  00 0 00  00000 0 0 0 0 0 0 0 0  00101010101010 1400000000000000000000000000000000   0 0
MWMW024000000 00000 0 000000  00 0 00  00000 0 0 0 0 0 0 0 0  00101010101010 1400000000000000000000000000000000   0 0
MWMW024650000 00020   000000  00 0 00  00000 0 0 0 0 0 0 0 0  00101010101010 1400000000000000000000000000000000   0 0
MWMW024760000 00200   000000  00 0 00  00000 0 0 0 0 0 0 0 0  00101010101010 1400000000000000000000000000000000   0 0
MWMW024822200 0022  02202 0222 220 022020000 0 200 2020202002 4010101110101001411110010110000000100000000000000   9 4
MWMW025310000 00000 0 000000  00 0 00  00000 0 0 0 0 0 0 0 0  00101010101010 1400000000000000000000000000000000   0 0
MWMW025430000 0022  00000000  00 0 00  00000 0 0 0 0 0 0 0 0  00101010101010 1400000000000000000000000000000000   0 0
MWMW02592022200020  00000000  00 0 00  00000 0 0 0 0 0 0 0 0  00101010101010 1400000000000000000000000000000000   0 0
MWMW02689                                                     00101010101010 14                            0000   0  
MWMW027020200 0022  00000000  00 0 00  00000 0 0 0 0 0 0 0 0  00101010101010 1400000000000000000000000000000000   0 0
MWMW027230000 00000 0 000000  00 0 00  00000 0 0 0 0 0 0 0 0  00101010101010 1400000000000000000000000000000000   0 0
MWMW027510000 00000 0 000000  00 0 00  00000 0 0 0 0 0 0 0 0  00101010101010 1400000000000000000000000000000000   0 0
MWMW027680200 0020  00000000  00 0 00  00000 0 0 0 0 0 0 0 0  00101010101010 1400000000000000000000000000000000   0 0
MWMW027790000 00000 0 000000  00 0 00  00000 0 0 0 0 0 0 0 0  00101010101010 1400000000000000000000000000000000   0 0
MWMW027842000 0022  00000000  00 0 00  00000 0 0 0 0 0 0 0 0  00101010101010 1400000000000000000000000000000000   0 0
MWMW027960000 00000 0 000000  00 0 00  00000 0 0 0 0 0 0 0 0  00101010101010 1400000000000000000000000000000000   0 0
MWMW028040000 0022  00000000  00 0 00  00000 0 0 0 0 0 0 0 0  00101010101010 1400000000000000000000000000000000   0 0
MWMW028530000 0022  02222 0220 0 0 020000200 0 0 22200 20200  00101010101010 1411100000001000010000000000000000   7 2
MWMW028770000 00200   000000  00 0 00  00000 0 0 0 0 0 0 0 0  00101010101010 1400000000000000000000000000000000   0 0
MWMW028990000 000220  000000  00 0 00  00000 0 0 0 0 0 0 0 0  00101010101010 1400000000000000000000000000000000   0 0
MWMW029050000 0022  00000000  00 0 00  00000 0 0 0 0 0 0 0 0  00101010101010 1400000000000000000000000000000000   0 0
MWMW029320200 0022  00000000  00 0 00  00000 0 0 0 0 0 0 0 0  00101010101010 1400000000000000000000000000000000   0 0
MWMW029440200 0022  00000000  00 0 00  00000 0 0 0 0 0 0 0 0  00101010101010 1400000000000000000000000000000000   0 0
MWMW029590220 2002  02000000  00 0 00  00000 0 0 0 0 0 0 0 0  00101010101010 1400000000000000000000000000000000   0 0
MWMW02960022222222  02222 0222 200 222000020 220 220 0 0 0 02 40101011301212 1411110110100101011000000000000000   7 6
MWMW029710000 0220  00000000  00 0 00  00000 0 0 0 0 0 0 0 0  00101010101010 1400000000000000000000000000000000   0 0
MWMW029870000 00000 0 000000  00 0 00  00000 0 0 0 0 0 0 0 0  00101010101010 1400000000000000000000000000000000   0 0
MWMW03026000220200  00000000  00 0 00  00000 0 0 0 0 0 0 0 0  00101010101010 1400000000000000000000000000000000   0 0
MWMW030322000 00000   000000  00 0 00  00000 0 0 0 0 0 0 0 0  00101010101010 1400000000000000000000000000000000   0 0
MWMW030440200 00000   000000  00 0 00  00000 0 0 0 0 0 0 0 0  00101010101010 1400000000000000000000000000000000   0 0
MWMW030600000 00000 0 000000  00 0 00  00000 0 0 0 0 0 0 0 0  00101010101010 1400000000000000000000000000000000   0 0
MWMW031272220 2000  00000000  00 0 00  00000 0 0 0 0 0 0 0 0  00101010101010 1400000000000000000000000000000000   0 0
MWMW031700200 00000   220 0200 0 0 00  20220 0 0 0 200 0 0 00 00101010101010 1411100000011100001000000000000000   5 3
MWMW031920200 0022  02222 0222 2021222022220 202020202020202 04010101121101001411111110111100001000000100000000  16 7
MWMW032200000 00000 0 000000  00 0 00  00000 0 0 0 0 0 0 0 0  00101010101010 1400000000000000000000000000000000   0 0
MWMW032530000 00000 0 000000  00 0 00  00000 0 0 0 0 0 0 0 0  00101010101010 1400000000000000000000000000000000   0 0
NWNW300202020 2002  00000000  00 0 00  00000 0 0 0 0 0 0 0 0  00101010101010 1400000000000000000000000000000000   0 0
NWNW300530000 0202  00000000  00 0 00  00000 0 0 0 0 0 0 0 0  00101010101010 1400000000000000000000000000000000   0 0
NWNW300660000 0222  00000000  00 0 00  00000 0 0 0 0 0 0 0 0  00101010101010 1400000000000000000000000000000000   0 0
NWNW300770000 00020   000000  00 0 00  00000 0 0 0 0 0 0 0 0  00101010101010 1400000000000000000000000000000000   0 0
NWNW300990000 00000 0 000000  00 0 00  00000 0 0 0 0 0 0 0 0  00101010101010 1400000000000000000000000000000000   0 0
NWNW301370000 00000 0 000000  00 0 00  00000 0 0 0 0 0 0 0 0  00101010101010 1400000000000000000000000000000000   0 0
NWNW301490000 00000 0 000000  00 0 00  00000 0 0 0 0 0 0 0 0  00101010101010 1400000000000000000000000000000000   0 0
NWNW301542000 2020  00000000  00 0 00  00000 0 0 0 0 0 0 0 0  00101010101010 1400000000000000000000000000000000   0 0
NWNW301760000 00000 0 000000  00 0 00  00000 0 0 0 0 0 0 0 0  00101010101010 1400000000000000000000000000000000   0 0
NWNW301822200 0200  00000000  00 0 00  00000 0 0 0 0 0 0 0 0  00101010101010 1400000000000000000000000000000000   0 0
NWNW302050000 00000 0 000000  00 0 00  00000 0 0 0 0 0 0 0 0  00101010101010 1400000000000000000000000000000000   0 0
NWNW302180020 00000   000000  00 0 00  00000 0 0 0 0 0 0 0 0  00101010101010 1400000000000000000000000000000000   0 0
NWNW302262020 0202  00000000  00 0 00  00000 0 0 0 0 0 0 0 0  00101010101010 1400000000000000000000000000000000   0 0
NWNW30232022222020  2 222 00   2222222222220 0 220 0 2222222 24210101010101001411101111111100101101111110100000  1212
NWNW302440000 00000 0 000000  00 0 00  00000 0 0 0 0 0 0 0 0  00101010101010 1400000000000000000000000000000000   0 0
NWNW302590000 00000 0 000000  00 0 00  00000 0 0 0 0 0 0 0 0  00101010101010 1400000000000000000000000000000000   0 0
NWNW302602000 00000   000000  00 0 00  00000 0 0 0 0 0 0 0 0  00101010101010 1400000000000000000000000000000000   0 0
NWNW302930000 0022  00000000  00 0 00  00000 0 0 0 0 0 0 0 0  00101010101010 1400000000000000000000000000000000   0 0
NWNW303282200 0000  00000000  00 0 00  00000 0 0 0 0 0 0 0 0  00101010101010 1400000000000000000000000000000000   0 0
NWNW303302000 0020  00000000  00 0 00  00000 0 0 0 0 0 0 0 0  00101010101010 1400000000000000000000000000000000   0 0
NWNW303632000 0200  00000000  00 0 00  00000 0 0 0 0 0 0 0 0  00101010101010 1400000000000000000000000000000000   0 0
NWNW303742000 2020  00000000  00 0 00  00000 0 0 0 0 0 0 0 0  00101010101010 1400000000000000000000000000000000   0 0
NWNW303910000 00020   000000  00 0 00  00000 0 0 0 0 0 0 0 0  00101010101010 1400000000000000000000000000000000   0 0
NWNW304090000 00000 0 000000  00 0 00  00000 0 0 0 0 0 0 0 0  00101010101010 1400000000000000000000000000000000   0 0
NWNW304250200 0220  02000000  00 0 00  00000 0 0 0 0 0 0 0 0  00101010101010 1400000000000000000000000000000000   0 0
NWNW30433                                                     00101010101010 14                            0000   0  
NWNW30458000202022  00000000  00 0 00  00000 0 0 0 0 0 0 0 0  00101010101010 1400000000000000000000000000000000   0 0
NWNW304610000 00220   000000  00 0 00  00000 0 0 0 0 0 0 0 0  00101010101010 1400000000000000000000000000000000   0 0
NWNW304860000 00000 0 000000  00 0 00  00000 0 0 0 0 0 0 0 0  00101010101010 1400000000000000000000000000000000   0 0
NWNW304942000 00000   000000  00 0 00  00000 0 0 0 0 0 0 0 0  00101010101010 1400000000000000000000000000000000   0 0
NWNW305022000 0022  00000000  00 0 00  00000 0 0 0 0 0 0 0 0  00101010101010 1400000000000000000000000000000000   0 0
NWNW305232200 0200  00000000  00 0 00  00000 0 0 0 0 0 0 0 0  00101010101010 1400000000000000000000000000000000   0 0
NWNW305350200 0022  00000000  00 0 00  00000 0 0 0 0 0 0 0 0  00101010101010 1400000000000000000000000000000000   0 0
NWNW305470020 000022  222 0222 0 0 022020220 0 0 0 0 2222222 2 22      01132 14111100101111000010011111101 1111   8 8
NWNW305510000 0202  02222 0222 0 0 00  000222200 0 200 0 0 02 3010101220101001411110000100110000000000000000000   5 3
NWNW305790000 00000 0 000000  00 0 00  00000 0 0 0 0 0 0 0 0  00101010101010 1400000000000000000000000000000000   0 0
NWNW305840000 00000 0 000000  00 0 00  00000 0 0 0 0 0 0 0 0  00101010101010 1400000000000000000000000000000000   0 0
NWNW30596000200022  00000000  00 0 00  00000 0 0 0 0 0 0 0 0  00101010101010 1400000000000000000000000000000000   0 0
NWNW306030000 00000 0 000000  00 0 00  00000 0 0 0 0 0 0 0 0  00101010101010 1400000000000000000000000000000000   0 0
NWNW30611000220000  2 000000  00 0 00  00000 0 0 0 0 0 0 0 0  00101010101010 1400000000000000000000000000000000   0 0
NWNW306390020 0020  2 000000  00 0 00  00000 0 0 0 0 0 0 0 0  00101010101010 1400000000000000000000000000000000   0 0
NWNW306460220 2000  2 000000  00 0 00  00000 0 0 0 0 0 0 0 0  00101010101010 1400000000000000000000000000000000   0 0
NWNW306522200 2220  02222 0212 200 022222220 0 0 0 200 0 202 03010101210101001411110011111100001000000100000000   9 6
NWNW306670200 0200  02200 20   0 0 00  00000 0 0 0 0 0 0 0 0  00101010101010 1410000000000000000000000000000000   0 0
NWNW306780000 0022  00000000  00 0 00  00000 0 0 0 0 0 0 0 0  00101010101010 1400000000000000000000000000000000   0 0
NWNW306800000 00000 0 000000  00 0 00  00000 0 0 0 0 0 0 0 0  00101010101010 1400000000000000000000000000000000   0 0
NWNW307190000 0022  2 000000  00 0 00  00000 0 0 0 0 0 0 0 0  00101010101010 1400000000000000000000000000000000   0 0
NWNW307432020 0000  00000000  00 0 00  00000 0 0 0 0 0 0 0 0  00101010101010 1400000000000000000000000000000000   0 0
NWNW307640000 00000 0 000000  00 0 00  00000 0 0 0 0 0 0 0 0  00101010101010 1400000000000000000000000000000000   0 0
NWNW307700000 002020  000000  00 0 00  00000 0 0 0 0 0 0 0 0  00101010101010 1400000000000000000000000000000000   0 0
NWNW308080000 00000 0 000000  00 0 00  00000 0 0 0 0 0 0 0 0  00101010101010 1400000000000000000000000000000000   0 0
NWNW308160000 00000 0 000000  00 0 00  00000 0 0 0 0 0 0 0 0  00101010101010 1400000000000000000000000000000000   0 0
NWNW308290000 00000 0 000000  00 0 00  00000 0 0 0 0 0 0 0 0  00101010101010 1400000000000000000000000000000000   0 0
NWNW308342000 00000   000000  00 0 00  00000 0 0 0 0 0 0 0 0  00101010101010 1400000000000000000000000000000000   0 0
NWNW308730000 000220  000000  00 0 00  00000 0 0 0 0 0 0 0 0  00101010101010 1400000000000000000000000000000000   0 0
NWNW30885222222022  02222 2222 22222222000220200 0 202220202 24010123232301001411111111100100000101001100000000  12 8
NWNW309220000 00000 0 000000  00 0 00  00000 0 0 0 0 0 0 0 0  00101010101010 1400000000000000000000000000000000   0 0
NWNW309362000 000 0   000000  00 0 00  00000 0 0 0 0 0 0 0 0  00101010101010 1400000000000000000000000000000000   0 0
NWNW309480000 00000 0 000000  00 0 00  00000 0 0 0 0 0 0 0 0  00101010101010 1400000000000000000000000000000000   0 0
NWNW309500000 00200   000000  00 0 00  00000 0 0 0 0 0 0 0 0  00101010101010 1400000000000000000000000000000000   0 0
NWNW309690200 2000  2 000000  00 0 00  00000 0 0 0 0 0 0 0 0  00101010101010 1400000000000000000000000000000000   0 0
NWNW309972000 00000   000000  00 0 00  00000 0 0 0 0 0 0 0 0  00101010101010 1400000000000000000000000000000000   0 0
NWNW31005220200022  00000000  00 0 00  00000 0 0 0 0 0 0 0 0  00101010101010 1400000000000000000000000000000000   0 0
NWNW310182200 2222  00000000  00 0 00  00000 0 0 0 0 0 0 0 0  00101010101010 1400000000000000000000000000000000   0 0
NWNW310322220 2022  02222 00   200 022000000 0 200 0 0 0 0 0  00101010101010 1411100010100000000000000000000000   3 1
NWNW310442000 00000   000000  00 0 00  00000 0 0 0 0 0 0 0 0  00101010101010 1400000000000000000000000000000000   0 0
NWNW310600200 00000   000000  00 0 00  00000 0 0 0 0 0 0 0 0  00101010101010 1400000000000000000000000000000000   0 0
NWNW310710000 00000 0 000000  00 0 00  00000 0 0 0 0 0 0 0 0  00101010101010 1400000000000000000000000000000000   0 0
NWNW310872000 00000   000000  00 0 00  00000 0 0 0 0 0 0 0 0  00101010101010 1400000000000000000000000000000000   0 0
NWNW311060000 00000 0 000000  00 0 00  00000 0 0 0 0 0 0 0 0  00101010101010 1400000000000000000000000000000000   0 0
NWNW311190000 00000 0 000000  00 0 00  00000 0 0 0 0 0 0 0 0  00101010101010 1400000000000000000000000000000000   0 0
NWNW31127002202022  00000000  00 0 00  00000 0 0 0 0 0 0 0 0  00101010101010 1400000000000000000000000000000000   0 0
NWNW311310000 00000 0 000000  00 0 00  00000 0 0 0 0 0 0 0 0  00101010101010 1400000000000000000000000000000000   0 0
NWNW31155222200222  00000000  00 0 00  00000 0 0 0 0 0 0 0 0  00101010101010 1400000000000000000000000000000000   0 0
NWNW311640000 020020  000000  00 0 00  00000 0 0 0 0 0 0 0 0  00101010101010 1400000000000000000000000000000000   0 0
NWNW31170                                                     00101010101010 14                            0000   0  
NWNW311922200 0022  2 000000  00 0 00  00000 0 0 0 0 0 0 0 0  00101010101010 1400000000000000000000000000000000   0 0
NWNW312042200 2200  00000000  00 0 00  00000 0 0 0 0 0 0 0 0  00101010101010 1400000000000000000000000000000000   0 0
NWNW312120000 002022  202 00   200 022020000 0 0 0 20200 0 0  00101010101010 1411100010110000000000000000000000   5 2
NWNW312200000 00000 0 000000  00 0 00  00000 0 0 0 0 0 0 0 0  00101010101010 1400000000000000000000000000000000   0 0
NWNW312450000 00000 0 000000  00 0 00  00000 0 0 0 0 0 0 0 0  00101010101010 1400000000000000000000000000000000   0 0
NWNW312530200 000020  000000  00 0 00  00000 0 0 0 0 0 0 0 0  00101010101010 1400000000000000000000000000000000   0 0
NWNW31277000220000  00000000  00 0 00  00000 0 0 0 0 0 0 0 0  00101010101010 1400000000000000000000000000000000   0 0
NWNW312810000 00000 0 000000  00 0 00  00000 0 0 0 0 0 0 0 0  00101010101010 1400000000000000000000000000000000   0 0
NWNW312990000 00000 0 000000  00 0 00  00000 0 0 0 0 0 0 0 0  00101010101010 1400000000000000000000000000000000   0 0
NWNW313010200 00000   000000  00 0 00  00000 0 0 0 0 0 0 0 0  00101010101010 1400000000000000000000000000000000   0 0
NWNW313360000 00000 0 000000  00 0 00  00000 0 0 0 0 0 0 0 0  00101010101010 1400000000000000000000000000000000   0 0
NWNW313500020 2020  00000000  00 0 00  00000 0 0 0 0 0 0 0 0  00101010101010 1400000000000000000000000000000000   0 0
NWNW31369020222200  00000000  00 0 00  00000 0 0 0 0 0 0 0 0  00101010101010 1400000000000000000000000000000000   0 0
NWNW313752000 00000   000000  00 0 00  00000 0 0 0 0 0 0 0 0  00101010101010 1400000000000000000000000000000000   0 0
NWNW313970200 0020  2 000000  00 0 00  00000 0 0 0 0 0 0 0 0  00101010101010 1400000000000000000000000000000000   0 0
NWNW314030022000000   000000  00 0 00  00000 0 0 0 0 0 0 0 0  00101010101010 1400000000000000000000000000000000   0 0
NWNW314240000 00000 0 000000  00 0 00  00000 0 0 0 0 0 0 0 0  00101010101010 1400000000000000000000000000000000   0 0
NWNW314390000 00200   000000  00 0 00  00000 0 0 0 0 0 0 0 0  00101010101010 1400000000000000000000000000000000   0 0
NWNW314460000 00000 0 000000  00 0 00  00000 0 0 0 0 0 0 0 0  00101010101010 1400000000000000000000000000000000   0 0
NWNW314670000 00000 0 000000  00 0 00  00000 0 0 0 0 0 0 0 0  00101010101010 1400000000000000000000000000000000   0 0
NWNW314782200 2000  00000000  00 0 00  00000 0 0 0 0 0 0 0 0  00101010101010 1400000000000000000000000000000000   0 0
NWNW314800000 00220   222 2210 0 0 02200002200 0 0 220 0 0    00101010101010 1411100010100100000010000 00000000   5 3
NWNW320330000 00000 0 000000  00 0 00  00000 0 0 0 0 0 0 0 0  00101010101010 1400000000000000000000000000000000   0 0
NWNW320580000 00200   000000  00 0 00  00000 0 0 0 0 0 0 0 0  00101010101010 1400000000000000000000000000000000   0 0
NWNW32061                                                     00101010101010 14                            0000   0  
NWNW320720000 2002  00000000  00 0 00  00000 0 0 0 0 0 0 0 0  00101010101010 1400000000000000000000000000000000   0 0
NWNW320860000 00000 0 000000  00 0 00  00000 0 0 0 0 0 0 0 0  00101010101010 1400000000000000000000000000000000   0 0
NWNW320940200 2020  00000000  00 0 00  00000 0 0 0 0 0 0 0 0  00101010101010 1400000000000000000000000000000000   0 0
NWNW321440000 00000 0 000000  00 0 00  00000 0 0 0 0 0 0 0 0  00101010101010 1400000000000000000000000000000000   0 0
NWNW321590000 00000 0 000000  00 0 00  00000 0 0 0 0 0 0 0 0  00101010101010 1400000000000000000000000000000000   0 0
NWNW321602200 0220  00000000  00 0 00  00000 0 0 0 0 0 0 0 0  00101010101010 1400000000000000000000000000000000   0 0
NWNW321712200 0022  00000000  00 0 00  00000 0 0 0 0 0 0 0 0  00101010101010 1400000000000000000000000000000000   0 0
NWNW32193 200 0020                                            00101010101010 14                            0000   0  
NWNW322130020 0222  00000000  00 0 00  00000 0 0 0 0 0 0 0 0  00101010101010 1400000000000000000000000000000000   0 0
NWNW322210000 00000 0 000000  00 0 00  00000 0 0 0 0 0 0 0 0  00101010101010 1400000000000000000000000000000000   0 0
NWNW322490000 00000 0 000000  00 0 00  00000 0 0 0 0 0 0 0 0  00101010101010 1400000000000000000000000000000000   0 0
NWNW322650020 0202  02222 0222 0 0 022020000 220 22220 0 0 2 04010101230111001411110010110001011010000100000000   6 6
NWNW322760000 00000 0 000000  00 0 00  00000 0 0 0 0 0 0 0 0  00101010101010 1400000000000000000000000000000000   0 0
NWNW322980200 0220  00000000  00 0 00  00000 0 0 0 0 0 0 0 0  00101010101010 1400000000000000000000000000000000   0 0
NWNW323022000 00000   000000  00 0 00  00000 0 0 0 0 0 0 0 0  00101010101010 1400000000000000000000000000000000   0 0
NWNW323352200 0002  2 000000  00 0 00  00000 0 0 0 0 0 0 0 0  00101010101010 1400000000000000000000000000000000   0 0
NWNW323472200 0002  00000000  00 0 00  00000 0 0 0 0 0 0 0 0  00101010101010 1400000000000000000000000000000000   0 0
NWNW323680000 00000 0 000000  00 0 00  00000 0 0 0 0 0 0 0 0  00101010101010 1400000000000000000000000000000000   0 0
NWNW323792200 2002  00000000  00 0 00  00000 0 0 0 0 0 0 0 0  00101010101010 1400000000000000000000000000000000   0 0
NWNW323840000 00000 0 000000  00 0 00  00000 0 0 0 0 0 0 0 0  00101010101010 1400000000000000000000000000000000   0 0
NWNW324120000 00000 0 000000  00 0 00  00000 0 0 0 0 0 0 0 0  00101010101010 1400000000000000000000000000000000   0 0
NWNW324200000 00000 0 000000  00 0 00  00000 0 0 0 0 0 0 0 0  00101010101010 1400000000000000000000000000000000   0 0
NWNW32438020200222  02202 0212 202000  2000200 0 0 0 0 0 0 02 2010101010101001411110000110000000000000000000000   5 2
NWNW324450000 000220  000000  00 0 00  00000 0 0 0 0 0 0 0 0  00101010101010 1400000000000000000000000000000000   0 0
NWNW32466202222000  02222 0222 22222222202222220 0 2222220 2 221201011121012 1411111111111111001111101110101000  1314
NWNW324812000 2020  00000000  00 0 00  00000 0 0 0 0 0 0 0 0  00101010101010 1400000000000000000000000000000000   0 0
NWNW325070020 0200  00000000  00 0 00  00000 0 0 0 0 0 0 0 0  00101010101010 1400000000000000000000000000000000   0 0
NWNW325302000 0020  02000000  00 0 00  00000 0 0 0 0 0 0 0 0  00101010101010 1400000000000000000000000000000000   0 0
NWNW325560000 00000 0 000000  00 0 00  00000 0 0 0 0 0 0 0 0  00101010101010 1400000000000000000000000000000000   0 0
NWNW326292000 0202  00000000  00 0 00  00000 0 0 0 0 0 0 0 0  00101010101010 1400000000000000000000000000000000   0 0
NWNW326340000 00000 0 000000  00 0 00  00000 0 0 0 0 0 0 0 0  00101010101010 1400000000000000000000000000000000   0 0
NWNW326410000 00000 0 000000  00 0 00  00000 0 0 0 0 0 0 0 0  00101010101010 1400000000000000000000000000000000   0 0
NWNW326622200 2220  00000000  00 0 00  00000 0 0 0 0 0 0 0 0  00101010101010 1400000000000000000000000000000000   0 0
NWNW326732220 0000  00000000  00 0 00  00000 0 0 0 0 0 0 0 0  00101010101010 1400000000000000000000000000000000   0 0
NWNW326850000 00000 0 000000  00 0 00  00000 0 0 0 0 0 0 0 0  00101010101010 1400000000000000000000000000000000   0 0
NWNW327010000 00200   000000  00 0 00  00000 0 0 0 0 0 0 0 0  00101010101010 1400000000000000000000000000000000   0 0
NWNW327360000 00000 0 000000  00 0 00  00000 0 0 0 0 0 0 0 0  00101010101010 1400000000000000000000000000000000   0 0
NWNW327500000 002020  000000  00 0 00  00000 0 0 0 0 0 0 0 0  00101010101010 1400000000000000000000000000000000   0 0
NWNW327690000 00000 0 000000  00 0 00  00000 0 0 0 0 0 0 0 0  00101010101010 1400000000000000000000000000000000   0 0
NWNW327750000 0022  02000000  00 0 00  00000 0 0 0 0 0 0 0 0  00101010101010 1400000000000000000000000000000000   0 0
NWNW327830000 00000 0 000000  00 0 00  00000 0 0 0 0 0 0 0 0  00101010101010 1400000000000000000000000000000000   0 0
NWNW327970000 00000 0 000000  00 0 00  00000 0 0 0 0 0 0 0 0  00101010101010 1400000000000000000000000000000000   0 0
NWNW328032200 0202  2 000000  00 0 00  00000 0 0 0 0 0 0 0 0  00101010101010 1400000000000000000000000000000000   0 0
NWNW328110000 00020   000000  00 0 00  00000 0 0 0 0 0 0 0 0  00101010101010 1400000000000000000000000000000000   0 0
NWNW328240000 00200   000000  00 0 00  00000 0 0 0 0 0 0 0 0  00101010101010 1400000000000000000000000000000000   0 0
NWNW328390020 0002  00000000  00 0 00  00000 0 0 0 0 0 0 0 0  00101010101010 1400000000000000000000000000000000   0 0
NWNW328462000 0002  00000000  00 0 00  00000 0 0 0 0 0 0 0 0  00101010101010 1400000000000000000000000000000000   0 0
NWNW328672000 2020  02222 00   200 022000000 20200 202020200  00101010101010 1411100010100000000000000000000000   8 1
NWNW328780000 00200   000000  00 0 00  00000 0 0 0 0 0 0 0 0  00101010101010 1400000000000000000000000000000000   0 0
NWNW328950000 00000 0 000000  00 0 00  00000 0 0 0 0 0 0 0 0  00101010101010 1400000000000000000000000000000000   0 0
NWNW329062000 0002  00000000  00 0 00  00000 0 0 0 0 0 0 0 0  00101010101010 1400000000000000000000000000000000   0 0
NWNW329190200 0022  00000000  00 0 00  00000 0 0 0 0 0 0 0 0  00101010101010 1400000000000000000000000000000000   0 0
NWNW329270000 00000 0 000000  00 0 00  00000 0 0 0 0 0 0 0 0  00101010101010 1400000000000000000000000000000000   0 0
NWNW329430000 00000 0 000000  00 0 00  00000 0 0 0 0 0 0 0 0  00101010101010 1400000000000000000000000000000000   0 0
NWNW329640000 00000 0 000000  00 0 00  00000 0 0 0 0 0 0 0 0  00101010101010 1400000000000000000000000000000000   0 0
NWNW329700200 00000   000000  00 0 00  00000 0 0 0 0 0 0 0 0  00101010101010 1400000000000000000000000000000000   0 0
NWNW330270200 0002  00000000  00 0 00  00000 0 0 0 0 0 0 0 0  00101010101010 1400000000000000000000000000000000   0 0
NWNW330312000 0200  00000000  00 0 00  00000 0 0 0 0 0 0 0 0  00101010101010 1400000000000000000000000000000000   0 0
NWNW330430000 2020  00000000  00 0 00  00000 0 0 0 0 0 0 0 0  00101010101010 1400000000000000000000000000000000   0 0
NWNW330550000 00000 0 000000  00 0 00  00000 0 0 0 0 0 0 0 0  00101010101010 1400000000000000000000000000000000   0 0
NWNW330640000 00000 0 000000  00 0 00  00000 0 0 0 0 0 0 0 0  00101010101010 1400000000000000000000000000000000   0 0
NWNW331070000 00000 0 000000  00 0 00  00000 0 0 0 0 0 0 0 0  00101010101010 1400000000000000000000000000000000   0 0
NWNW331150000 2022  00000000  00 0 00  00000 0 0 0 0 0 0 0 0  00101010101010 1400000000000000000000000000000000   0 0
NWNW331280000 00200   000000  00 0 00  00000 0 0 0 0 0 0 0 0  00101010101010 1400000000000000000000000000000000   0 0
NWNW331300000 00020   000000  00 0 00  00000 0 0 0 0 0 0 0 0  00101010101010 1400000000000000000000000000000000   0 0
NWNW334510000 00000 0 000000  00 0 00  00000 0 0 0 0 0 0 0 0  00101010101010 1400000000000000000000000000000000   0 0
NWNW334680000 00000 0 000000  00 0 00  00000 0 0 0 0 0 0 0 0  00101010101010 1400000000000000000000000000000000   0 0
NWNW344890200 0020  02200 20   0 2000  20200 0 0 0 200 0 0 02 2010101010101001410000000011000000000000000000000   4 2
NWNW345040000 00000 0 000000  00 0 00  00000 0 0 0 0 0 0 0 0  00101010101010 1400000000000000000000000000000000   0 0
SOSO100340000 00000 0 000000  00 0 00  00000 0 0 0 0 0 0 0 0  00101010101010 1400000000000000000000000000000000   0 0
SOSO100410000 00020   000000  00 0 00  00000 0 0 0 0 0 0 0 0  00101010101010 1400000000000000000000000000000000   0 0
SOSO101170220 0000  02200 00   0 0 02000000200 0 0 0 0 0 0 0  00101010101010 1410000000000000000000000000000000   2 0
SOSO101332200 2020  00000000  00 0 00  00000 0 0 0 0 0 0 0 0  00101010101010 1400000000000000000000000000000000   0 0
SOSO101402000 0020  00000000  00 0 00  00000 0 0 0 0 0 0 0 0  00101010101010 1400000000000000000000000000000000   0 0
SOSO101580000 00000 0 000000  00 0 00  00000 0 0 0 0 0 0 0 0  00101010101010 1400000000000000000000000000000000   0 0
SOSO101860200 0022  02200 2211 1221022020000 0 0 0 0 0 0 2000 00101010101010 1410011010110000000100000000000000 5.5 5
SOSO101940000 00000 0 000000  00 0 00  00000 0 0 0 0 0 0 0 0  00101010101010 1400000000000000000000000000000000   0 0
SOSO102012000 0022  02222 0220 0 0 00  20000 0 0 0 200 0 0 0  00101010101010 1411100000010000000000000000000000   3 1
SOSO102220200 0022  02222 0222 222102200202200 0 0 202020222 24010101220101001411111010101100000100011100000000  11 7
SOSO102360000 00000 0 000000  00 0 00  00000 0 0 0 0 0 0 0 0  00101010101010 1400000000000000000000000000000000   0 0
SOSO102480000 00000 0 000000  00 0 00  00000 0 0 0 0 0 0 0 0  00101010101010 1400000000000000000000000000000000   0 0
SOSO102690000 00000 0 000000  00 0 00  00000 0 0 0 0 0 0 0 0  00101010101010 1400000000000000000000000000000000   0 0
SOSO102750000 00000 0 000000  00 0 00  00000 0 0 0 0 0 0 0 0  00101010101010 1400000000000000000000000000000000   0 0
SOSO103030200 0222  00000000  00 0 00  00000 0 0 0 0 0 0 0 0  00101010101010 1400000000000000000000000000000000   0 0
SOSO10311020200022  2 222 0222 2021222200000 220 0 20200 0 00 00101010101010 1411111111100001000000000000000000   8 6
SOSO103240000 00000 0 000000  00 0 00  00000 0 0 0 0 0 0 0 0  00101010101010 1400000000000000000000000000000000   0 0
SOSO103780000 00000 0 000000  00 0 00  00000 0 0 0 0 0 0 0 0  00101010101010 1400000000000000000000000000000000   0 0
SOSO103950000 00000 0 000000  00 0 00  00000 0 0 0 0 0 0 0 0  00101010101010 1400000000000000000000000000000000   0 0
SOSO104000200 0022  00000000  00 0 00  00000 0 0 0 0 0 0 0 0  00101010101010 1400000000000000000000000000000000   0 0
SOSO104132200 0020  2 222 00   0 0 20  00002020200 0 200 0 0  00101010101010 1411100100100000000000000000000000   5 1
SOSO104210200 00000   000000  00 0 00  00000 0 0 0 0 0 0 0 0  00101010101010 1400000000000000000000000000000000   0 0
SOSO104370000 00000 0 000000  00 0 00  00000 0 0 0 0 0 0 0 0  00101010101010 1400000000000000000000000000000000   0 0
SOSO104490000 2022  00000000  00 0 00  00000 0 0 0 0 0 0 0 0  00101010101010 1400000000000000000000000000000000   0 0
SOSO104540220 0000  00000000  00 0 00  00000 0 0 0 0 0 0 0 0  00101010101010 1400000000000000000000000000000000   0 0
SOSO10465                                                     00101010101010 14                            0000   0  
SOSO104760000 00000 0 000000  00 0 00  00000 0 0 0 0 0 0 0 0  00101010101010 1400000000000000000000000000000000   0 0
SOSO104980000 002020  000000  00 0 00  00000 0 0 0 0 0 0 0 0  00101010101010 1400000000000000000000000000000000   0 0
SOSO105062020 0020  00000000  00 0 00  00000 0 0 0 0 0 0 0 0  00101010101010 1400000000000000000000000000000000   0 0
SOSO105190200 0020  2 220 00   0 0 00  00000 0 0 0 200 0 0 0  00101010101010 1411100000000000000000000000000000   1 0
SOSO105270000 02000   000000  00 0 00  00000 0 0 0 0 0 0 0 0  00101010101010 1400000000000000000000000000000000   0 0
SOSO105310000 00000 0 000000  00 0 00  00000 0 0 0 0 0 0 0 0  00101010101010 1400000000000000000000000000000000   0 0
SOSO105430000 0202  00000000  00 0 00  00000 0 0 0 0 0 0 0 0  00101010101010 1400000000000000000000000000000000   0 0
SOSO105700200 00000   000000  00 0 00  00000 0 0 0 0 0 0 0 0  00101010101010 1400000000000000000000000000000000   0 0
SOSO105880000 002020  000000  00 0 00  00000 0 0 0 0 0 0 0 0  00101010101010 1400000000000000000000000000000000   0 0
SOSO105920000 002020  000000  00 0 00  00000 0 0 0 0 0 0 0 0  00101010101010 1400000000000000000000000000000000   0 0
SOSO106282000 0002  00000000  00 0 00  00000 0 0 0 0 0 0 0 0  00101010101010 1400000000000000000000000000000000   0 0
SOSO106302200 0202  00000000  00 0 00  00000 0 0 0 0 0 0 0 0  00101010101010 1400000000000000000000000000000000   0 0
SOSO106560200 2022  02222 2222 2222222022222220200 2020202202 4121211122201001411111110111110001100011000000000  1610
SOSO10674002222222  02222 0212 1022222222200 0 0 0 200 22222 2421011122010100141111111111100000000011110000000010.5 9
SOSO106890000 0022  00000000  00 0 00  00000 0 0 0 0 0 0 0 0  00101010101010 1400000000000000000000000000000000   0 0
SOSO107230000 00000 0 000000  00 0 00  00000 0 0 0 0 0 0 0 0  00101010101010 1400000000000000000000000000000000   0 0
SOSO107350000 2020  02000000  00 0 00  00000 0 0 0 0 0 0 0 0  00101010101010 1400000000000000000000000000000000   0 0
SOSO107682200 0020  00000000  00 0 00  00000 0 0 0 0 0 0 0 0  00101010101010 1400000000000000000000000000000000   0 0
SOSO107790000 00020   000000  00 0 00  00000 0 0 0 0 0 0 0 0  00101010101010 1400000000000000000000000000000000   0 0
SOSO107840000 00000 0 000000  00 0 00  00000 0 0 0 0 0 0 0 0  00101010101010 1400000000000000000000000000000000   0 0
SOSO107960000 00000 0 000000  00 0 00  00000 0 0 0 0 0 0 0 0  00101010101010 1400000000000000000000000000000000   0 0
SOSO108042200 0022  02222 0211 100 222020220 220 0 0 0 0 0 02 3121201011201001411110110111101001000000000000000 7.5 7
SOSO108380000 00000 0 000000  00 0 00  00000 0 0 0 0 0 0 0 0  00101010101010 1400000000000000000000000000000000   0 0
SOSO108452000 0220  00000000  00 0 00  00000 0 0 0 0 0 0 0 0  00101010101010 1400000000000000000000000000000000   0 0
SOSO108530200 00000   000000  00 0 00  00000 0 0 0 0 0 0 0 0  00101010101010 1400000000000000000000000000000000   0 0
SOSO108810000 00000 0 000000  00 0 00  00000 0 0 0 0 0 0 0 0  00101010101010 1400000000000000000000000000000000   0 0
SOSO108990000 02000   000000  00 0 00  00000 0 0 0 0 0 0 0 0  00101010101010 1400000000000000000000000000000000   0 0
SOSO109050000 00000 0 000000  00 0 00  00000 0 0 0 0 0 0 0 0  00101010101010 1400000000000000000000000000000000   0 0
SOSO109182000 00000   000000  00 0 00  00000 0 0 0 0 0 0 0 0  00101010101010 1400000000000000000000000000000000   0 0
SOSO109260000 000220  000000  00 0 00  00000 0 0 0 0 0 0 0 0  00101010101010 1400000000000000000000000000000000   0 0
SOSO109590020 2020  00000000  00 0 00  00000 0 0 0 0 0 0 0 0  00101010101010 1400000000000000000000000000000000   0 0
SOSO10960200200020  00000000  00 0 00  00000 0 0 0 0 0 0 0 0  00101010101010 1400000000000000000000000000000000   0 0
SOSO109930000 20000   000000  00 0 00  00000 0 0 0 0 0 0 0 0  00101010101010 1400000000000000000000000000000000   0 0
SOSO11001200220002  00000000  00 0 00  00000 0 0 0 0 0 0 0 0  00101010101010 1400000000000000000000000000000000   0 0
SOSO110500000 00000 0 000000  00 0 00  00000 0 0 0 0 0 0 0 0  00101010101010 1400000000000000000000000000000000   0 0
SOSO110690200 0022  02222 2221 0 0 022020000 0 0 200 0 0 0 02 4010101010101001411110010110000000000000000000000   4 3
SOSO111020000 00200   000000  00 0 00  00000 0 0 0 0 0 0 0 0  00101010101010 1400000000000000000000000000000000   0 0
SOSO111100000 00200   000000  00 0 00  00000 0 0 0 0 0 0 0 0  00101010101010 1400000000000000000000000000000000   0 0
SOSO111350000 00020   000000  00 0 00  00000 0 0 0 0 0 0 0 0  00101010101010 1400000000000000000000000000000000   0 0
SOSO111472200 0202  02200 20   0 0 022020000 0 0 0 200 0 0 0  00101010101010 1410000010110000000000000000000000   3 2
SOSO11151000200002  02000000  00 0 00  00000 0 0 0 0 0 0 0 0  00101010101010 1400000000000000000000000000000000   0 0
SOSO111960000 00000 0 000000  00 0 00  00000 0 0 0 0 0 0 0 0  00101010101010 1400000000000000000000000000000000   0 0
SOSO112080000 00020   000000  00 0 00  00000 0 0 0 0 0 0 0 0  00101010101010 1400000000000000000000000000000000   0 0
SOSO112160000 0222  00000000  00 0 00  00000 0 0 0 0 0 0 0 0  00101010101010 1400000000000000000000000000000000   0 0
SOSO112290000 00000 0 000000  00 0 00  00000 0 0 0 0 0 0 0 0  00101010101010 1400000000000000000000000000000000   0 0
SOSO112340200 0222  00000000  00 0 00  00000 0 0 0 0 0 0 0 0  00101010101010 1400000000000000000000000000000000   0 0
SOSO112410000 00020   000000  00 0 00  00000 0 0 0 0 0 0 0 0  00101010101010 1400000000000000000000000000000000   0 0
SOSO112570000 00020   000000  00 0 00  00000 0 0 0 0 0 0 0 0  00101010101010 1400000000000000000000000000000000   0 0
SOSO112620000 000220  000000  00 0 00  00000 0 0 0 0 0 0 0 0  00101010101010 1400000000000000000000000000000000   0 0
SOSO112730000 0022  00000000  00 0 00  00000 0 0 0 0 0 0 0 0  00101010101010 1400000000000000000000000000000000   0 0
SOSO112900000 00000 0 000000  00 0 00  00000 0 0 0 0 0 0 0 0  00101010101010 1400000000000000000000000000000000   0 0
SOSO11305220200022  00000000  00 0 00  00000 0 0 0 0 0 0 0 0  00101010101010 1400000000000000000000000000000000   0 0
SOSO113180000 00020   000000  00 0 00  00000 0 0 0 0 0 0 0 0  00101010101010 1400000000000000000000000000000000   0 0
SOSO113260000 00000 0 000000  00 0 00  00000 0 0 0 0 0 0 0 0  00101010101010 1400000000000000000000000000000000   0 0
SOSO113322200 0020  00000000  00 0 00  00000 0 0 0 0 0 0 0 0  00101010101010 1400000000000000000000000000000000   0 0
SOSO113440000 0022  00000000  00 0 00  00000 0 0 0 0 0 0 0 0  00101010101010 1400000000000000000000000000000000   0 0
SOSO113592200 0002  00000000  00 0 00  00000 0 0 0 0 0 0 0 0  00101010101010 1400000000000000000000000000000000   0 0
SOSO113870000 00200   000000  00 0 00  00000 0 0 0 0 0 0 0 0  00101010101010 1400000000000000000000000000000000   0 0
SOSO113930200 2022  00000000  00 0 00  00000 0 0 0 0 0 0 0 0  00101010101010 1400000000000000000000000000000000   0 0
SOSO114070000 00000 0 000000  00 0 00  00000 0 0 0 0 0 0 0 0  00101010101010 1400000000000000000000000000000000   0 0
SOSO11415022220002  02222 0222 2222022020020 200 0 20220 0 2 210101010123232 1411111010110100000101001100000000   9 7
SOSO114300000 0022  00000000  00 0 00  00000 0 0 0 0 0 0 0 0  00101010101010 1400000000000000000000000000000000   0 0
SOSO114422200 0020  00000000  00 0 00  00000 0 0 0 0 0 0 0 0  00101010101010 1400000000000000000000000000000000   0 0
SOSO114630000 00000 0 000000  00 0 00  00000 0 0 0 0 0 0 0 0  00101010101010 1400000000000000000000000000000000   0 0
SOSO114740000 00000 0 000000  00 0 00  00000 0 0 0 0 0 0 0 0  00101010101010 1400000000000000000000000000000000   0 0
SOSO115040000 2002  00000000  00 0 00  00000 0 0 0 0 0 0 0 0  00101010101010 1400000000000000000000000000000000   0 0
SOSO115200200 0200  00000000  00 0 00  00000 0 0 0 0 0 0 0 0  00101010101010 1400000000000000000000000000000000   0 0
SOSO115380020 00000   000000  00 0 00  00000 0 0 0 0 0 0 0 0  00101010101010 1400000000000000000000000000000000   0 0
SOSO115532200 0000  00000000  00 0 00  00000 0 0 0 0 0 0 0 0  00101010101010 1400000000000000000000000000000000   0 0
SOSO115812000 00000   000000  00 0 00  00000 0 0 0 0 0 0 0 0  00101010101010 1400000000000000000000000000000000   0 0
SOSO115990000 00000 0 000000  00 0 00  00000 0 0 0 0 0 0 0 0  00101010101010 1400000000000000000000000000000000   0 0
SOSO116002020 0000  00000000  00 0 00  00000 0 0 0 0 0 0 0 0  00101010101010 1400000000000000000000000000000000   0 0
SOSO116132200 0222  02000000  00 0 00  00000 0 0 0 0 0 0 0 0  00101010101010 1400000000000000000000000000000000   0 0
SOSO116210000 00020   222 0221 120 022020000 0 0 0 0 0 0 0 02 4010101010101001411110010110000000100000000000000 3.5 4
SOSO116370000 00000 0 000000  00 0 00  00000 0 0 0 0 0 0 0 0  00101010101010 1400000000000000000000000000000000   0 0
SOSO116492200 0002  00000000  00 0 00  00000 0 0 0 0 0 0 0 0  00101010101010 1400000000000000000000000000000000   0 0
SOSO11654220202222  00000000  00 0 00  00000 0 0 0 0 0 0 0 0  00101010101010 1400000000000000000000000000000000   0 0
SOSO116650200 0022  00000000  00 0 00  00000 0 0 0 0 0 0 0 0  00101010101010 1400000000000000000000000000000000   0 0
SOSO116760000 00000 0 000000  00 0 00  00000 0 0 0 0 0 0 0 0  00101010101010 1400000000000000000000000000000000   0 0
SOSO116820200 0020  2 200 00   0 0 020020200 0 0 0 200 0 0 0  00101010101010 1410000000011000000000000000000000   4 2
SOSO117170200 2000  00000000  00 0 00  00000 0 0 0 0 0 0 0 0  00101010101010 1400000000000000000000000000000000   0 0
SOSO117330000 00000 0 000000  00 0 00  00000 0 0 0 0 0 0 0 0  00101010101010 1400000000000000000000000000000000   0 0
SOSO11758000202022  00000000  00 0 00  00000 0 0 0 0 0 0 0 0  00101010101010 1400000000000000000000000000000000   0 0
SOSO117720220 0020  00000000  00 0 00  00000 0 0 0 0 0 0 0 0  00101010101010 1400000000000000000000000000000000   0 0
SOSO117860000 00000 0 000000  00 0 00  00000 0 0 0 0 0 0 0 0  00101010101010 1400000000000000000000000000000000   0 0
SOSO117940200 0022  00000000  00 0 00  00000 0 0 0 0 0 0 0 0  00101010101010 1400000000000000000000000000000000   0 0
SOSO118190000 00000 0 000000  00 0 00  00000 0 0 0 0 0 0 0 0  00101010101010 1400000000000000000000000000000000   0 0
SOSO118640000 00000 0 000000  00 0 00  00000 0 0 0 0 0 0 0 0  00101010101010 1400000000000000000000000000000000   0 0
SOSO118880000 00000 0 000000  00 0 00  00000 0 0 0 0 0 0 0 0  00101010101010 1400000000000000000000000000000000   0 0
SOSO118922200 0000  2 000000  00 0 00  00000 0 0 0 0 0 0 0 0  00101010101010 1400000000000000000000000000000000   0 0
SOSO119030200 0002  02000000  00 0 00  00000 0 0 0 0 0 0 0 0  00101010101010 1400000000000000000000000000000000   0 0
SOSO119110000 00000 0 000000  00 0 00  00000 0 0 0 0 0 0 0 0  00101010101010 1400000000000000000000000000000000   0 0
SOSO119240000 00000 0 000000  00 0 00  00000 0 0 0 0 0 0 0 0  00101010101010 1400000000000000000000000000000000   0 0
SOSO119460000 00020   000000  00 0 00  00000 0 0 0 0 0 0 0 0  00101010101010 1400000000000000000000000000000000   0 0
SOSO119522000 00000   000000  00 0 00  00000 0 0 0 0 0 0 0 0  00101010101010 1400000000000000000000000000000000   0 0
SOSO119670000 00200   000000  00 0 00  00000 0 0 0 0 0 0 0 0  00101010101010 1400000000000000000000000000000000   0 0
SOSO119780000 000220  000000  00 0 00  00000 0 0 0 0 0 0 0 0  00101010101010 1400000000000000000000000000000000   0 0
SOSO119800200 0002  00000000  00 0 00  00000 0 0 0 0 0 0 0 0  00101010101010 1400000000000000000000000000000000   0 0
SOSO119950000 00000 0 000000  00 0 00  00000 0 0 0 0 0 0 0 0  00101010101010 1400000000000000000000000000000000   0 0
SOSO12013020202222  02222 20   100 022020202020220 200 0 2002 3121212111112001411100010111000101000000000000000 8.5 4
SOSO120210200 2000  2 000000  00 0 00  00000 0 0 0 0 0 0 0 0  00101010101010 1400000000000000000000000000000000   0 0
SOSO12037020220022  00000000  00 0 00  00000 0 0 0 0 0 0 0 0  00101010101010 1400000000000000000000000000000000   0 0
SOSO12049002202022  00000000  00 0 00  00000 0 0 0 0 0 0 0 0  00101010101010 1400000000000000000000000000000000   0 0
SOSO120542200 0002  00000000  00 0 00  00000 0 0 0 0 0 0 0 0  00101010101010 1400000000000000000000000000000000   0 0
SOSO120650000 00020   200 00   0 0 020000000 200 0 200 0 0 0  00101010101010 1410000000000000000000000000000000   3 0
SOSO120762020 0020  00000000  00 0 00  00000 0 0 0 0 0 0 0 0  00101010101010 1400000000000000000000000000000000   0 0
SOSO120820000 00000 0 000000  00 0 00  00000 0 0 0 0 0 0 0 0  00101010101010 1400000000000000000000000000000000   0 0
SOSO120982000 0220  00000000  00 0 00  00000 0 0 0 0 0 0 0 0  00101010101010 1400000000000000000000000000000000   0 0
SOSO121140000 00000 0 000000  00 0 00  00000 0 0 0 0 0 0 0 0  00101010101010 1400000000000000000000000000000000   0 0
SOSO121222000 00000   000000  00 0 00  00000 0 0 0 0 0 0 0 0  00101010101010 1400000000000000000000000000000000   0 0
SOSO121500020 0220  00000000  00 0 00  00000 0 0 0 0 0 0 0 0  00101010101010 1400000000000000000000000000000000   0 0
SOSO121692000 2000  2 000000  00 0 00  00000 0 0 0 0 0 0 0 0  00101010101010 1400000000000000000000000000000000   0 0
SOSO121750000 00000 0 000000  00 0 00  00000 0 0 0 0 0 0 0 0  00101010101010 1400000000000000000000000000000000   0 0
SOSO121832000 0022  00000000  00 0 00  00000 0 0 0 0 0 0 0 0  00101010101010 1400000000000000000000000000000000   0 0
SOSO121970000 00200   000000  00 0 00  00000 0 0 0 0 0 0 0 0  00101010101010 1400000000000000000000000000000000   0 0
SOSO122090000 00020   000000  00 0 00  00000 0 0 0 0 0 0 0 0  00101010101010 1400000000000000000000000000000000   0 0
SOSO122250000 00000 0 000000  00 0 00  00000 0 0 0 0 0 0 0 0  00101010101010 1400000000000000000000000000000000   0 0
SOSO122400000 000222  220 2221 222122202000200 0 0 202020202 04010101210101001411111110110000000100000100000000  11 6
SOSO12272220220022  02222 2210 22222220200222200 0 2222220 2 041201012323012 1411101110110110001111101111001111  1210
SOSO122860000 00220   000000  00 0 00  00000 0 0 0 0 0 0 0 0  00101010101010 1400000000000000000000000000000000   0 0
SOSO123062000 00000   000000  00 0 00  00000 0 0 0 0 0 0 0 0  00101010101010 1400000000000000000000000000000000   0 0
SOSO123190000 00000 0 000000  00 0 00  00000 0 0 0 0 0 0 0 0  00101010101010 1400000000000000000000000000000000   0 0
SOSO123270000 00000 0 000000  00 0 00  00000 0 0 0 0 0 0 0 0  00101010101010 1400000000000000000000000000000000   0 0
SOSO123310000 00000 0 000000  00 0 00  00000 0 0 0 0 0 0 0 0  00101010101010 1400000000000000000000000000000000   0 0
SOSO123640000 00000 0 000000  00 0 00  00000 0 0 0 0 0 0 0 0  00101010101010 1400000000000000000000000000000000   0 0
SOSO123700000 00000 0 000000  00 0 00  00000 0 0 0 0 0 0 0 0  00101010101010 1400000000000000000000000000000000   0 0
SOSO123920000 00200   000000  00 0 00  00000 0 0 0 0 0 0 0 0  00101010101010 1400000000000000000000000000000000   0 0
SOSO124340000 2020  00000000  00 0 00  00000 0 0 0 0 0 0 0 0  00101010101010 1400000000000000000000000000000000   0 0
SOSO124410000 00000 0 000000  00 0 00  00000 0 0 0 0 0 0 0 0  00101010101010 1400000000000000000000000000000000   0 0
SOSO124570000 2020  00000000  00 0 00  00000 0 0 0 0 0 0 0 0  00101010101010 1400000000000000000000000000000000   0 0
SOSO124620000 0202  00000000  00 0 00  00000 0 0 0 0 0 0 0 0  00101010101010 1400000000000000000000000000000000   0 0
SOSO124732200 0020  00000000  00 0 00  00000 0 0 0 0 0 0 0 0  00101010101010 1400000000000000000000000000000000   0 0
SOSO125030000 00000 0 000000  00 0 00  00000 0 0 0 0 0 0 0 0  00101010101010 1400000000000000000000000000000000   0 0
SOSO125110000 00000 0 000000  00 0 00  00000 0 0 0 0 0 0 0 0  00101010101010 1400000000000000000000000000000000   0 0
SOSO125242220 2022  00000000  00 0 00  00000 0 0 0 0 0 0 0 0  00101010101010 1400000000000000000000000000000000   0 0
SOSO125390002000000   000000  00 0 00  00000 0 0 0 0 0 0 0 0  00101010101010 1400000000000000000000000000000000   0 0
SOSO12546200200002  00000000  00 0 00  00000 0 0 0 0 0 0 0 0  00101010101010 1400000000000000000000000000000000   0 0
SOSO125522000 00000   000000  00 0 00  00000 0 0 0 0 0 0 0 0  00101010101010 1400000000000000000000000000000000   0 0
SOSO125672000 00000   222 00   0 0 00  00000 0 0 0 0 0 0 0 0  00101010101010 1411100000000000000000000000000000   0 0
SOSO125780200 0022  02222 0222 220 02002002220 0 0 222220222 03010122012201001411110000110110001111011111001101  10 8
SOSO125800000 000222  222 0220 110 2200200220200 0 0 0 0 0 02 3010101010101001411100100110100000 00000000000000 7.5 3
SOSO125950000 0022  00000000  00 0 00  00000 0 0 0 0 0 0 0 0  00101010101010 1400000000000000000000000000000000   0 0
SWSW200100000 00000 0 000000  00 0 00  00000 0 0 0 0 0 0 0 0  00101010101010 1400000000000000000000000000000000   0 0
SWSW20035022222002  00000000  00 0 00  00000 0 0 0 0 0 0 0 0  00101010101010 1400000000000000000000000000000000   0 0
SWSW200510000 00000 0 000000  00 0 00  00000 0 0 0 0 0 0 0 0  00101010101010 1400000000000000000000000000000000   0 0
SWSW200680200 000022  000000  00 0 00  00000 0 0 0 0 0 0 0 0  00101010101010 1400000000000000000000000000000000   0 0
SWSW200792020 2000  00000000  00 0 00  00000 0 0 0 0 0 0 0 0  00101010101010 1400000000000000000000000000000000   0 0
SWSW200840000 00000 0 000000  00 0 00  00000 0 0 0 0 0 0 0 0  00101010101010 1400000000000000000000000000000000   0 0
SWSW200962200 2222  00000000  00 0 00  00000 0 0 0 0 0 0 0 0  00101010101010 1400000000000000000000000000000000   0 0
SWSW201032200 0020  00000000  00 0 00  00000 0 0 0 0 0 0 0 0  00101010101010 1400000000000000000000000000000000   0 0
SWSW201110000 00000 0 000000  00 0 00  00000 0 0 0 0 0 0 0 0  00101010101010 1400000000000000000000000000000000   0 0
SWSW201390000 0222  00000000  00 0 00  00000 0 0 0 0 0 0 0 0  00101010101010 1400000000000000000000000000000000   0 0
SWSW201460000 00000 0 000000  00 0 00  00000 0 0 0 0 0 0 0 0  00101010101010 1400000000000000000000000000000000   0 0
SWSW201670200 0022  00000000  00 0 00  00000 0 0 0 0 0 0 0 0  00101010101010 1400000000000000000000000000000000   0 0
SWSW201800000 0222  00000000  00 0 00  00000 0 0 0 0 0 0 0 0  00101010101010 1400000000000000000000000000000000   0 0
SWSW201950000 000222  222 0221 100 00  00220 0 0 0 200 0 0 00 00101010101010 1411110000101100000000000000000000 4.5 3
SWSW20228                                                     00101010101010 14                            0000   0  
SWSW20230000200022  00000000  00 0 00  00000 0 0 0 0 0 0 0 0  00101010101010 1400000000000000000000000000000000   0 0
SWSW202420000 00000 0 000000  00 0 00  00000 0 0 0 0 0 0 0 0  00101010101010 1400000000000000000000000000000000   0 0
SWSW202630000 00000 0 000000  00 0 00  00000 0 0 0 0 0 0 0 0  00101010101010 1400000000000000000000000000000000   0 0
SWSW20274222222222  00000000  00 0 00  00000 0 0 0 0 0 0 0 0  00101010101010 1400000000000000000000000000000000   0 0
SWSW202890220 0000  00000000  00 0 00  00000 0 0 0 0 0 0 0 0  00101010101010 1400000000000000000000000000000000   0 0
SWSW202910000 00020   000000  00 0 00  00000 0 0 0 0 0 0 0 0  00101010101010 1400000000000000000000000000000000   0 0
SWSW203090000 00000 0 000000  00 0 00  00000 0 0 0 0 0 0 0 0  00101010101010 1400000000000000000000000000000000   0 0
SWSW203250000 00000 0 000000  00 0 00  00000 0 0 0 0 0 0 0 0  00101010101010 1400000000000000000000000000000000   0 0
SWSW203330220 0002  00000000  00 0 00  00000 0 0 0 0 0 0 0 0  00101010101010 1400000000000000000000000000000000   0 0
SWSW203580200 00000   000000  00 0 00  00000 0 0 0 0 0 0 0 0  00101010101010 1400000000000000000000000000000000   0 0
SWSW203940000 00000 0 000000  00 0 00  00000 0 0 0 0 0 0 0 0  00101010101010 1400000000000000000000000000000000   0 0
SWSW204060020 2022  00000000  00 0 00  00000 0 0 0 0 0 0 0 0  00101010101010 1400000000000000000000000000000000   0 0
SWSW204190020 0020  00000000  00 0 00  00000 0 0 0 0 0 0 0 0  00101010101010 1400000000000000000000000000000000   0 0
SWSW204270220 2220  00000000  00 0 00  00000 0 0 0 0 0 0 0 0  00101010101010 1400000000000000000000000000000000   0 0
SWSW204310220 2020  2 220 2211 0 21220022020 0 200 0 0 0 222 04010101121201001411111100111100001000010100000000   9 7
SWSW204430220 0022  00000000  00 0 00  00000 0 0 0 0 0 0 0 0  00101010101010 1400000000000000000000000000000000   0 0
SWSW204550000 00000 0 000000  00 0 00  00000 0 0 0 0 0 0 0 0  00101010101010 1400000000000000000000000000000000   0 0
SWSW20464002220022  02222 0222 220 222020200 0 220 0 0 220 2 23010101210101001411110110111000101100101110100000   8 8
SWSW204920200 2020  00000000  00 0 00  00000 0 0 0 0 0 0 0 0  00101010101010 1400000000000000000000000000000000   0 0
SWSW20500020222022  2 000000  00 0 00  00000 0 0 0 0 0 0 0 0  00101010101010 1400000000000000000000000000000000   0 0
SWSW205212220 0220  00000000  00 0 00  00000 0 0 0 0 0 0 0 0  00101010101010 1400000000000000000000000000000000   0 0
SWSW205490220 0222  02222 0221 100 20  20000 200 0 0 0 0 0 2 24010101120101001411110100110000000000000100000000 4.5 3
SWSW20565                                                     00101010101010 14                            0000   0  
SWSW205820000 00000 0 000000  00 0 00  00000 0 0 0 0 0 0 0 0  00101010101010 1400000000000000000000000000000000   0 0
SWSW205980000 00000 0 000000  00 0 00  00000 0 0 0 0 0 0 0 0  00101010101010 1400000000000000000000000000000000   0 0
SWSW206140000 00000 0 000000  00 0 00  00000 0 0 0 0 0 0 0 0  00101010101010 1400000000000000000000000000000000   0 0
SWSW206220000 00000 0 000000  00 0 00  00000 0 0 0 0 0 0 0 0  00101010101010 1400000000000000000000000000000000   0 0
SWSW206500000 20000   000000  00 0 00  00000 0 0 0 0 0 0 0 0  00101010101010 1400000000000000000000000000000000   0 0
SWSW206970000 00000 0 000000  00 0 00  00000 0 0 0 0 0 0 0 0  00101010101010 1400000000000000000000000000000000   0 0
SWSW207080000 00020   200 20   220 0220000020200 0 2020200 0  00101010101010 1410000010100000000100000000000000   7 2
SWSW207160000 00200   222 00   0 0 020000220 200 0 200 0 0 0  00101010101010 1411100000001100000000000000000000   5 2
SWSW207410000 00000 0 000000  00 0 00  00000 0 0 0 0 0 0 0 0  00101010101010 1400000000000000000000000000000000   0 0
SWSW207570000 00000 0 000000  00 0 00  00000 0 0 0 0 0 0 0 0  00101010101010 1400000000000000000000000000000000   0 0
SWSW207620000 00200   000000  00 0 00  00000 0 0 0 0 0 0 0 0  00101010101010 1400000000000000000000000000000000   0 0
SWSW207730000 00000 0 000000  00 0 00  00000 0 0 0 0 0 0 0 0  00101010101010 1400000000000000000000000000000000   0 0
SWSW2079000020000022  000000  00 0 00  00000 0 0 0 0 0 0 0 0  00101010101010 1400000000000000000000000000000000   0 0
SWSW208050000 00000 0 000000  00 0 00  00000 0 0 0 0 0 0 0 0  00101010101010 1400000000000000000000000000000000   0 0
SWSW208180000 2020  00000000  00 0 00  00000 0 0 0 0 0 0 0 0  00101010101010 1400000000000000000000000000000000   0 0
SWSW208260000 00000 0 000000  00 0 00  00000 0 0 0 0 0 0 0 0  00101010101010 1400000000000000000000000000000000   0 0
SWSW208320000 00000 0 000000  00 0 00  00000 0 0 0 0 0 0 0 0  00101010101010 1400000000000000000000000000000000   0 0
SWSW208440000 00000 0 000000  00 0 00  00000 0 0 0 0 0 0 0 0  00101010101010 1400000000000000000000000000000000   0 0
SWSW208590000 00000 0 000000  00 0 00  00000 0 0 0 0 0 0 0 0  00101010101010 1400000000000000000000000000000000   0 0
SWSW20893002200220  00000000  00 0 00  00000 0 0 0 0 0 0 0 0  00101010101010 1400000000000000000000000000000000   0 0
SWSW209200000 00000 0 000000  00 0 00  00000 0 0 0 0 0 0 0 0  00101010101010 1400000000000000000000000000000000   0 0
SWSW209380200 00000   000000  00 0 00  00000 0 0 0 0 0 0 0 0  00101010101010 1400000000000000000000000000000000   0 0
SWSW209450000 00000 0 000000  00 0 00  00000 0 0 0 0 0 0 0 0  00101010101010 1400000000000000000000000000000000   0 0
SWSW209532200 0022  02000000  00 0 00  00000 0 0 0 0 0 0 0 0  00101010101010 1400000000000000000000000000000000   0 0
SWSW20966020202022  00000000  00 0 00  00000 0 0 0 0 0 0 0 0  00101010101010 1400000000000000000000000000000000   0 0
SWSW209810000 00000 0 000000  00 0 00  00000 0 0 0 0 0 0 0 0  00101010101010 1400000000000000000000000000000000   0 0
SWSW210152220 0220  00000000  00 0 00  00000 0 0 0 0 0 0 0 0  00101010101010 1400000000000000000000000000000000   0 0
SWSW210280000 0220  02222 00   0 0 222000000 0 0 0 200 0 0 0  00101010101010 1411100110100000000000000000000000   3 2
SWSW210300000 0022  2 000000  00 0 00  00000 0 0 0 0 0 0 0 0  00101010101010 1400000000000000000000000000000000   0 0
SWSW210420020 0222  02000000  00 0 00  00000 0 0 0 0 0 0 0 0  00101010101010 1400000000000000000000000000000000   0 0
SWSW210740000 00000 0 000000  00 0 00  00000 0 0 0 0 0 0 0 0  00101010101010 1400000000000000000000000000000000   0 0
SWSW210910000 00000 0 000000  00 0 00  00000 0 0 0 0 0 0 0 0  00101010101010 1400000000000000000000000000000000   0 0
SWSW21157022222022  02222 0222 120 222022200 22220 0 2222202 2401121212222200141111011011100110110110111010110111.510
SWSW211620000 00000 0 000000  00 0 00  00000 0 0 0 0 0 0 0 0  00101010101010 1400000000000000000000000000000000   0 0
SWSW211850200 0022  2 202 0222 0 0 022020000 0 200 200 0 202 24010101210101001411110010110000000000000100000000   6 3
SWSW212020020 2020  00000000  00 0 00  00000 0 0 0 0 0 0 0 0  00101010101010 1400000000000000000000000000000000   0 0
SWSW212470000 00000 0 000000  00 0 00  00000 0 0 0 0 0 0 0 0  00101010101010 1400000000000000000000000000000000   0 0
SWSW212510000 00020   000000  00 0 00  00000 0 0 0 0 0 0 0 0  00101010101010 1400000000000000000000000000000000   0 0
SWSW213042000 0002  00000000  00 0 00  00000 0 0 0 0 0 0 0 0  00101010101010 1400000000000000000000000000000000   0 0
SWSW213530220 0200  00000000  00 0 00  00000 0 0 0 0 0 0 0 0  00101010101010 1400000000000000000000000000000000   0 0
SWSW213660000 00000 0 000000  00 0 00  00000 0 0 0 0 0 0 0 0  00101010101010 1400000000000000000000000000000000   0 0
SWSW213770000 00000 0 000000  00 0 00  00000 0 0 0 0 0 0 0 0  00101010101010 1400000000000000000000000000000000   0 0
SWSW213810000 00000 0 000000  00 0 00  00000 0 0 0 0 0 0 0 0  00101010101010 1400000000000000000000000000000000   0 0
SWSW214010200 0020  00000000  00 0 00  00000 0 0 0 0 0 0 0 0  00101010101010 1400000000000000000000000000000000   0 0
SWSW214360000 00020   202 00   0 0 00  20000 0 0 0 0 0 0 0 0  00101010101010 1411100000010000000000000000000000   1 1
SWSW214500000 00000 0 000000  00 0 00  00000 0 0 0 0 0 0 0 0  00101010101010 1400000000000000000000000000000000   0 0
SWSW214690000 02000   222 0210 100 020020000 0 0 0 0 220 0 0  00101010101010 1411100000010000000001000000000000 4.5 2
SWSW214830000 00000 0 000000  00 0 00  00000 0 0 0 0 0 0 0 0  00101010101010 1400000000000000000000000000000000   0 0
SWSW215260000 00000 0 000000  00 0 00  00000 0 0 0 0 0 0 0 0  00101010101010 1400000000000000000000000000000000   0 0
SWSW215320000 00020   222 00   1222220020000 0 0 0 0 0 0 2200 00101010101010 1411101100110000000100011000000000 5.5 5
SWSW215442000 0002  00000000  00 0 00  00000 0 0 0 0 0 0 0 0  00101010101010 1400000000000000000000000000000000   0 0
SWSW215590000 00000 0 000000  00 0 00  00000 0 0 0 0 0 0 0 0  00101010101010 1400000000000000000000000000000000   0 0
SWSW215710000 00000 0 000000  00 0 00  00000 0 0 0 0 0 0 0 0  00101010101010 1400000000000000000000000000000000   0 0
SWSW215870000 00200   000000  00 0 00  00000 0 0 0 0 0 0 0 0  00101010101010 1400000000000000000000000000000000   0 0
SWSW216060200 0002  02202 20   0 0 00  00000 0 0 0 0 0 0 0 0  00101010101010 1411100000000000000000000000000000   0 0
SWSW216190000 00000 0 000000  00 0 00  00000 0 0 0 0 0 0 0 0  00101010101010 1400000000000000000000000000000000   0 0
SWSW216270000 00020   222 00   0 0 00  00000 0 0 0 0 0 0 0 0  00101010101010 1411100000000000000000000000000000   0 0
SWSW216430000 00020   000000  00 0 00  00000 0 0 0 0 0 0 0 0  00101010101010 1400000000000000000000000000000000   0 0
SWSW216550220 0000  00000000  00 0 00  00000 0 0 0 0 0 0 0 0  00101010101010 1400000000000000000000000000000000   0 0
SWSW216700000 00200   000000  00 0 00  00000 0 0 0 0 0 0 0 0  00101010101010 1400000000000000000000000000000000   0 0
SWSW216880200 0020  02000000  00 0 00  00000 0 0 0 0 0 0 0 0  00101010101010 1400000000000000000000000000000000   0 0
SWSW217390020 2000  2 222 0221 120 20  20020 200 0 200 222002 4010101010111001411110100110100000100101000000000 8.5 6
SWSW217520000 00000 0 000000  00 0 00  00000 0 0 0 0 0 0 0 0  00101010101010 1400000000000000000000000000000000   0 0
SWSW217952200 0000                                            00101010101010 14                            0000   0  
SWSW218000000 0022  00000000  00 0 00  00000 0 0 0 0 0 0 0 0  00101010101010 1400000000000000000000000000000000   0 0
SWSW218980000 00000 0 000000  00 0 00  00000 0 0 0 0 0 0 0 0  00101010101010 1400000000000000000000000000000000   0 0
SWSW219090000 00000 0 000000  00 0 00  00000 0 0 0 0 0 0 0 0  00101010101010 1400000000000000000000000000000000   0 0
SWSW219170200 00000   202 0200 222200  202222220 0 20200 0 00 00101010101010 1411101000111111001100000000000000  10 7
SWSW219250000 0220  00000000  00 0 00  00000 0 0 0 0 0 0 0 0  00101010101010 1400000000000000000000000000000000   0 0
SWSW219330000 00000 0 000000  00 0 00  00000 0 0 0 0 0 0 0 0  00101010101010 1400000000000000000000000000000000   0 0
SWSW219860000 00000 0 000000  00 0 00  00000 0 0 0 0 0 0 0 0  00101010101010 1400000000000000000000000000000000   0 0
SWSW220190000 00000 0 000000  00 0 00  00000 0 0 0 0 0 0 0 0  00101010101010 1400000000000000000000000000000000   0 0
SWSW220310000 00000 0 000000  00 0 00  00000 0 0 0 0 0 0 0 0  00101010101010 1400000000000000000000000000000000   0 0
SWSW221420220 0000  00000000  00 0 00  00000 0 0 0 0 0 0 0 0  00101010101010 1400000000000000000000000000000000   0 0
SWSW221890000 00000 0 000000  00 0 00  00000 0 0 0 0 0 0 0 0  00101010101010 1400000000000000000000000000000000   0 0
SWSW221910000 000220  000000  00 0 00  00000 0 0 0 0 0 0 0 0  00101010101010 1400000000000000000000000000000000   0 0
SWSW222240000 0022  00000000  00 0 00  00000 0 0 0 0 0 0 0 0  00101010101010 1400000000000000000000000000000000   0 0
SWSW222520200 0022  02202 0221 0 0 20  2000220 0 0 0 0 0 0 2 240101012201012 1411110100110010000000000100000000   4 4
SWSW222670000 00000 0 000000  00 0 00  00000 0 0 0 0 0 0 0 0  00101010101010 1400000000000000000000000000000000   0 0
SWSW222800020 2200  00000000  00 0 00  00000 0 0 0 0 0 0 0 0  00101010101010 1400000000000000000000000000000000   0 0
SWSW222950000 00000 0 000000  00 0 00  00000 0 0 0 0 0 0 0 0  00101010101010 1400000000000000000000000000000000   0 0
SWSW223130000 02000   000000  00 0 00  00000 0 0 0 0 0 0 0 0  00101010101010 1400000000000000000000000000000000   0 0
SWSW223980000 00000 0 000000  00 0 00  00000 0 0 0 0 0 0 0 0  00101010101010 1400000000000000000000000000000000   0 0
SWSW224020000 00000 0 000000  00 0 00  00000 0 0 0 0 0 0 0 0  00101010101010 1400000000000000000000000000000000   0 0
SWSW224100000 00000 0 000000  00 0 00  00000 0 0 0 0 0 0 0 0  00101010101010 1400000000000000000000000000000000   0 0
SWSW224510200 0002  00000000  00 0 00  00000 0 0 0 0 0 0 0 0  00101010101010 1400000000000000000000000000000000   0 0
SWSW224680000 00000 0 000000  00 0 00  00000 0 0 0 0 0 0 0 0  00101010101010 1400000000000000000000000000000000   0 0
SWSW224840000 00000 0 000000  00 0 00  00000 0 0 0 0 0 0 0 0  00101010101010 1400000000000000000000000000000000   0 0
SWSW225170220 2022  02222 0222 220 222022220 0 0 0 202020202 24012323232201001411110110111100001100000100000000  12 7
SWSW225330000 000220  000000  00 0 00  00000 0 0 0 0 0 0 0 0  00101010101010 1400000000000000000000000000000000   0 0
SWSW225580000 002020  000000  00 0 00  00000 0 0 0 0 0 0 0 0  00101010101010 1400000000000000000000000000000000   0 0
SWSW225942200 0000  2 000000  00 0 00  00000 0 0 0 0 0 0 0 0  00101010101010 1400000000000000000000000000000000   0 0
SWSW226050000 00000 0 000000  00 0 00  00000 0 0 0 0 0 0 0 0  00101010101010 1400000000000000000000000000000000   0 0
SWSW226592200 0222  00000000  00 0 00  00000 0 0 0 0 0 0 0 0  00101010101010 1400000000000000000000000000000000   0 0
SWSW227120000 00000 0 000000  00 0 00  00000 0 0 0 0 0 0 0 0  00101010101010 1400000000000000000000000000000000   0 0
SWSW227200000 00000 0 000000  00 0 00  00000 0 0 0 0 0 0 0 0  00101010101010 1400000000000000000000000000000000   0 0
SWSW227660000 00000 0 000000  00 0 00  00000 0 0 0 0 0 0 0 0  00101010101010 1400000000000000000000000000000000   0 0
SWSW227810000 02000   000000  00 0 00  00000 0 0 0 0 0 0 0 0  00101010101010 1400000000000000000000000000000000   0 0
SWSW228502200 2020  00000000  00 0 00  00000 0 0 0 0 0 0 0 0  00101010101010 1400000000000000000000000000000000   0 0
SWSW22869002220000  02222 0212 0 0 220020000 0 0 2222220 0 2 2401010121    001411110100110000010011001100000000   7 6
SWSW22875022200200  2 202 0220 20202200222222202222202022222 242322232121122 1411100100111110111000111110101111  17 9
SWSW22883020220022  02222 2211 220 222000202020220 0 0 20202 04010112120101001411110110101000100100000100000000  10 6
SWSW22897002220000  2 000000  00 0 00  00000 0 0 0 0 0 0 0 0  00101010101010 1400000000000000000000000000000000   0 0
SWSW229290200 0002  02000000  00 0 00  00000 0 0 0 0 0 0 0 0  00101010101010 1400000000000000000000000000000000   0 0
SWSW229570000 00000 0 000000  00 0 00  00000 0 0 0 0 0 0 0 0  00101010101010 1400000000000000000000000000000000   0 0
SWSW229730000 00000 0 000000  00 0 00  00000 0 0 0 0 0 0 0 0  00101010101010 1400000000000000000000000000000000   0 0
SWSW229900000 00000 0 000000  00 0 00  00000 0 0 0 0 0 0 0 0  00101010101010 1400000000000000000000000000000000   0 0
SWSW230080200 0202  00000000  00 0 00  00000 0 0 0 0 0 0 0 0  00101010101010 1400000000000000000000000000000000   0 0
SWSW230160000 2020  00000000  00 0 00  00000 0 0 0 0 0 0 0 0  00101010101010 1400000000000000000000000000000000   0 0
SWSW230292000 0020  00000000  00 0 00  00000 0 0 0 0 0 0 0 0  00101010101010 1400000000000000000000000000000000   0 0
SWSW230410000 20000   000000  00 0 00  00000 0 0 0 0 0 0 0 0  00101010101010 1400000000000000000000000000000000   0 0
SWSW230570000 00200   202 00   0 0 022000000 0 0 0 220 0 0 0  00101010101010 1411100010100000000010000000000000   2 2
SWSW230620000 00000 0 000000  00 0 00  00000 0 0 0 0 0 0 0 0  00101010101010 1400000000000000000000000000000000   0 0
SWSW230852200 0000  00000000  00 0 00  00000 0 0 0 0 0 0 0 0  00101010101010 1400000000000000000000000000000000   0 0
SWSW230900000 00020   000000  00 0 00  00000 0 0 0 0 0 0 0 0  00101010101010 1400000000000000000000000000000000   0 0
SWSW231090000 00000 0 000000  00 0 00  00000 0 0 0 0 0 0 0 0  00101010101010 1400000000000000000000000000000000   0 0
SWSW231250000 00000 0 000000  00 0 00  00000 0 0 0 0 0 0 0 0  00101010101010 1400000000000000000000000000000000   0 0
SWSW231330000 00000 0 000000  00 0 00  00000 0 0 0 0 0 0 0 0  00101010101010 1400000000000000000000000000000000   0 0
SWSW231400000 00000 0 000000  00 0 00  00000 0 0 0 0 0 0 0 0  00101010101010 1400000000000000000000000000000000   0 0
SWSW231720200 2000  02222 20   100 222020002020200 200 200 02 4012201010101001411100110110000000000000000000000 8.5 3
SWSW232690000 00000 0 000000  00 0 00  00000 0 0 0 0 0 0 0 0  00101010101010 1400000000000000000000000000000000   0 0
SWSW233030200 0020  00000000  00 0 00  00000 0 0 0 0 0 0 0 0  00101010101010 1400000000000000000000000000000000   0 0
SWSW233390000 00000 0 000000  00 0 00  00000 0 0 0 0 0 0 0 0  00101010101010 1400000000000000000000000000000000   0 0
SWSW233460020 0020  2 000000  00 0 00  00000 0 0 0 0 0 0 0 0  00101010101010 1400000000000000000000000000000000   0 0
SWSW233520000 00000 0 000000  00 0 00  00000 0 0 0 0 0 0 0 0  00101010101010 1400000000000000000000000000000000   0 0
SWSW233800000 00000 0 000000  00 0 00  00000 0 0 0 0 0 0 0 0  00101010101010 1400000000000000000000000000000000   0 0
SWSW234000000 020020  000000  00 0 00  00000 0 0 0 0 0 0 0 0  00101010101010 1400000000000000000000000000000000   0 0
SWSW234132000 0222  00000000  00 0 00  00000 0 0 0 0 0 0 0 0  00101010101010 1400000000000000000000000000000000   0 0
SWSW234370000 00000 0 000000  00 0 00  00000 0 0 0 0 0 0 0 0  00101010101010 1400000000000000000000000000000000   0 0
SWSW234542000 0002  00000000  00 0 00  00000 0 0 0 0 0 0 0 0  00101010101010 1400000000000000000000000000000000   0 0
SWSW23476200220022  02222 0222 222002202222220 220 220 0 0 2 24230101220101001411110010111110101110001110101111  11 9
SWSW234820000 020020  000000  00 0 00  00000 0 0 0 0 0 0 0 0  00101010101010 1400000000000000000000000000000000   0 0
SWSW234980000 00000 0 000000  00 0 00  00000 0 0 0 0 0 0 0 0  00101010101010 1400000000000000000000000000000000   0 0
SWSW235190000 00000 0 000000  00 0 00  00000 0 0 0 0 0 0 0 0  00101010101010 1400000000000000000000000000000000   0 0
SWSW235270000 00000 0 000000  00 0 00  00000 0 0 0 0 0 0 0 0  00101010101010 1400000000000000000000000000000000   0 0
SWSW235432000 00000   000000  00 0 00  00000 0 0 0 0 0 0 0 0  00101010101010 1400000000000000000000000000000000   0 0
SWSW235550000 0022  00000000  00 0 00  00000 0 0 0 0 0 0 0 0  00101010101010 1400000000000000000000000000000000   0 0
SWSW235640000 00200   000000  00 0 00  00000 0 0 0 0 0 0 0 0  00101010101010 1400000000000000000000000000000000   0 0
SWSW236070000 00000 0 000000  00 0 00  00000 0 0 0 0 0 0 0 0  00101010101010 1400000000000000000000000000000000   0 0
SWSW236300000 00000 0 000000  00 0 00  00000 0 0 0 0 0 0 0 0  00101010101010 1400000000000000000000000000000000   0 0
SWSW236632000 00000   000000  00 0 00  00000 0 0 0 0 0 0 0 0  00101010101010 1400000000000000000000000000000000   0 0
SWSW236892000 00000   000000  00 0 00  00000 0 0 0 0 0 0 0 0  00101010101010 1400000000000000000000000000000000   0 0
SWSW237020020 00000   000000  00 0 00  00000 0 0 0 0 0 0 0 0  00101010101010 1400000000000000000000000000000000   0 0
SWSW237100000 00000 0 000000  00 0 00  00000 0 0 0 0 0 0 0 0  00101010101010 1400000000000000000000000000000000   0 0
SWSW23735022220222  02000000  00 0 00  00000 0 0 0 0 0 0 0 0  00101010101010 1400000000000000000000000000000000   0 0
SWSW237510000 00020   000000  00 0 00  00000 0 0 0 0 0 0 0 0  00101010101010 1400000000000000000000000000000000   0 0
SWSW237680000 000220  000000  00 0 00  00000 0 0 0 0 0 0 0 0  00101010101010 1400000000000000000000000000000000   0 0
SWSW237960000 00200   000000  00 0 00  00000 0 0 0 0 0 0 0 0  00101010101010 1400000000000000000000000000000000   0 0
SWSW238120000 00000 0 000000  00 0 00  00000 0 0 0 0 0 0 0 0  00101010101010 1400000000000000000000000000000000   0 0
SWSW238380000 00000 0 000000  00 0 00  00000 0 0 0 0 0 0 0 0  00101010101010 1400000000000000000000000000000000   0 0
SWSW238450000 0022  00000000  00 0 00  00000 0 0 0 0 0 0 0 0  00101010101010 1400000000000000000000000000000000   0 0
