EAEA40015      0 0 0 0  0 0     2000 0 0 20   00             010101010101  1400000000001000000   1
EAEA40129      0 200 0  0 0     0  2222220  0 00 12    0     010121012222001401101000111111013   4
EAEA40185      20200 0  0 0     0  0 200 20   00             010101010101  1400000000001000000   3
EAEA40247      0 220 0  2020    222220 200  0 00  9    0     0101012111012 1401000001001000002   5
EAEA40251      0 200 2200 20    2200 200 20   00             010101010101  1400000000001000000   4
EAEA40304      0 0 0 0  0 0     0  0 0 0 0  0 00             010101010101  1400000000001000000   0
EAEA40312<L    22222020 2222020 0  0 20220  0 20 14  0       012222010101001400011101111111014   8
EAEA40353      0 0 0 0  0 0     2000 0 0 0  0 00             010101010101  1400000000001000000   1
EAEA40399      2222220  0 20    2220 222220   00  7    20    010101010101001401111001111100005   6
EAEA40401      0 0 22220220     2222222220  2200  6    0     0123221113012 1411101101111111116   8
EAEA40422      0 0 0 0  0 0     0  0 0 0 20   00             010101010101  1400000000001000000   0
EAEA40436      0 0 0 0  0 20    0  0 0 0 0  0 00             010101010101  1400000000001000000   0
EAEA40450;K    200 0 2220 20    222220 0 20   20 14          010101220101001401000010001000002   4
EAEA40505      0 200 2200 20    0  0 0 0 20   20             010101010101  1400000000001000000   2
EAEA40526      200 0 0  0 0     0  0 0 0 20   00             010101010101  1400000000001000000   1
EAEA40593      0 0 0 0  0 20    0  0 0 0 20   20             010101010101  1400000000001000000   0
EAEA40643      0 0 0 0  0 0     0  0 0 0 0  0 00             010101010101  1400000000001000000   0
EAEA40655      20220 20 0 20    2200 0 0 20   00  2    0     010101220101001400000001001000001   4
EAEA40664      200 0 0  0 0     2200 0 0 20   00             010101010101  1400000000001000000   2
EAEA40724      0 0 0 0  0 20    0  0 0 0 20   00             010101010101  1400000000001000000   0
EAEA40739      0 220 20 0 0     2200 0 0 220  00 10    0     012212110101001400000001001000001   4
EAEA40752      0 0 0 0  0 0     0  0 0 0 0  0 00             010101010101  1400000000001000000   0
EAEA40767      200 0 0  0 0     0  0 0 0 20   00             010101010101  1400000000001000000   1
EAEA40780      0 0 0 0  0 20    0  0 0 200  0 00             010101010101  1400000000001000000   1
EAEA40821      20200 0  0 20    0  0 0 0 0  0 220            010101010101  1400000000001000000   3
EAEA40865    8H2220200  2020    2220 0 2220   20 66    2213 0010101120101001401011000111110003   6
EAEA40876      0 0 0 0  0 20    0  0 0 0 20   20             010101010101  1400000000001000000   0
EAEA40917      200 0 0  0 20    2000 0 0 20   00             010101010101  1400000000001000000   2
EAEA40925      0 0 0 0  0 2200 00  0 0 0 0  0 00             010101010101  1400000000001000000   1
EAEA40958      22200 0  0 20    2000 0 0 0  0 00             010101010101  1400010000001000001   3
EAEA40994      200 0 0  0 20    0  0 0 0 20   20             010101010101  1400000000001000000   1
EAEA41002      220 0 0  0 0     0  0 20200  0 00             010101010101  1400010000001000001   3
EAEA41010      0 0 0 0  2020    0  0 0 0 20   00             010101010101  1400000000001000000   1
EAEA41047      0 0 0 0  0 20    0  0 0 0 20   00             010101010101  1400000000001000000   0
EAEA41079      0 22202220 0     222222222220  20 14 2  20    122323012312001401101011111111115   8
EAEA41084      0 0 0 0  0 20    2200 0 0 20   20             010101010101  1400000000001000000   1
EAEA41096      0 0 0 0  0 20    0  0 0 0 20   00             010101010101  1400000000001000000   0
EAEA41103      0 0 0 0  0 0     0  0 0 0 20   20             010101010101  1400000000001000000   0
EAEA41111      0 200 0  0 20    2000 0 0 20   00             010101010101  1400000000001000000   2
EAEA41124      200 0 0  2020    0  200 0 0  0 00             010101010101  1400000000001000000   3
EAEA41152      0 0 0 0  0 20    0  0 0 0 20   20             010101010101  1400000000001000000   0
EAEA41167      0 200 0  2220    2220 0 2220   00 10    2212  010101010101001401001100111100003   4
EAEA41178      200 0 0  0 20    22220200 20   00             010101010101  1401000000001000001   4
EAEA41195      0 0 0 0  0 0     0  0 0 0 0  0 00             010101010101  1400000000001000000   0
EAEA41207      0 0 0 0  0 0     0  0 0 0 0  0 00             010101010101  1400000000001000000   0
EAEA41215      0 0 0 20 0 20    0  0 0 0 20   20             010101010101  1400000000001000000   1
EAEA41242      20220 0  0 0     0  0 0 0 0  0 00             010101010101  1400000001001000001   2
EAEA41274      0 2222222222220 0222222222222  00 12    20    012201010111111411101111111110007  10
EAEA41289      20200 0  0 20    2220 0 0 20   20             010101010101  1401000000001000001   3
EAEA41317      20200 0  0 20    0  0 0 0 20   20             010101010101  1400000000001000000   2
EAEA41325      0 200 0  0 0     0  0 0 0 0  0 20             010101010101  1400000000001000000   1
EAEA41333      0 0 0 0  0 20    0  0 0 0 20   20             010101010101  1400000000001000000   0
EAEA41340      0 0 0 0  220     0  0 0 22220  00 13 2  0     010101010101001400001100001000002   3
EAEA41361      0 0 0 0  0 0     2200 200 0  0 00             010101010101  1400000000001000000   2
EAEA41372      0 200 0  0 0     0  0 0 0 20   00             010101010101  1400000000001000000   1
EAEA41386      0 0 0 0  0 0     0  0 0 0 20   00             010101010101  1400000000001000000   0
EAEA41394      22200 2220 20    2200 0 0 220  00 12 2  0     010101210101001400010010001000002   5
EAEA41419      0 0 0 0  2020    0  0 0 0 0  0 220            010101010101  1400000000001000000   2
EAEA41427      0 0 0 0  0 0     0  0 0 0 20   00             010101010101  1400000000001000000   0
EAEA41443      0 0 0 20 0 0     0  0 0 0 0  0 00             010101010101  1400000000001000000   1
EAEA43011      0 200 0  0 20    2000 0 220  0 20             010101010101  1400001000001000001   3
EAEA43024      0 0 0 0  0 0     0  0 0 0 0  0 00             010101010101  1400000000001000000   0
EAEA43052      0 200 2220 20    0  200 0 20   00             010101010101  1400000010001000001   3
EAEA43067      220 0 0  0 0     222220 2220   00 66    20    012201130101001401011000111111113   4
EAEA43078      0 200 0  0 20    0  0 0 0 20   20             010101010101  1400000000001000000   1
EAEA43095      0 0 0 0  0 21020 0  0 0 200  2020             010101010101  1400000000001000000 2.5
EAEA43104      0 0 0 0  0 0     0  0 0 0 0  0 00             010101010101  1400000000001000000   0
EAEA43112      220 0 0  220     2200 20220  0 00 13    0     011212220101001400011100111111013   5
EAEA43138      20  0 2220 0     2200 200 0  0 00                           140000001 001000001   4
EAEA43145      0 200 0  0 20    0  0 0 0 20   00             010101010101  1400000000001000000   1
EAEA43153      20200 0  0 20    22020200 20   20             010101010101  1400000000001000000   5
EAEA43166      0 0 0 0  0 20    0  0 0 0 0  0 00             010101010101  1400000000001000000   0
EAEA43177      0 200 0  0 20    0  0 0 0 20   20             010101010101  1400000000001000000   1
EAEA43181      0 20200  0 0     0  0 0 2020   20             010101010101  1400000000001000000   3
EAEA432551A    0 0 0 0  0 0     222222222222  00 14          010101010101001411101000111100004   5
EAEA43264      0 0 0 0  0 20    0  0 0 0 0  2200             010101010101  1410000000001000001   1
EAEA43270      0 0 0 0  0 20    0  0 0 0 220  00             010101010101  1400000000001000000   1
EAEA43292      0 0 0 0  0 20    0  0 0 0 20   20             010101010101  1400000000001000000   0
EAEA43334      0 200 0  0 20    0  0 0 0 0  0 00             010101010101  1400000000001000000   1
EAEA43426      22200 0  0 20    2200 0 200  0 00 12    20    010101210101001400010000001000001   4
EAEA43459      0 200 0  0 20    0  0 0 0 0  0 00             010101010101  1400000000001000000   1
EAEA43522      20200 0  0 20    2200 0 0 20   00             010101010101  1400000000001000000   3
EAEA435485E    220 0 0  2221220 220220 220  0 22214          112201220101001411011100111111015 6.5
EAEA43569      220 220  0 0     2220 20220  0 00  6    20    010101011101001401011001111100004   5
EAEA43583      0 0 0 0  0 0     0  0 0 0 20   00             010101010101  1400000000001000000   0
EAEA43597      2022200  0 0     0  0 0 0 0  0 00             010101010101  1400000001001000001   3
EAEA43623      0 0 220  0 20    0  0 0 0 20   20             010101010101  1400000001001000001   1
EAEA43635      220 0 0  0 20    2220 0 0 20   20 12    20    010101220101001401010000001000002   2
EAEA43651      0 0 0 0  0 0     0  0 0 0 20   00             010101010101  1400000000001000000   0
EAEA43684      0 0 0 0  0 20    0  0 0 0 20   20             010101010101  1400000000001000000   0
EAEA43707      200 0 0  0 0     0  0 0 0 20   00             010101010101  1400000000001000000   1
EAEA43715      0 0 0 0  0 20    0  0 0 0 20   00             010101010101  1400000000001000000   0
EAEA43730      0 0 0 0  0 20    0  20220 0  0 00             010101010101  1400100000001000001   2
EAEA43742      0 200 0  0 20    0  0 0 0 20   20             010101010101  1400000000001000000   1
EAEA43756      0 0 0 0  0 20    2000 0 0 20   20             010101010101  1400000000001000000   1
EAEA43774      0 200 2220 21220 0  0 0 0 20   20             010101010101  1400000010001000001 2.5
EAEA43789      0 0 0 0  0 0     0  0 0 0 0  0 20             010101010101  1400000000001000000   0
EAEA43791      200 0 0  0 20    0  0 0 0 20   00             010101010101  1400000000001000000   1
EAEA43809      0 220 0  0 0     0  0 0 0 0  0 20             010101010101  1400000001001000001   1
EAEA43817      0 200 0  0 20    0  0 0 0 0  0 00             010101010101  1400000000001000000   1
EAEA43840      20220 0  0 20    0  0 0 200  0 00             010101010101  1400000001001000001   3
EAEA43858      0 0 0 0  0 0     0  0 0 0 0  0 00             010101010101  1400000000001000000   0
EAEA43861      0 0 0 0  0 0     0  0 0 0 20   00             010101010101  1400000000001000000   0
EAEA43872      0 200 0  0 0     0  0 0 0 20   00             010101010101  1400000000001000000   1
EAEA43886      0 200 0  0 20    0  0 0 0 20   00             010101010101  1400000000001000000   1
EAEA43913      0 200 0  0 20    0  0 0 0 0  2020             010101010101  1400000000001000000   2
EAEA43921      0 0 0 0  0 20    0  0 0 0 20   00             010101010101  1400000000001000000   0
EAEA43937      0 200 0  0 20    0  0 0 0 0  0 20             010101010101  1400000000001000000   1
EAEA43965      22200 0  2221220 222202222222  00  5    20    010101211112001411111100111110006 8.5
EAEA43976      0 0 0 0  0 0     0  0 0 0 20   20             010101010101  1400000000001000000   0
EAEA43982      0 200 0  0 20    22222220 20   20 12    2214  010101010101001401100000001000002   4
EAEA44017      0 200 2222221020 222222022222  22212    0     012222220101001411001110111111015 9.5
EAEA44033      0 200 0  0 20    0  0 0 0 20   20             010101010101  1400000000001000000   1
EAEA44040      0 0 0 0  0 20    0  0 0 0 20   00             010101010101  1400000000001000000   0
EAEA44058      0 200 0  0 20    2222222220  0 00 66    0     011222220101001401101000111111013   5
EAEA44072      0 0 0 0  0 20    2000 0 0 0  0 00             010101010101  1400000000001000000   1
EAEA44094      0 202020 220     0  0 0 2020   00             010101010101  1400000100001000001   5
EAEA44126      0 220 0  0 21020 0  0 0 0 20   00             010101010101  1400000001001000001 1.5
EAEA44144      0 200 0  0 20    2000 200 20   20             010101010101  1400000000001000000   3
EAEA44171      0 200 0  0 20    2000 0 0 20   20             010101010101  1400000000001000000   2
EAEA44193      0 0 0 0  0 0     0  200 0 0  0 00             010101010101  1400000000001000000   1
EAEA44237      0 0 0 0  0 20    0  0 0 0 0  0 00             010101010101  1400000000001000000   0
EAEA44249      22200 0  0 0     2200 0 0 0  0 20                           1400010000001000001   3
EAEA44254      20200 0  0 0     0  0 0 200  0 00             010101010101  1400000000001000000   3
EAEA44265      0 0 0 0  0 20    0  0 0 0 20   20             010101010101  1400000000001000000   0
EAEA44282      0 0 0 2202220    0  220 200  0 22211    20    012101120101021411000100111110003   5
EAEA44298      220 0 0  0 20    2220 0 0 220  00  6    2210  010101010101001401010000001000002   3
EAEA44302      0 0 0 0  0 0     0  0 0 0 20   00             010101010101  1400000000001000000   0
EAEA44310      2220222220 0     22222202020   20 13 2  20    010101012201001401010011111110004   8
EAEA44351      0 200 0  2020    0  0 0 0 20   00             010101010101  1400000000001000000   2
EAEA44368      222222222220     2220 20220  2200 10    0     122212222222001411011111111111017   9
EAEA44379      0 0 0 0  0 0     0  0 0 0 0  0 00             010101010101  1400000000001000000   0
EAEA44396      200 0 0  0 20    0  0 220 20   20             010101010101  1400100000001000001   2
EAEA44412      20200 0  2021020 0  0 0 2220   20             010101010101  1400001000001000001 4.5
EAEA44453      0 0 0 0  0 0     2200 0 0 20   00             010101010101  1400000000001000000   1
EAEA44481      0 0 0 0  0 20    0  0 0 0 20   00             010101010101  1400000000001000000   0
EAEA44515      0   0 0  0 0     0  0 0 0 0  0 00             010101010101  140000000 001000000   0
EAEA44528      200 0 0  0 20    2220 0 0 20   22066    22 9  010101010101001401000000001000001   3
EAEA45034      0 0 0 0  0 0     0  0 0 0 0  0 20             010101010101  1400000000001000000   0
EAEA45041      0 2222222220     222222222222  22212    0     012323232301001411101111111111117  10
EAEA45062      0 0 0 0  0 20    0  0 0 0 20   00             010101010101  1400000000001000000   0
EAEA45085      0 200 0  0 20    0  0 0 2220   00             010101010101  1400001000001000001   2
EAEA45133      0 0 0 0  0 0     0  0 0 0 0  0 00             010101010101  1400000000001000000   0
EAEA45158      0 200 0  0 20    0  0 0 0 220  00             010101010101  1400000000001000000   2
EAEA45186      0 0 0 0  0 21020 0  0 0 0 20   20             010101010101  1400000000001000000 0.5
EAEA45194      0 200 0  0 0     2200 0 0 20   00             010101010101  1400000000001000000   2
EAEA45236      0 0 0 0  0 20    0  0 0 0 20   20             010101010101  1400000000001000000   0
EAEA45248:J1A  20200 0  0 20    0  0 0 220  2220 13 022      010101010101001410001000001000002   4
EAEA45269      220 220  0 0     2220 0 0 0  0 22012    20    1111111101012 1401010001111100003   4
EAEA45275      0 200 0  0 0     2220 0 0 0  0 00             010101010101  1401000000001000001   2
EAEA45283      0 200 20 220     0  222222220  00  5    22 6  010101010121021401101100111100004   7
EAEA45303      20200 0  0 20    2000 0 0 0  0 00             010101010101  1400000000001000000   3
EAEA45311      200 0 0  0 20    0  0 0 0 20   20             010101010101  1400000000001000000   1
EAEA45324      0 200 0  0 20    0  0 0 0 20   20             010101010101  1400000000001000000   1
EAEA45346:J    0 0 220  2220    200220 20222  00 14          010101212111021411000101111100004   6
EAEA45352      0 200 0  0 20    2000 0 0 20   00             010101010101  1400000000001000000   2
EAEA45395      0 0 0 20 0 20    2200 0 0 20   00             010101010101  1400000000001000000   2
EAEA454005E    0 220 20 0 20    222200 0 0  0 22013 0        010101010101001401000001001000002   5
EAEA45437      2222222220 22220 220222222222  222 6    2212 21122222221112 1411111011111111017  11
EAEA45454      0 0 0 0  0 21020 22020200 20   00             010101010101  1400000000001000000 3.5
EAEA45476      0 200 0  0 0     0  0 0 0 20   20             010101010101  1400000000001000000   1
EAEA45498      0 0 0 0  0 20    0  0 0 0 20   00             010101010101  1400000000001000000   0
EAEA45506      0 0 0 0  0 20    2200 0 0 0  0 00             010101010101  1400000000001000000   1
EAEA45531      0 220 0  220     0  0 200 0  0 00  6    0     010101010101001400000101001000002   3
EAEA455705E    0 0 0 20 2221020 2200 20220  0 22014          010101210101001400001100001000002 6.5
EAEA45588      0 0 0 0  0 20    0  0 0 0 0  0 00             010101010101  1400000000001000000   0
EAEA45607      0 200 0  0 20    0  0 0 0 20   00             010101010101  1400000000001000000   1
EAEA45628      0 0 0 0  0 20    0  0 0 0 20   00             010101010101  1400000000001000000   0
EAEA45630      0 200 0  0 0     0  0 0 0 0  0 00             010101010101  1400000000001000000   1
EAEA45642      200 0 0  0 20    0  20200 0  0 00             010101010101  1400000000001000000   3
EAEA45663      20200 0  0 0     0  0 0 0 20   00             010101010101  1400000000001000000   2
EAEA45674      0 200 0  0 20    2000 0 0 0  0 20             010101010101  1400000000001000000   2
EAEA45689      0 0 0 0  0 0     0  0 0 0 0  0 00             010101010101  1400000000001000000   0
EAEA45702      20220 0  0 0     0  0 220 20   00  5    0     010101010101001400100001001000002   3
EAEA45735      0 0 0 0  0 20    0  0 0 200  0 00             010101010101  1400000000001000000   1
EAEA45747      0 0 0 0  0 0     2000 0 0 0  0 00             010101010101  1400000000001000000   1
EAEA45751      0 0 0 0  0 0     2220 0 220  0 00 13 2  0     012222220101001401001000001000002   2
EAEA45804      0 200 2220 20    2200 0 0 20   22211    2211  010101220101001410000010001000002   4
EAEA45812      0 200 0  0 0     0  0 0 0 20   00             010101010101  1400000000001000000   1
EAEA45845      0 200 0  0 20    0  0 0 0 0  0 20             010101010101  1400000000001000000   1
EAEA45866      200 0 2202222222 2222020220  22222 9    0     010101010101001411001100111100004  10
EAEA45899      0 0 0 0  0 20    0  0 0 0 20   20             010101010101  1400000000001000000   0
EAEA459185E    0 0 220  0 0     2222220220  0 00 12 0        012101230101001401001001111110113   5
EAEA45932      0 0 0 0  0 20    0  0 0 0 20   00             010101010101  1400000000001000000   0
EAEA45987      0 0 0 20 0 0     0  0 0 0 0  0 00             010101010101  1400000000001000000   1
MWMW001364D    220 220  200     220200 2220   00 12 020      010112221101001400011001111111013   6
MWMW00169      0 200 0  0 20    0  0 0 0 20   20             010101010101  1400000000001000000   1
MWMW00175      220 0 2220 2100 02000 220 20   00 13 2  0     010101120101001400110010111110003 4.5
MWMW00183      0 200 0  0 20    0  0 0 0 20   00             010101010101  1400000000001000000   1
MWMW00217      0 0 0 2220 20    0  0 0 0 20   00             010101010101  1400000010001000001   1
MWMW00258      200 0 0  0 20    0  0 0 0 20   20             010101010101  1400000000001000000   1
MWMW00272      0 200 0  0 20    2000 200 220  20             010101010101  1400000000001000000   4
MWMW00286      0 200 0  0 20    2200 0 0 20   20             010101010101  1400000000001000000   2
MWMW00306      0 0 0 0  0 0     0  0 0 0 0  0 00             010101010101  1400000000001000000   0
MWMW00331      0 0 0 0  0 0     0  0 0 0 20   00             010101010101  1400000000001000000   0
MWMW00355      0 0 0 0  0 20    0  0 0 0 20   20             010101010101  1400000000001000000   0
MWMW00364      0 0 0 0  0 20    0  0 0 0 20   00             010101010101  1400000000001000000   0
MWMW00370      0 20200  0 0     2200 0 220  0 00 12 2  20    010101012101001400001000001000001   4
MWMW00388      0 20200  0 20    2000 0 0 20   20             010101010101  1400000000001000000   3
MWMW00416      0 200 0  0 0     2020 0 0 20   20             010101010101  1400000000001000000   2
MWMW00429      0 0 0 0  0 0     0  0 0 0 20   00             010101010101  1400000000001000000   0
MWMW00457      0 0 0 0  0 0     0  0 0 0 20   00             010101010101  1400000000001000000   0
MWMW00462      0 0 0 0  0 20    2000 0 220  0 00             010101010101  1400001000001000001   2
MWMW00503      0 200 0  0 20    0  0 0 0 20   00             010101010101  1400000000001000000   1
MWMW00511      0 0 0 0  0 20    0  200 0 20   00             010101010101  1400000000001000000   1
MWMW00524      0 0 0 0  0 20    0  0 0 0 20   20             010101010101  1400000000001000000   0
MWMW005391A1A  0 200 2220 20    2200 220 20   00 13  22      010101210101001400100010001000002   4
MWMW00546      0 0 0 0  0 20    2000 0 0 20   20             010101010101  1400000000001000000   1
MWMW00552                                                    010101010101  14          1 0000     
MWMW00580      0 0 0 0  0 20    2000 0 0 20   00             010101010101  1400000000001000000   1
MWMW00595      0 200 0  0 0     0  0 0 0 0  0 00             010101010101  1400000000001000000   1
MWMW00612      0 200 0  2020    2002020200  0 20             010101010101  1400000000001000000   6
MWMW00638      0 200 0  0 21020 220200 0 20   20             010101010101  1400000000001000000 3.5
MWMW00645<L    0 20222222220    0  0 0 2220   22214          112323232201001410001111111111115   6
MWMW00653      0 0 0 0  0 20    0  0 200 20   220            010101010101  1400000000001000000   2
MWMW00681                                                    010101010101  14          1 0000     
MWMW00699      0 22200  0 20    0  200 2220   00                           1400001001001000002   4
MWMW00718      0 0 0 0  0 0     0  0 0 0 0  0 00             010101010101  1400000000001000000   0
MWMW007441A    0 2020222222200 02220 0 220  2200 13  0       2123232221012 1411001110111111115   8
MWMW00771      0 200 0  0 20    0  0 0 0 0  0 20             010101010101  1400000000001000000   1
MWMW00807      0 0 0 0  0 20    222220 0 0  0 00             010101010101  1401000000001000001   2
MWMW00830      0 200 0  0 20    0  0 0 220  0 00             010101010101  1400001000001000001   2
MWMW00856      0 0 0 0  0 20    2200 0 0 20   00             010101010101  1400000000001000000   1
MWMW00863      22222220 2222222 222222222222  22266    20    232201012323001411111101111111117  12
MWMW00874      0 200 0  0 22020 222222222222  00 11    20    012222212101001411101000111111014   7
MWMW00891      222022222222220 2222222222220  00 11    0     0122010121222 1401111111111111017  11
MWMW00968      0 20220  2220    0  22200 20   20  9    20    010101010101001401000101111100003   5
MWMW00979      0 0 0 0  0 20    0  0 0 2020   00             010101010101  1400000000001000000   1
MWMW01040      0 0 0 0  0 20    2200 0 0 0  0 00             010101010101  1400000000001000000   1
MWMW01105      200 0 0  0 20    0  20220 20   00             010101010101  1400100000001000001   3
MWMW01171      0 200 0  0 0     2220 0 0 20   00             010101010101  1401000000001000001   2
MWMW01193      0 0 0 0  0 20    0  0 0 0 20   00             010101010101  1400000000001000000   0
MWMW01200      0 0 0 0  0 0     0  0 0 0 20   00             010101010101  1400000000001000000   0
MWMW01276      0 0 0 0  0 21020 0  0 0 0 20   00             010101010101  1400000000001000000 0.5
MWMW01302      200 0 0  0 0     0  0 0 0 0  0 00             010101010101  1400000000001000000   1
MWMW01347      0 0 0 0  220     2200 0 0 0  0 00 13 2  20    010101010101001400000100001000001   2
MWMW01351      0 0 0 0  0 0     0  0 200 0  0 00             010101010101  1400000000001000000   1
MWMW01528      0 0 0 0  0 0     0  0 0 0 0  0 00             010101010101  1400000000001000000   0
MWMW01542      220 200  0 20    0  0 0 220  2000 66    22 6  010101010101001400011000001000002   4
MWMW01591      20220 0  0 0     2000 0 0 0  0 00             010101010101  1400000001001000001   3
MWMW01608      22200 0  200     2200 22220  2220 13 2  2266  120101121101021410111000111111014   7
MWMW01629      0 0 0 0  0 20    2020 0 0 20   220            010101010101  1400000000001000000   2
MWMW01634      0 200 0  0 21220 0  0 0 0 20   00             010101010101  1400000000001000000 1.5
MWMW01657      0 0 0 0  0 20    0  0 0 0 20   20             010101010101  1400000000001000000   0
MWMW01673      200 0 0  0 20    0  0 0 0 0  0 00             010101010101  1400000000001000000   1
MWMW01685      0 0 0 0  0 20    22222200 0  0 00             010101010101  1401000000001000001   3
MWMW01736      200 0 0  0 0     2220 200 20   00             010101010101  1401000000001000001   3
MWMW01750      0 0 0 0  0 0     0  0 0 0 0  0 00             010101010101  1400000000001000000   0
MWMW01846      0 0 0 0  0 20    0  0 0 0 20   20             010101010101  1400000000001000000   0
MWMW01852      0 200 0  0 20    2220 0 2220   00 10    0     010101010101001401001000001000002   3
MWMW01867      0 200 0  0 0     0  0 0 0 20   00             010101010101  1400000000001000000   1
MWMW01895      0 0 0 0  0 0     0  0 0 0 0  0 00             010101010101  1400000000001000000   0
MWMW01906      0 200 0  2220    0  0 0 2220   00  8    22 9  010101010101001400001100001000002   3
MWMW01943      0 0 0 0  0 20    0  0 0 0 20   220            010101010101  1400000000001000000   1
MWMW01988      0 200 0  0 20    2200 0 0 20   20             010101010101  1400000000001000000   2
MWMW01992      2220200  202120 2222220 0 0  0 00 12 2  2212 2012112121201001401010100111111013 6.5
MWMW02008      0 0 0 0  0 0     0  0 0 0 20   00             010101010101  1400000000001000000   0
MWMW02016      220 222200 0     222220 22220  00 11    20    010101210101001401011001111100004   7
MWMW02057      0 0 200  0 0     2200 0 2020   00             010101010101  1400000000001000000   3
MWMW02090      0 0 0 0  0 20    220220 0 20   20             010101010101  1401000000001000001   2
MWMW02117      0 0 0 0  0 0     0  0 0 0 0  0 20             010101010101  1400000000001000000   0
MWMW02125      0 200 0  0 0     0  0 0 0 20   20             010101010101  1400000000001000000   1
MWMW02158      0 0 0 0  200     0  0 0 0 0  0 00             010101010101  1400000000001000000   1
MWMW02172      200 0 0  2220    0  0 0 0 20   20             010101010101  1400000100001000001   2
MWMW02222      0 0 0 0  0 20    0  0 22200  0 00             010101010101  1400100000001000001   2
MWMW02236      0 20222222020    2222220200  0 00 12    0     012223221112001401000011111111113   8
MWMW02269      0 202020 0 0     2222222220  0 00 12 2  20    010101010101001401101000111100003   7
MWMW02275      0 22200  0 20    0  0 0 0 0  2200 10    0     010101010101001410000001001000002   3
MWMW02283      22200 20 0 20    2020 200 0  0 20             010101010101  1400010000001000001   5
MWMW02311      0 0 0 0  0 20    0  0 0 0 20   00             010101010101  1400000000001000000   0
MWMW02378      0 0 0 0  0 20    2000 0 0 20   20             010101010101  1400000000001000000   1
MWMW023809I    2022220  0 0     0  202222220  00 13          212223222201001400101001111111113   7
MWMW02400      0 0 0 0  0 0     0  0 0 0 0  0 00             010101010101  1400000000001000000   0
MWMW02465      0 0 0 0  0 20    0  0 0 0 0  0 00             010101010101  1400000000001000000   0
MWMW02476      20200 0  2020    202200 220  0 20             010101010101  1400001000001000001   6
MWMW02482      2220200  2020    2222222200  2222266    20    1112011121012 1411110000111110004  10
MWMW02531      0 0 0 0  0 0     0  0 0 0 20   20             010101010101  1400000000001000000   0
MWMW02543      220 0 0  0 20    0  0 0 22222  20  7    20    010101010101001410011000111100003   3
MWMW02592      0 200 0  0 20    202220 0 20   20             010101010101  1401000000001000001   3
MWMW02689                                                    010101010101  14          1 0000     
MWMW02702      0 200 0  0 20    2220 0 0 20   20             010101010101  1401000000001000001   2
MWMW02723      0 0 0 0  0 20    20222222220   00 11    2211  010101010101001401101000111100003   4
MWMW02751      0 0 0 0  0 20    2220 0 0 20   00             010101010101  1401000000001000001   1
MWMW02768<L    22202020 2220    2220 220 20   00 12 0        012222010101001401110100111111014   7
MWMW02779      0 200 0  0 20    0  0 0 0 0  0 20             010101010101  1400000000001000000   1
MWMW02784      0 0 0 0  0 20    0  0 0 0 20   00             010101010101  1400000000001000000   0
MWMW02796      22200 2222221222 0  2020200  2200 13 2  0     012223210101001410010110111111114 8.5
MWMW02804      0 0 0 0  0 20    2000 0 0 20   20             010101010101  1400000000001000000   1
MWMW02853      20220 0  2220    22220200 20   20 12    20    010101012201001401000101111110003   6
MWMW02877      0 200 0  0 0     0  0 0 0 0  0 00             010101010101  1400000000001000000   1
MWMW02899      0 0 0 0  0 0     0  0 0 0 0  0 00             010101010101  1400000000001000000   0
MWMW02905      22220 0  0 20    222222222222  22212 2  0     222201010101001411111001111111016   8
MWMW02932      0 200 0  0 20    0  0 0 0 20   20             010101010101  1400000000001000000   1
MWMW029445E5E  2220220  202220 2220200 2220   00 12 022      010122120101001400011101111111014   8
MWMW029594D    0 0 200  220     2220 202220   22213          0112011301012 1411001100111111114   6
MWMW02960      22220 0  0 22220 2000 0 0 222  00  9    0013  0101220101012 1410010001111110003   5
MWMW02971      0 200 0  0 20    0  0 220 0  0 00             010101010101  1400100000001000001   2
MWMW02987      0 0 0 0  2020    2000 0 0 0  0 20             010101010101  1400000000001000000   2
MWMW03026      0 200 0  0 20    0  0 0 0 20   00             010101010101  1400000000001000000   1
MWMW03032      0 0 0 0  0 20    0  0 0 220  0 20             010101010101  1400001000001000001   1
MWMW03044      0 0 0 0  0 0     0  0 0 0 20   00             010101010101  1400000000001000000   0
MWMW03060      0 0 0 20 0 20    0  0 0 0 20   20             010101010101  1400000000001000000   1
MWMW03127      0 200 0  0 20    22222222020   20 12    2212  010101230101001401100000001000002   5
MWMW03170      0 0 0 0  0 20    0  0 0 0 0  0 00             010101010101  1400000000001000000   0
MWMW03192      22200 0  0 21021 22220200 220  20  8    20    010101220101001401010100111110003 6.5
MWMW03220      0 0 0 0  0 0     0  0 0 0 0  0 00             010101010101  1400000000001000000   0
MWMW03253      0 220 20 200     0  0 0 0 0  0 00             010101010101  1400000001001000001   3
NWNW30020      0 200 0  0 20    2200 200 20   00             010101010101  1400000000001000000   3
NWNW30053      0 200 0  0 20    2020 0 0 0  0 00             010101010101  1400000000001000000   2
NWNW30066      2220222220 22222 222222222220  222 9    20    122323232222001411111111111111118  11
NWNW30077      0 0 0 0  0 0     2000 0 0 0  0 00             010101010101  1400000000001000000   1
NWNW30099      22200 0  0 0     2200 200 0  0 00 10    20    011212110101001400010000001000001   4
NWNW30137      0 200 0  0 20    0  0 0 0 20   20             010101010101  1400000000001000000   1
NWNW30149      0 0 0 0  0 20    0  0 0 0 20   20             010101010101  1400000000001000000   0
NWNW30154      0 0 0 0  0 20    0  0 0 0 20   00             010101010101  1400000000001000000   0
NWNW30176      0 0 0 0  0 20    0  0 0 0 20   00             010101010101  1400000000001000000   0
NWNW30182      220 0 0  220     0  0 0 0 220  00 10    2212  120101010101021400010100001000002   3
NWNW30205      0 200 0  0 20    0  0 0 0 20   20             010101010101  1400000000001000000   1
NWNW30218      0 0 0 0  0 20    2000 0 0 20   00             010101010101  1400000000001000000   1
NWNW30226      0 0 0 0  0 20    0  0 0 0 20   00             010101010101  1400000000001000000   0
NWNW30232      0 200 20 220     0  200 0 20   20             010101010101  1400000100001000001   4
NWNW30244      220 0 0  0 20    0  0 0 0 0  0 00             010101010101  1400010000001000001   1
NWNW30259      0 0 0 0  2222222 222200 22220  00  9    0     010101110101001401001100111100003   6
NWNW30260      200 0 0  0 20    0  0 0 2020   20             010101010101  1400000000001000000   2
NWNW30293      0 0 0 0  0 0     2000 0 0 20   00             010101010101  1400000000001000000   1
NWNW30328      220 0 2220 0     2200 202020   00 11    20    010101011322001400010010001000002   5
NWNW30330      0 0 0 0  0 20    0  0 0 0 20   20             010101010101  1400000000001000000   0
NWNW30363      0 0 0 0  0 20    0  0 0 0 20   20             010101010101  1400000000001000000   0
NWNW30374      20200 0  0 20    0  0 0 0 0  0 00             010101010101  1400000000001000000   2
NWNW30391      0 200 0  2020    0  0 0 0 20   20             010101010101  1400000000001000000   2
NWNW30409      0 0 0 0  0 20    2000 0 0 0  0 20             010101010101  1400000000001000000   1
NWNW30425      0 0 0 0  0 20    0  0 0 0 20   20             010101010101  1400000000001000000   0
NWNW30433      200 0 0  0 20    2220 0 0 20   20             010101010101  1401000000001000001   2
NWNW30458      0 220 0  0 20    2000 200 20   20             010101010101  1400000001001000001   3
NWNW30461      0 0 0 0  0 0     0  0 0 0 220  00             010101010101  1400000000001000000   1
NWNW30486      0 0 0 0  0 20    2200 0 0 20   00             010101010101  1400000000001000000   1
NWNW30494      0 200 0  0 20    2000 0 0 20   20             010101010101  1400000000001000000   2
NWNW30502      2020220  0 20    0  0 0 0 20   20             010101010101  1400000001001000001   3
NWNW30523      0 0 0 0  0 20    0  0 0 0 20   20             010101010101  1400000000001000000   0
NWNW30535      0 0 0 0  0 20    0  0 0 0 20   00             010101010101  1400000000001000000   0
NWNW30547      0 0 0 0  0 20    0  0 0 0 0  0 00             010101010101  1400000000001000000   0
NWNW30551      220 0 0  0 20    0  0 0 0 20   00             010101010101  1400010000001000001   1
NWNW30579      0 0 0 0  0 0     0  0 0 0 0  0 220            010101010101  1400000000001000000   1
NWNW30584      0 200 0  0 20    0  0 0 0 20   20             010101010101  1400000000001000000   1
NWNW30596      0 220 0  0 0     0  0 0 0 0  0 00             010101010101  1400000001001000001   1
NWNW30603      0 220 0  0 0     0  0 0 0 0  0 00             010101010101  1400000001001000001   1
NWNW30611    1A0 220 0  0 20    2200 22200  0 00 11    2213 0010122111201001400100001001000002   4
NWNW30639      0 0 0 0  0 20    0  0 0 0 20   00             010101010101  1400000000001000000   0
NWNW30646      200 0 0  0 20    0  0 0 0 20   00             010101010101  1400000000001000000   1
NWNW30652      0 200 0  0 20    0  0 0 0 20   00             010101010101  1400000000001000000   1
NWNW30667      0 0 0 0  0 20    0  0 0 0 20   20             010101010101  1400000000001000000   0
NWNW30678      0 0 0 0  0 0     2000 0 0 20   20             010101010101  1400000000001000000   1
NWNW30680      0 220 0  0 20    0  0 0 0 20   20             010101010101  1400000001001000001   1
NWNW30719      0 0 0 0  0 20    0  0 0 0 0  0 20             010101010101  1400000000001000000   0
NWNW30743      0 0 0 0  0 20    0  0 0 0 20   20             010101010101  1400000000001000000   0
NWNW30764      0 0 0 0  0 0     0  0 0 0 20   00             010101010101  1400000000001000000   0
NWNW30770      0 0 0 0  0 0     0  0 0 0 20   00             010101010101  1400000000001000000   0
NWNW30808      22200 0  0 20    0  0 0 0 20   00             010101010101  1400010000001000001   2
NWNW30816      0 200 0  0 20    0  0 0 0 20   00             010101010101  1400000000001000000   1
NWNW30829      0 200 0  0 0     2220 0 0 0  0 00             010101010101  1401000000001000001   2
NWNW30834      0 0 0 0  0 20    0  0 0 0 0  0 20             010101010101  1400000000001000000   0
NWNW30873      0 0 0 0  0 20    2200 0 0 0  0 00             010101010101  1400000000001000000   1
NWNW30885      222222222220     222222222220  00 66    0     012322232201001401111111111111117  10
NWNW30922      202022222220     22022222220   22210    2212  010101230101001411101111111110117  10
NWNW30936      0 0 0 0  0 22020 0  0 0 0 0  2200             010101010101  1410000000001000001   2
NWNW30948      0 0 0 0  0 20    0  0 0 0 20   00             010101010101  1400000000001000000   0
NWNW30950      0 0 0 0  0 20    0  0 0 0 0  2020             010101010101  1400000000001000000   1
NWNW30969      220 0 0  0 20    2020 200 0  0 00             010101010101  1400010000001000001   3
NWNW30997      0 200 0  0 20    0  0 0 0 20   00             010101010101  1400000000001000000   1
NWNW31005      0 200 0  2020    22222202220   00 12 2  20    011212221101001401001000001000002   6
NWNW31018      2222220  0 2200 00  0 0 0 0  0 20                           1400010001001000002   4
NWNW31032      20200 0  0 20    202200 0 20   00             010101010101  1400000000001000000   4
NWNW31044      0 200 0  0 20    0  0 0 0 0  0 00             010101010101  1400000000001000000   1
NWNW31060      0 0 0 0  0 20    0  0 0 0 20   20             010101010101  1400000000001000000   0
NWNW31071      0 0 0 0  0 20    0  0 0 0 0  0 00             010101010101  1400000000001000000   0
NWNW31087      0 200 0  0 20    2220 0 0 20   20             010101010101  1401000000001000001   2
NWNW31106      0 0 0 0  0 20    0  0 0 0 20   20             010101010101  1400000000001000000   0
NWNW31119      0 0 0 0  0 20    0  0 0 0 20   00             010101010101  1400000000001000000   0
NWNW31127      0 200 0  0 0     0  0 0 0 20   00             010101010101  1400000000001000000   1
NWNW31131      0 0 0 0  0 20    0  0 200 20   00             010101010101  1400000000001000000   1
NWNW31155      0 0 0 2220 20    2000 0 0 20   00             010101010101  1400000010001000001   2
NWNW31164      0 0 0 0  0 20    0  0 0 0 20   20             010101010101  1400000000001000000   0
NWNW31170                                                    010101010101  14          1 0000     
NWNW31192      0 0 0 0  0 20    0  0 200 0  0 20             010101010101  1400000000001000000   1
NWNW31204      0   0 0  0 20    0  0 0 0 20   00             010101010101  140000000 001000000   0
NWNW31212      0 200 0  0 20    0  0 0 0 20   00             010101010101  1400000000001000000   1
NWNW31220      220 0 0  0 21020 2000 0 0 0  0 00             010101010101  1400010000001000001 2.5
NWNW31245      200 0 0  0 0     2200 0 0 0  0 00             010101010101  1400000000001000000   2
NWNW31253      220 220  200     2200 202220   00 10    20    010101220101001400011001111110003   6
NWNW31277      0 0 0 0  0 20    0  0 0 0 20   00             010101010101  1400000000001000000   0
NWNW31281      0 220 0  0 20    0  0 0 0 20   20             010101010101  1400000001001000001   1
NWNW31299      0 0 0 0  0 20    0  0 0 0 20   20             010101010101  1400000000001000000   0
NWNW31301      0 0 0 20 0 20    0  0 0 0 20   00             010101010101  1400000000001000000   1
NWNW31336      0 0 0 0  0 2200 00  0 0 0 0  0 00             010101010101  1400000000001000000   1
NWNW31350      0 0 0 0  0 20    0  0 0 0 20   00             010101010101  1400000000001000000   0
NWNW31369      0 0 0 20 0 0     0  0 0 0 20   00             010101010101  1400000000001000000   1
NWNW31375      0 200 0  0 20    0  0 0 0 20   00             010101010101  1400000000001000000   1
NWNW31397      0 200 0  0 20    0  0 0 0 20   00             010101010101  1400000000001000000   1
NWNW31403      0 220 2220 0     0  0 0 0 20   00 12 2  2213  010101010101001400000011001000002   2
NWNW31424      220 0 0  2020    0  0 200 20   20             010101010101  1400010000001000001   3
NWNW31439      0 200 0  0 20    2200 0 0 20   20             010101010101  1400000000001000000   2
NWNW31446      22200 0  0 0     2000 202220   00  8    20    0101010101012 1400011000001000002   5
NWNW31467      200 0 0  0 0     0  0 0 0 20   00             010101010101  1400000000001000000   1
NWNW31478      0 0 0 0  0 20    2000 0 0 20   20             010101010101  1400000000001000000   1
NWNW31480      22220 0  0 0     0  0 0 0 220  00                           1400010001001000002   3
NWNW32033      0 0 0 0  0 20    2200 0 0 20   20             010101010101  1400000000001000000   1
NWNW32058      0 20200  0 20    0  0 0 2020   20             010101010101  1400000000001000000   3
NWNW32061      0 0 0 0  0 0     0  0 0 0 20   00             010101010101  1400000000001000000   0
NWNW32072      0 0 0 0  0 20    0  0 0 0 20   20             010101010101  1400000000001000000   0
NWNW32086      0 200 0  0 20    0  0 0 0 20   00             010101010101  1400000000001000000   1
NWNW32094      0 0 0 20 0 20    0  0 0 0 20   00             010101010101  1400000000001000000   1
NWNW32144      0 0 0 0  0 0     0  0 0 0 20   220            010101010101  1400000000001000000   1
NWNW32159      0 0 0 0  0 20    2000 0 0 0  0 00             010101010101  1400000000001000000   1
NWNW32160      0 200 0  200     2000 200 20   00             010101010101  1400000000001000000   4
NWNW32171      20200 222200     2200 220 0  0 00 10    2210  010111111211001400100010001000002   6
NWNW32193      20200 2220 0     0  0 200 0  0 00             010101010101  1400000010001000001   4
NWNW32213      0 200 0  0 20    0  0 0 0 20   20             010101010101  1400000000001000000   1
NWNW32221      0 200 0  0 0     0  0 0 0 20   00             010101010101  1400000000001000000   1
NWNW32249      0 0 0 0  0 20    0  0 0 0 20   00             010101010101  1400000000001000000   0
NWNW32265      0 0 0 0  0 20    2000 220 20   20             010101010101  1400100000001000001   2
NWNW32276      0 0 0 0  0 20    0  0 0 0 0  0 20             010101010101  1400000000001000000   0
NWNW32298      0 0 0 0  0 20    0  0 0 0 20   00             010101010101  1400000000001000000   0
NWNW32302      0 0 0 0  0 20    0  0 0 0 20   00             010101010101  1400000000001000000   0
NWNW32335      0 0 0 2222021020 2000 0 2020   00             010101010101  1400000010001000001 4.5
NWNW32347;K    0 200 0  200     2220 222220   22213 020      010101220101001411101000111110004   6
NWNW32368      0 0 0 0  0 20    0  0 0 0 20   220            010101010101  1400000000001000000   1
NWNW32379      0   0 0  0 0     2020 0 0 20   220            010101010101  140000000 001000000   2
NWNW32384      0 220 0  0 0     0  0 220 0  0 00                           1400100001001000002   2
NWNW32412      0 0 0 0  0 0     2000 0 2020   00             010101010101  1400000000001000000   2
NWNW32420      0 0 0 0  0 20    2220 0 0 20   20             010101010101  1401000000001000001   1
NWNW32438      0 0 0 20 0 20    0  0 0 0 20   20             010101010101  1400000000001000000   1
NWNW32445      0 0 0 0  0 0     0  0 0 0 20   00             010101010101  1400000000001000000   0
NWNW32466      0 200 20 0 20    0  0 0 0 20   00             010101010101  1400000000001000000   2
NWNW32481      0 0 0 0  0 20    2220 0 0 20   00             010101010101  1401000000001000001   1
NWNW32507      200 0 0  0 0     0  0 0 0 0  0 00             010101010101  1400000000001000000   1
NWNW32530      22200 2220 20    0  0 202220   20 66    22 7  010101120101001400011010111110003   5
NWNW32556      0 200 0  0 0     0  0 0 0 20   00             010101010101  1400000000001000000   1
NWNW32629      22200 20 0 20    2220 22200  2000 12    20    012222220101001401110000111111013   7
NWNW32634      0 0 0 0  0 0     0  0 0 0 20   00             010101010101  1400000000001000000   0
NWNW32641      0 200 20 0 20    0  0 0 0 20   00             010101010101  1400000000001000000   2
NWNW32662      0 200 0  2220    2200 0 200  0 20 10    2211  010111110112001400000100001000001   4
NWNW32673      0 0 0 2220 0     0  0 200 20   00             010101010101  1400000010001000001   2
NWNW32685      0 0 0 0  0 20    0  0 0 0 20   20             010101010101  1400000000001000000   0
NWNW32701      0 0 0 0  0 20    0  0 0 0 20   00             010101010101  1400000000001000000   0
NWNW32736      0 0 0 0  0 20    0  0 0 0 20   00             010101010101  1400000000001000000   0
NWNW32750      0 0 0 0  0 0     2000 0 0 20   00             010101010101  1400000000001000000   1
NWNW32769      0 0 0 0  0 0     0  0 0 0 20   00             010101010101  1400000000001000000   0
NWNW32775      0 220 0  0 0     0  0 220 20   220 8    0     010101222212001400100001001000002   3
NWNW32783      222222222222220 2220222222222  00  8    20    2323232223012 1411111111111111118  11
NWNW32797      0 0 0 0  0 20    0  0 0 0 20   20             010101010101  1400000000001000000   0
NWNW32803      0 0 0 0  0 20    0  0 0 0 20   20             010101010101  1400000000001000000   0
NWNW32811      0 200 0  0 0     0  0 0 0 20   00             010101010101  1400000000001000000   1
NWNW32824      0 0 0 0  0 0     0  0 0 0 20   00             010101010101  1400000000001000000   0
NWNW32839      0 0 220  0 20    220200 0 20   00  9    2211  010101010101001400000001001000001   3
NWNW32846      0 220 0  0 20    0  0 0 0 20   20             010101010101  1400000001001000001   1
NWNW32867      22200 0  2020    222202020220  00  8    20    010101110101001401010000001000002   8
NWNW32878      0 0 0 0  0 20    0  0 0 0 0  0 00             010101010101  1400000000001000000   0
NWNW32895      0 0 0 0  0 0     0  0 0 0 20   00             010101010101  1400000000001000000   0
NWNW32906      0 0 0 0  0 20    2000 200 220  00             010101010101  1400000000001000000   3
NWNW32919      0 0 220  0 20    0  0 0 0 20   00             010101010101  1400000001001000001   1
NWNW32927      2222222200 2200 00  220 0 0  0 00 10    0     010101222223301401010001111111113   6
NWNW32943      0 200 0  200     2000 20200  0 20             010101010101  1400000000001000000   5
NWNW32964      22200 2200 0     2200 0 0 220  00 11    20    010101110101001400010000001000001   5
NWNW32970      0   0 0  0 0     0  0 200 20   00             010101010101  140000000 001000000   1
NWNW33027      0 0 0 0  0 20    0  0 0 0 20   20             010101010101  1400000000001000000   0
NWNW33031      0 200 0  0 20    2000 0 0 20   00             010101010101  1400000000001000000   2
NWNW33043      0 0 0 0  0 0     0  0 0 0 20   20             010101010101  1400000000001000000   0
NWNW33055      0 200 0  0 0     2200 0 0 0  0 00             010101010101  1400000000001000000   2
NWNW33064      0 0 0 0  0 2200 00  0 0 0 0  0 00             010101010101  1400000000001000000   1
NWNW33107      0 200 0  0 20    0  0 0 0 0  0 20             010101010101  1400000000001000000   1
NWNW33115      0 0 0 0  0 0     2220 0 0 0  0 00             010101010101  1401000000001000001   1
NWNW33128      20220 0  0 20    0  0 0 0 220  20             010101010101  1400000001001000001   3
NWNW33130      0 0 0 0  0 20    2200 0 0 20   20             010101010101  1400000000001000000   1
NWNW33451      0 0 0 0  0 0     0  0 0 0 0  0 00             010101010101  1400000000001000000   0
NWNW33468      20200 0  0 20    2000 0 0 220  00             010101010101  1400000000001000000   4
NWNW34489      0 22222222221020 2220 0 2220   220 9    20    011212110101001401001111111111015 7.5
NWNW34504      0 0 0 0  0 0     0  0 0 0 20   20             010101010101  1400000000001000000   0
SOSO10034      0 200 0  0 20    0  0 0 0 20   00             010101010101  1400000000001000000   1
SOSO10041      0 200 0  202100 10  0 200 20   00             010101010101  1400000100001000001 3.5
SOSO10117      0 0 0 0  0 20    0  0 0 0 20   00             010101010101  1400000000001000000   0
SOSO10133:J    0 200 2220 2100 1222220 0 20   00 13 00       110101110101001401000110111100003 4.5
SOSO10140      20200 20 2221020 222220 0 20   20  5    0     220101230101001401000100001000002 6.5
SOSO10158      0 200 0  0 20    0  0 0 0 0  0 00             010101010101  1400000000001000000   1
SOSO10186      20200 0  2020    2000 0 200  0 20             010101010101  1400000000001000000   5
SOSO10194      0 0 0 0  0 20    0  0 0 0 20   20             010101010101  1400000000001000000   0
SOSO10201      0 0 0 0  0 20    0  0 0 0 20   20             010101010101  1400000000001000000   0
SOSO10222      20200 2220 20    0  0 200 20   20             010101010101  1400000010001000001   4
SOSO10236      0 0 0 0  0 20    0  0 0 0 0  0 00             010101010101  1400000000001000000   0
SOSO10248      0 0 0 0  0 20    2000 0 0 0  0 00             010101010101  1400000000001000000   1
SOSO10269      200 0 0  0 2200 00  0 0 0 20   00             010101010101  1400000000001000000   2
SOSO10275      0 0 0 0  0 0     2000 0 0 20   20             010101010101  1400000000001000000   1
SOSO10303      0 200 20 0 0     222220 0 20   00             010101010101  1401000000001000001   4
SOSO10311      0 22222220 21220 222222220220  22013    20    011111122201001401100011111111014 9.5
SOSO10324      200 0 0  2020    2000 0 0 0  0 00             010101010101  1400000000001000000   3
SOSO10378      0 0 0 0  0 0     0  0 0 0 0  0 00             010101010101  1400000000001000000   0
SOSO10395      0 0 0 0  0 0     0  0 0 0 20   00             010101010101  1400000000001000000   0
SOSO10400      0 220 0  0 0     0  0 0 0 20   20             010101010101  1400000001001000001   1
SOSO10413      0 200 0  200     222200 2020   00             010101010101  1401000000001000001   5
SOSO10421      0 0 0 0  0 20    0  0 0 0 20   00             010101010101  1400000000001000000   0
SOSO10437      0 0 0 0  0 20    0  0 0 0 20   00             010101010101  1400000000001000000   0
SOSO10449      0 200 0  0 20    0  0 0 2020   00             010101010101  1400000000001000000   2
SOSO10454      0 220 0  0 20    0  0 0 0 20   20             010101010101  1400000001001000001   1
SOSO10465                                                    010101010101  14          1 0000     
SOSO10476      0 0 0 0  0 0     0  0 0 0 0  0 20             010101010101  1400000000001000000   0
SOSO10498      0 0 0 0  0 20    0  0 0 0 20   20             010101010101  1400000000001000000   0
SOSO10506      2222222220 2220 22222222220  0 00 10    20    010122230101001401111111111111117   9
SOSO10519      0 200 0  0 22020 0  0 0 0 20   00             010101010101  1400000000001000000   2
SOSO10527      0 200 0  0 20    0  0 0 0 20   20             010101010101  1400000000001000000   1
SOSO10531      0 0 0 0  0 0     0  0 0 0 20   00             010101010101  1400000000001000000   0
SOSO10543      0 220 0  0 20    2200 0 0 220  00 13 2  20    010101210101001400000001001000001   3
SOSO10570      2220220  0 20    2220 0 2220   20 12    2212  010101010101001401011001111100004   5
SOSO10588      0 0 0 20 0 0     2200 0 2020   20             010101010101  1400000000001000000   3
SOSO10592      0 200 0  0 20    222220 0 20   20             010101010101  1401000000001000001   3
SOSO10628      0 0 0 0  0 0     0  0 0 0 20   00             010101010101  1400000000001000000   0
SOSO10630      0 200 0  0 21020 0  0 0 0 0  0 00             010101010101  1400000000001000000 1.5
SOSO10656      2222222222221020 2222222220  0 22213    2213  01121223220100141111111111111111810.5
SOSO10674      0 2222222222110 00  22222220   00 13 2  2213 2010111112211001401101111111110006 7.5
SOSO10689      220 0 0  0 0     0  0 0 0 0  0 20             010101010101  1400010000001000001   1
SOSO10723      0 220 20 0 0     0  0 0 0 20   00             010101010101  1400000001001000001   2
SOSO10735      0 0 0 20 0 20    0  0 0 0 20   20             010101010101  1400000000001000000   1
SOSO10768      0 200 0  0 20    2000 0 0 20   20             010101010101  1400000000001000000   2
SOSO10779      0 0 0 0  0 20    0  0 0 0 0  0 00             010101010101  1400000000001000000   0
SOSO10784      0 220 0  0 20    0  0 0 0 0  0 00             010101010101  1400000001001000001   1
SOSO10796      0 0 200  0 0     0  0 0 0 20   00             010101010101  1400000000001000000   1
SOSO108048H1A  22200 0  200     2222022200  2022014  22      120101121101001401110000111111013   9
SOSO10838      0 0 0 0  0 20    0  0 0 0 20   00             010101010101  1400000000001000000   0
SOSO10845      0 200 0  0 20    0  0 0 0 0  0 00             010101010101  1400000000001000000   1
SOSO10853      0 200 0  0 0     2200 0 0 20   20             010101010101  1400000000001000000   2
SOSO10881      0 0 0 0  0 20    0  0 200 20   20             010101010101  1400000000001000000   1
SOSO108997G    0 0 0 0  0 20    2200 0 2220   22213 020      010101010101001410001000001000002   3
SOSO10905      0 0 0 0  0 20    0  0 0 0 20   20             010101010101  1400000000001000000   0
SOSO10918      0 0 0 0  0 20    0  0 0 0 20   00             010101010101  1400000000001000000   0
SOSO10926      0 200 2222020    0  0 0 0 0  0 20             010101010101  1400000010001000001   3
SOSO10959      0 200 0  0 20    2200 0 0 20   20             010101010101  1400000000001000000   2
SOSO10960      0 0 0 0  0 20    2000 0 0 0  0 20             010101010101  1400000000001000000   1
SOSO10993      0 200 0  2220    0  0 0 20220  20             010101010101  1400000100001000001   4
SOSO11001    5E22220 0  0 20    0  0 0 0 220  00 12    2213 0010101110101001400010001001000002   3
SOSO11050      0 0 0 0  0 0     0  0 0 0 20   00             010101010101  1400000000001000000   0
SOSO11069      0 220 0  0 20    0  0 0 0 20   00             010101010101  1400000001001000001   1
SOSO11102      200 0 0  0 0     0  0 0 0 0  0 20             010101010101  1400000000001000000   1
SOSO11110      200 0 0  0 0     0  0 0 0 20   00             010101010101  1400000000001000000   1
SOSO11135      0 220 0  0 20    0  0 0 0 20   00             010101010101  1400000001001000001   1
SOSO11147      0 200 0  0 20    2000 0 0 20   20             010101010101  1400000000001000000   2
SOSO11151      0 200 0  0 20    0  0 0 0 20   00             010101010101  1400000000001000000   1
SOSO11196      0 0 0 0  0 0     0  0 0 0 0  0 00             010101010101  1400000000001000000   0
SOSO112081A    220 0 0  2020    2220 0 0 0  0 00 13 0        010101010101001401010000001000002   3
SOSO11216      0 200 0  0 0     2000 0 0 0  0 00             010101010101  1400000000001000000   2
SOSO11229      0 200 2220 20    2200 0 0 222  00 13 2  20    010101010101001410000010001000002   4
SOSO11234      0 200 0  200     0  0 0 0 220  00             010101010101  1400000000001000000   3
SOSO11241      0 0 0 0  0 0     0  0 0 0 20   00             010101010101  1400000000001000000   0
SOSO11257      22220 2220 0     0  220 2220   00  9    0     010101012201001401011011111110005   5
SOSO11262      0 0 0 0  0 0     0  0 0 2220   00             010101010101  1400001000001000001   1
SOSO11273      0 0 0 0  0 20    0  0 0 0 20   00             010101010101  1400000000001000000   0
SOSO11290      0 0 0 0  0 0     2200 0 2020   00             010101010101  1400000000001000000   2
SOSO11305      0 22220  0 20    0  0 0 0 20   20             010101010101  1400000001001000001   2
SOSO11318      0 0 0 0  0 20    2000 0 0 20   00             010101010101  1400000000001000000   1
SOSO11326      0 0 0 0  0 20    0  0 0 0 20   20             010101010101  1400000000001000000   0
SOSO11332      0 0 0 0  0 20    2220 0 200  0 20             010101010101  1401000000001000001   2
SOSO11344      20200 20 0 20    0  0 0 0 20   20             010101010101  1400000000001000000   3
SOSO11359      2220220  0 20    2220 220 20   00  7    20    012222132201001401110001111111114   5
SOSO11387      0 0 0 0  0 20    2220 0 0 20   20             010101010101  1401000000001000001   1
SOSO11393      0 200 0  0 20    0  0 0 0 20   20             010101010101  1400000000001000000   1
SOSO11407      0 200 0  0 20    0  0 0 0 20   20             010101010101  1400000000001000000   1
SOSO11415      22220 2222221020 22222220 0  0 00  5    2212  0101011123232 1401110111111111116 7.5
SOSO11430      0 0 0 0  0 20    0  0 0 0 0  0 00             010101010101  1400000000001000000   0
SOSO11442      0 200 0  0 20    0  0 0 0 20   00             010101010101  1400000000001000000   1
SOSO11463      22200 0  0 21020 2020 0 0 20   20             010101010101  1400010000001000001 3.5
SOSO11474      20200 0  0 20    2200 0 200  0 00             010101010101  1400000000001000000   4
SOSO11491      0 0 0 20 0 0     2000 200 20   00             010101010101  1400000000001000000   3
SOSO11504      0 220 0  0 21020 0  0 0 0 20   00             010101010101  1400000001001000001 1.5
SOSO11520      200 0 20 0 20    2020 220 0  2020             010101010101  1400100000001000001   5
SOSO11538      0 200 0  0 0     0  0 0 0 20   00             010101010101  1400000000001000000   1
SOSO115532B    0 220 0  0 20    22222220 0  2000 14          210101212301001401100001111110113   5
SOSO11581      22200 0  0 20    2000 0 2220   00 66    0     010101010101001400011000001000002   4
SOSO11599      0 0 0 0  0 20    0  0 0 0 20   20             010101010101  1400000000001000000   0
SOSO11600      0 0 0 0  0 0     0  0 0 0 220  00             010101010101  1400000000001000000   1
SOSO11613      22200 0  0 20    2200 200 20   20 12    20    010121010101001400010000001000001   4
SOSO11621      0 0 0 0  200     2000 0 0 20   00             010101010101  1400000000001000000   2
SOSO11637      0 0 0 0  0 20    0  0 0 0 20   00             010101010101  1400000000001000000   0
SOSO116498H    0 200 0  2220    0  0 0 2220   22214          010101010101001410001100111100003   4
SOSO11654      0 0 0 0  0 0     2200 0 0 0  0 00             010101010101  1400000000001000000   1
SOSO11665      20200 2220 20    2220 200 20   00 13 2  2213 2010101110101001401000010001000002   5
SOSO11676      0 0 0 0  0 0     0  0 0 0 0  0 00             010101010101  1400000000001000000   0
SOSO11682      0 0 0 0  0 20    0  0 0 0 20   00             010101010101  1400000000001000000   0
SOSO11717      200 0 0  0 20    0  0 0 0 20   00             010101010101  1400000000001000000   1
SOSO11733      0 200 0  2220    2200 0 2220   20 12    0     222222120101001400001100001000002   4
SOSO117588H5E  0 22222222222221 222222222222  20 13 022      012301111111001411101111111110117  10
SOSO11772      0 0 0 0  0 20    0  0 0 0 20   20             010101010101  1400000000001000000   0
SOSO11786      0 220 0  0 0     2000 0 0 0  0 00             010101010101  1400000001001000001   2
SOSO11794      0 0 0 0  0 20    2000 0 0 20   00             010101010101  1400000000001000000   1
SOSO11819      0 0 0 0  0 0     0  0 0 0 20   20             010101010101  1400000000001000000   0
SOSO11864      0 0 0 0  0 0     0  0 0 0 20   00             010101010101  1400000000001000000   0
SOSO11888      0 222220 0 2200 0200200 2020   20             010101010101  1400000001001000001   7
SOSO11892      0 0 0 2220 20    0  0 0 0 20   20             010101010101  1400000010001000001   1
SOSO11903      0 220 20 0 20    22222200 0  0 20  5    2212  010101210101001401000001001000002   5
SOSO11911      0 0 0 0  0 20    0  0 0 0 20   00             010101010101  1400000000001000000   0
SOSO11924      0 200 0  0 20    0  0 0 0 20   00             010101010101  1400000000001000000   1
SOSO11946      0 0 0 0  0 20    0  0 0 0 20   00             010101010101  1400000000001000000   0
SOSO11952      200 0 0  0 20    0  0 0 0 20   20             010101010101  1400000000001000000   1
SOSO11967      22200 0  0 20    222220 22220  22211    2211  010101010101001411011000111100004   7
SOSO11978      0 200 0  0 20    0  0 0 0 222  20             010101010101  1410000000001000001   2
SOSO11980      0 200 0  0 22020 0  0 0 0 20   20             010101010101  1400000000001000000   2
SOSO11995      0 0 0 0  0 20    0  0 0 0 20   00             010101010101  1400000000001000000   0
SOSO12013      0 0 0 0  0 0     0  0 0 0 0  0 00             010101010101  1400000000001000000   0
SOSO12021      0 0 0 0  0 20    0  0 0 0 20   20             010101010101  1400000000001000000   0
SOSO12037      2222200  220     222222022220  00 13 2  0     232223232301021401011101111111115   9
SOSO12049      0 22220  0 0     0  0 0 2220   00 10    0     0101222322222 1400001001001000002   3
SOSO12054      20220 2222020    2222222220  0 22012    2214  010101010101001401101011111100005   9
SOSO12065      0 200 0  0 20    0  0 0 0 20   00             010101010101  1400000000001000000   1
SOSO12076      0 20220  2220    2000 0 0 0  0 00 10    20    010101012223001400000101001000002   4
SOSO12082      0 0 0 0  0 20    0  0 0 0 20   20             010101010101  1400000000001000000   0
SOSO12098      0 0 0 0  0 20    2000 0 0 20   20             010101010101  1400000000001000000   1
SOSO12114      0 0 0 0  0 20    0  0 0 0 20   20             010101010101  1400000000001000000   0
SOSO12122      0 200 0  0 0     0  0 200 20   20             010101010101  1400000000001000000   2
SOSO12150      0 0 0 0  0 0     0  0 0 0 0  0 00             010101010101  1400000000001000000   0
SOSO12169      0 220 0  0 20    0  0 0 0 20   20             010101010101  1400000001001000001   1
SOSO12175      2020200  0 20    0  0 0 0 20   00             010101010101  1400000000001000000   3
SOSO12183      0 0 0 0  0 20    0  0 0 0 20   220            010101010101  1400000000001000000   1
SOSO12197      0 0 0 0  0 0     0  0 0 0 0  0 20             010101010101  1400000000001000000   0
SOSO12209      220 0 0  0 0     2000 0 220  0 00  7    20    110101120101001400011000001000002   3
SOSO12225      2222222222222221 222222222222  22211    0     010101010101001411111111111100008  12
SOSO12240      0 200 2220 20    0  0 0 0 20   20             010101010101  1400000010001000001   2
SOSO12272    8H0 200 2220 21020 22222220 20   20 12    2213 0010112231201001401100010111111113 5.5
SOSO12286      200 0 0  0 0     0  0 0 0 20   00             010101010101  1400000000001000000   1
SOSO12306      0 0 0 0  0 20    0  0 0 0 20   20             010101010101  1400000000001000000   0
SOSO12319      0 0 0 0  0 20    0  0 0 0 20   00             010101010101  1400000000001000000   0
SOSO12327      0 0 0 0  0 0     0  0 0 0 0  0 00             010101010101  1400000000001000000   0
SOSO12331      0 0 0 0  0 20    0  0 0 0 0  0 20             010101010101  1400000000001000000   0
SOSO12364      0 0 0 0  0 0     0  0 0 0 20   00             010101010101  1400000000001000000   0
SOSO12370      0 0 0 0  0 20    0  0 0 0 20   00             010101010101  1400000000001000000   0
SOSO12392      20200 0  2220    2000 0 0 20   00             010101010101  1400000100001000001   4
SOSO12434      0 0 200  2020    0  0 0 2020   00             010101010101  1400000000001000000   3
SOSO12441      0 0 0 0  0 0     0  0 0 0 0  0 00             010101010101  1400000000001000000   0
SOSO12457      0 220 20 0 0     0  0 0 0 20   00             010101010101  1400000001001000001   2
SOSO12462      2222220  2221221 20222222220   222 6    20    011111110101001411111101111100007 9.5
SOSO12473      0 200 20 0 20    0  0 0 0 20   20             010101010101  1400000000001000000   2
SOSO12503      0 0 0 0  0 20    0  0 0 0 20   20             010101010101  1400000000001000000   0
SOSO12511      0 0 0 0  0 20    0  0 0 0 20   20             010101010101  1400000000001000000   0
SOSO12524      0 200 0  0 20    0  200 0 20   00             010101010101  1400000000001000000   2
SOSO12539      0 0 220  0 22220 0  0 0 0 0  0 22011    0     010101010101101400000001001000001   3
SOSO12546      0 200 0  0 20    2220 0 200  0 20             010101010101  1401000000001000001   3
SOSO12552      0 0 0 0  0 0     0  0 0 0 0  0 00             010101010101  1400000000001000000   0
SOSO12567      0 0 0 0  0 20    0  0 0 0 20   00             010101010101  1400000000001000000   0
SOSO12578    <L0 0 220  0 0     222200 22220  00 10    2212 0010123120101001401001001111111113   5
SOSO12580      0 200 0  0 20    0  0 0 0 20   00             010101010101  1400000000001000000   1
SOSO12595      200 0 0  0 0     2200 0 0 20   20             010101010101  1400000000001000000   2
SWSW20010      0 200 0  0 0     0  0 0 0 0  0 00             010101010101  1400000000001000000   1
SWSW20035      20220 2220 0     0  0 220 0  0 00 10    0     010101011101001400100011111100003   4
SWSW20051      0 0 0 0  0 2200 00  0 0 0 0  0 00             010101010101  1400000000001000000   1
SWSW20068      0 0 0 2222020    2220 0 0 0  0 00 12    2212  010101231101001401000010001000002   3
SWSW20079      0 0 0 2220 0     0  0 0 200  20000            010101010101  1400000010001000001   3
SWSW20084      0 200 0  0 2200 00  0 0 0 20   20             010101010101  1400000000001000000   2
SWSW20096      220 0 0  0 0     202222222222  00 11    20    012222222201001411111000111111015   6
SWSW20103      200 0 20 0 20    2000 200 20   00             010101010101  1400000000001000000   4
SWSW20111      0 0 0 0  0 20    0  0 0 0 20   20             010101010101  1400000000001000000   0
SWSW20139      0 200 2220 2200 02000 222020   20 12 2  0     010101010101001400100010001000002   6
SWSW20146      0 0 0 0  0 20    0  0 0 0 20   00             010101010101  1400000000001000000   0
SWSW20167      200 0 0  0 0     2220 0 220  2020  7    0     012201230121001401001000001000002   4
SWSW20180      0 0 0 0  0 2200 00  0 0 22220  00             010101010101  1400001000001000001   3
SWSW20195      0 0 0 0  0 0     0  0 0 0 0  0 00             010101010101  1400000000001000000   0
SWSW20228      0 22220  0 20    2000 0 0 0  0 00             010101010101  1400000001001000001   3
SWSW20230      0 0 0 0  0 0     2020 0 0 0  0 20             010101010101  1400000000001000000   1
SWSW20242      0 0 0 0  0 0     0  0 0 0 0  0 00             010101010101  1400000000001000000   0
SWSW20263      22220 20 2222222 2222222220  0 00 12    2212  010101210101021401111101111100006   9
SWSW20274      0 0 0 0  0 0     0  0 0 0 0  0 00             010101010101  1400000000001000000   0
SWSW20289      2020200  0 20    0  200 0 220  00             010101010101  1400000000001000000   5
SWSW202914D    0 0 0 0  0 0     20222220 20   00 14          010111111111111401100000001000002   3
SWSW20309      0 200 2220 20    0  0 0 0 20   20             010101010101  1400000010001000001   2
SWSW20325      0 200 0  0 20    0  0 0 0 20   00             010101010101  1400000000001000000   1
SWSW20333      0 0 0 0  0 20    0  0 0 0 20   00             010101010101  1400000000001000000   0
SWSW20358      0   0 0  0 20    2000 200 20   20             010101010101  140000000 001000000   2
SWSW20394      2222220  0 0     0  0 0 22222  222 8    2210  0101012323222 1410011001111111114   6
SWSW20406      200 0 0  0 0     0  0 0 0 0  0 00             010101010101  1400000000001000000   1
SWSW20419      0 0 0 0  0 20    0  0 0 0 20   00             010101010101  1400000000001000000   0
SWSW20427      200 0 0  0 20    0  0 0 0 20   00             010101010101  1400000000001000000   1
SWSW20431      200 0 20 0 0     2220 0 0 20   00             010101010101  1401000000001000001   3
SWSW20443      0 220 0  0 0     0  0 0 0 20   00             010101010101  1400000001001000001   1
SWSW20455      0 200 0  0 0     0  0 0 0 0  0 00             010101010101  1400000000001000000   1
SWSW20464      0 0 0 0  0 20    2000 200 0  0 00             010101010101  1400000000001000000   2
SWSW20492      0 200 0  0 20    2000 0 0 20   00             010101010101  1400000000001000000   2
SWSW20500      0 200 20 0 20    0  0 0 0 20   00             010101010101  1400000000001000000   2
SWSW20521      200 0 0  0 20    0  0 0 0 20   00             010101010101  1400000000001000000   1
SWSW20549      222022222200     2200 0 2220   00  7    0     010112010101001400011011111110004   7
SWSW20565      0 0 0 2222222022 2220 0 220  22222 7    22 8  232323        1411001110111111115   7
SWSW20582      20200 0  0 20    2000 0 0 20   00             010101010101  1400000000001000000   3
SWSW20598      0 0 0 0  0 20    0  0 0 0 20   00             010101010101  1400000000001000000   0
SWSW20614      0 200 0  0 0     0  0 0 0 0  0 00             010101010101  1400000000001000000   1
SWSW20622      22200 0  0 0     222220 2020   00 12    20    110111230101001401010000001000002   5
SWSW20650      22220 0  0 0     0  0 0 0 20   00 11    2212  010101010101001400010001001000002   2
SWSW20697      0 0 0 0  0 0     0  0 0 0 20   00             010101010101  1400000000001000000   0
SWSW20708      0 220 2220 20    0  0 0 0 20   20  8    2214  010101210101001400000011001000002   2
SWSW20716      0 200 0  0 20    0  0 0 0 0  0 20             010101010101  1400000000001000000   1
SWSW20741      0 0 0 0  0 0     0  0 202220   00             010101010101  1400001000001000001   2
SWSW20757      200 0 0  220     2200 0 20222  00  6    20    011212220101001410000100001000002   5
SWSW20762      0 0 0 0  0 0     0  0 0 0 20   00             010101010101  1400000000001000000   0
SWSW20773      0 0 0 0  0 20    0  0 0 0 20   00             010101010101  1400000000001000000   0
SWSW20790      0 200 0  0 20    0  0 0 0 20   20             010101010101  1400000000001000000   1
SWSW20805      0 0 0 0  0 0     0  0 0 0 20   00             010101010101  1400000000001000000   0
SWSW20818      200 0 0  0 0     0  0 0 0 20   00             010101010101  1400000000001000000   1
SWSW20826      200 0 0  0 0     0  0 0 0 0  0 00             010101010101  1400000000001000000   1
SWSW20832      0 200 0  0 20    0  0 0 0 0  0 00             010101010101  1400000000001000000   1
SWSW20844      0 0 0 0  0 20    0  0 0 0 20   00             010101010101  1400000000001000000   0
SWSW20859      0 200 0  0 20    0  0 0 0 20   20             010101010101  1400000000001000000   1
SWSW20893      22220 0  0 20    2020 0 0 20   20 10    20    111101010101001400010001001000002   3
SWSW20920      200 0 0  0 20    0  0 0 0 0  0 00             010101010101  1400000000001000000   1
SWSW20938      0 0 0 20 0 20    0  0 0 0 20   20             010101010101  1400000000001000000   1
SWSW20945      0 0 0 0  0 20    0  0 0 0 20   00             010101010101  1400000000001000000   0
SWSW20953      22200 2222021221 202202020220  00 66    22 8  120122233101001400010110111111113 9.5
SWSW209664D    22220 0  0 20    0  0 0 0 0  0 00 14          010101010123001400010001001000002   2
SWSW20981      0 0 0 20 0 0     0  0 0 0 20   00             010101010101  1400000000001000000   1
SWSW21015      0 0 0 0  0 0     0  0 0 0 0  0 20             010101010101  1400000000001000000   0
SWSW21028      0 0 0 0  0 0     2000 20220  0 20             010101010101  1400001000001000001   3
SWSW21030      20200 0  0 0     202200 0 0  0 00             010101010101  1400000000001000000   4
SWSW21042      0 0 0 0  0 0     0  0 0 0 20   00             010101010101  1400000000001000000   0
SWSW21074      22200 2220 20    0  0 220 20   20 11    0     010101010101001400110010111100003   4
SWSW21091      0 200 0  0 0     2000 200 0  0 00             010101010101  1400000000001000000   3
SWSW21157      22200 0  0 21220 0  222222220  22210    0     011111121211001411111000111111015 7.5
SWSW21162      0 200 0  0 0     0  0 0 200  0 00             010101010101  1400000000001000000   2
SWSW21185      2220200  0 20    0  0 0 0 20   20             010101010101  1400010000001000001   3
SWSW21202      20200 2220 0     0  0 0 0 20   00             010101010101  1400000010001000001   3
SWSW21247      0 0 0 0  0 0     2000 20220  0 00             010101010101  1400001000001000001   3
SWSW21251      0 0 0 0  0 20    0  0 0 0 20   00             010101010101  1400000000001000000   0
SWSW21304      0 0 0 0  0 0     2200 0 0 20   00             010101010101  1400000000001000000   1
SWSW21353      22200 0  0 20    0  200 0 0  0 00             010101010101  1400010000001000001   3
SWSW21366      0 200 0  0 20    0  0 0 0 0  0 00             010101010101  1400000000001000000   1
SWSW21377      0 0 0 0  0 0     0  0 0 0 20   00             010101010101  1400000000001000000   0
SWSW21381      0 0 0 0  0 20    0  0 0 0 20   20             010101010101  1400000000001000000   0
SWSW21401      0 0 0 0  0 20    2000 0 0 0  0 20             010101010101  1400000000001000000   1
SWSW21436      0 0 0 0  0 20    0  0 0 0 20   00             010101010101  1400000000001000000   0
SWSW21450      0 0 0 0  0 20    0  0 0 0 0  0 00             010101010101  1400000000001000000   0
SWSW21469      0 0 0 0  0 0     0  0 0 0 20   00             010101010101  1400000000001000000   0
SWSW21483      0 0 0 0  0 20    0  0 0 0 20   20             010101010101  1400000000001000000   0
SWSW21526      0 0 0 0  0 20    0  0 0 0 20   00             010101010101  1400000000001000000   0
SWSW215326F    2022202202220    0  0 0 0 0  0 22014          110101110101001400000101001000002   6
SWSW21544      0 200 0  200     22020222020   00  7    0     010101011201001400100000001000001   6
SWSW21559      0 0 0 0  0 20    0  0 0 0 0  0 00             010101010101  1400000000001000000   0
SWSW21571      0 0 0 0  0 2120 00  0 0 0 0  0 00             010101010101  1400000000001000000 0.5
SWSW21587      0 0 0 0  0 20    0  0 0 0 0  0 00             010101010101  1400000000001000000   0
SWSW21606      0 0 0 0  200     2200 202020   222 6    22 6  010101010101001410000000001000001   5
SWSW21619      0 200 0  0 20    2000 0 0 20   00             010101010101  1400000000001000000   2
SWSW21627      0 22200  0 20    22222200 0  0 00 12    2212  210101010101001401000001001000002   5
SWSW21643      0 0 0 0  0 20    22020200 0  0 00             010101010101  1400000000001000000   3
SWSW21655      0 0 0 0  0 20    0  0 0 0 20   20             010101010101  1400000000001000000   0
SWSW21670      0 0 0 0  0 20    0  0 0 0 20   00             010101010101  1400000000001000000   0
SWSW21688      0 20200  2220    222220 2220   20 66    0     010101010101001401001100111100003   6
SWSW21739      200 0 2220 0     22020220 20   00 13 2  0     230101230101001400100010001000002   5
SWSW21752      0 200 0  0 20    2220 200 20   00             010101010101  1401000000001000001   3
SWSW21795      0   0 0  0 0     0  0 0 0 0  0 00             010101010101  140000000 001000000   0
SWSW21800      20200 0  2020    0  200 2020   220            010101010101  1400000000001000000   6
SWSW21898      0 200 0  0 20    0  0 0 0 0  0 00             010101010101  1400000000001000000   1
SWSW21909      0 0 0 0  0 20    0  0 0 0 20   20             010101010101  1400000000001000000   0
SWSW21917      222220222202220 022022220 220  20  8    20    0112011101012 1401110011111110005  10
SWSW21925      2020200  2020    0  0 0 2020   20             010101010101  1400000000001000000   5
SWSW21933      0 0 0 0  0 20    0  0 0 0 20   20             010101010101  1400000000001000000   0
SWSW21986      0 0 0 0  0 20    0  0 0 0 20   20             010101010101  1400000000001000000   0
SWSW22019      0 200 0  0 0     0  0 0 0 20   20             010101010101  1400000000001000000   1
SWSW22031      0 0 0 0  0 0     0  0 0 0 20   00             010101010101  1400000000001000000   0
SWSW22142      0 200 0  2020    22222200 20   20             010101010101  1401000000001000001   5
SWSW22189      0 0 0 0  0 20    0  0 0 0 20   00             010101010101  1400000000001000000   0
SWSW22191      0 200 0  0 20    0  0 0 0 20   00             010101010101  1400000000001000000   1
SWSW22224      0 0 0 0  0 20    0  0 0 0 20   00             010101010101  1400000000001000000   0
SWSW22252      0 200 0  2220    0  0 0 2220   00  1    2214  0101010121012 1400001100001000002   3
SWSW22267      0 0 0 0  0 0     0  0 0 0 20   00             010101010101  1400000000001000000   0
SWSW22280      200 0 0  0 0     0  200 0 20   00             010101010101  1400000000001000000   2
SWSW22295      20200 0  0 0     0  0 200 0  0 00             010101010101  1400000000001000000   3
SWSW22313      0 200 2220 20    2020 0 0 20   00             010101010101  1400000010001000001   3
SWSW22398      200 0 0  0 20    0  0 0 0 20   20             010101010101  1400000000001000000   1
SWSW22402      0 200 20 0 20    0  0 0 0 20   20             010101010101  1400000000001000000   2
SWSW22410      0 0 0 0  0 20    0  0 0 0 20   00             010101010101  1400000000001000000   0
SWSW22451      0 220 0  0 0     2200 0 0 220  22010    0     010101010101001400000001001000001   4
SWSW22468      0 0 0 0  0 20    0  0 0 0 20   00             010101010101  1400000000001000000   0
SWSW22484      0 200 0  0 20    0  0 0 0 20   00             010101010101  1400000000001000000   1
SWSW225179I    22200 0  0 0     2220 0 0 20   20 14 00       011212010101001401010000001000002   3
SWSW22533      0 220 0  0 0     0  0 0 0 220  00             010101010101  1400000001001000001   2
SWSW22558      0 200 0  0 0     0  0 0 0 20   00             010101010101  1400000000001000000   1
SWSW22594      0 0 0 0  0 0     2000 0 0 20   00             010101010101  1400000000001000000   1
SWSW22605      0 0 0 0  0 0     0  0 0 0 20   00             010101010101  1400000000001000000   0
SWSW22659      22200 0  0 20    222220 0 222  00  5    20    010101211112001411010000111110003   5
SWSW22712      0 0   0    20    0    0                       010101010101  14  00  0   1 00000   0
SWSW22720      0 0 0 0  0 20    0  0 200 20   00             010101010101  1400000000001000000   1
SWSW22766      22200 0  0 20    2200 222020   00 12    2213 2010101010101001400110000001000002   5
SWSW22781      0 0 0 0  0 20    0  0 0 0 20   00             010101010101  1400000000001000000   0
SWSW22850      200 0 0  0 0     202200 200  0 00             010101010101  1400000000001000000   4
SWSW22869      0   0 0  2020    0  0 220 20   20             010101010101  140010000 001000001   2
SWSW22875      0 200 20 0 0     0  0 0 0 0  0 00             010101010101  1400000000001000000   2
SWSW22883      220 220  0 0     2220 202220   22266    0     010101010101001411011001111100005   6
SWSW22897      22220 0  200     2200 2020220  00  9    2210  010101010101001400010001001000002   7
SWSW22929      0 0 0 0  0 20    222220 0 20   20             010101010101  1401000000001000001   2
SWSW22957      0 0 0 0  0 0     22022200 0  0 00             010101010101  1401000000001000001   3
SWSW22973      22200 20 0 0     0  0 0 2220   00 12    20    111123011111001400011000001000002   4
SWSW22990      0 200 0  0 20    0  0 0 0 20   00             010101010101  1400000000001000000   1
SWSW23008      0 200 0  0 20    0  0 0 0 20   20             010101010101  1400000000001000000   1
SWSW23016      22200 0  0 21020 0  0 0 0 20   20             010101010101  1400010000001000001 2.5
SWSW23029      22200 0  0 0     2200 0 200  0 22012    20    0101012201012 1400010000001000001   5
SWSW23041      0 0 0 0  0 20    0  0 0 0 20   00             010101010101  1400000000001000000   0
SWSW23057      0 0 0 0  0 20    200220 0 0  0 00             010101010101  1401000000001000001   2
SWSW23062      0 0 0 20 0 20    0  0 0 0 20   20             010101010101  1400000000001000000   1
SWSW23085      20200 2220 0     0  0 0 0 20   00             010101010101  1400000010001000001   3
SWSW23090      0 0 0 0  0 20    0  0 0 0 20   00             010101010101  1400000000001000000   0
SWSW23109      0   0 0  0 20    0  0 0 0 20   00             010101010101  140000000 001000000   0
SWSW23125      0 200 0  0 0     0  0 0 0 0  0 00             010101010101  1400000000001000000   1
SWSW23133      0 200 0  0 20    0  0 0 0 220  220            010101010101  1400000000001000000   3
SWSW23140      200 0 0  0 0     20020200 20   00             010101010101  1400000000001000000   4
SWSW23172      202222222220     22222202220   22066    22 5  012201120101001401001111111111015  10
SWSW23269      2220220  2220    0  0 222220   00 12    20    211122111101001400111101111110005   6
SWSW23303      22200 2200 20    2200 202020   20  7    0     010101010101001400010000001000001   6
SWSW23339      0 0 0 0  0 0     0  0 0 0 0  0 00             010101010101  1400000000001000000   0
SWSW23346      0 0 0 0  0 20    0  0 0 0 20   20             010101010101  1400000000001000000   0
SWSW23352      0 0 0 0  0 0     0  0 0 0 20   20             010101010101  1400000000001000000   0
SWSW23380      0 0 0 0  0 20    0  0 0 0 20   20             010101010101  1400000000001000000   0
SWSW23400      0 200 0  0 20    2200 0 0 0  0 00             010101010101  1400000000001000000   2
SWSW23413      0 200 0  0 0     0  0 0 0 20   00             010101010101  1400000000001000000   1
SWSW23437      0 0 0 0  0 20    0  0 0 0 20   20             010101010101  1400000000001000000   0
SWSW23454      0 0 0 0  0 20    20022220 0  0 22211    0     2121212121012 1411100000111100003   4
SWSW23476      0 200 2220 0     2220 200 20   00 14 2  20    010101210101001401000010001000002   4
SWSW23482      0 200 0  0 0     0  0 0 0 20   20             010101010101  1400000000001000000   1
SWSW23498      0 0 0 0  0 20    0  0 0 0 20   20             010101010101  1400000000001000000   0
SWSW23519      200 0 0  0 20    2000 0 0 20   20             010101010101  1400000000001000000   2
SWSW23527      0 0 0 0  0 0     0  0 0 0 0  0 00             010101010101  1400000000001000000   0
SWSW23543      0 0 0 0  0 20    0  0 0 0 20   20             010101010101  1400000000001000000   0
SWSW23555      0 0 0 0  0 0     0  0 0 0 0  0 00             010101010101  1400000000001000000   0
SWSW23564      0 200 0  0 20    200200 0 20   20             010101010101  1400000000001000000   3
SWSW23607      200 0 0  0 0     0  0 0 0 20   00             010101010101  1400000000001000000   1
SWSW23630      0 0 0 0  0 0     0  0 0 0 20   00             010101010101  1400000000001000000   0
SWSW23663      0 200 0  0 20    0  0 0 0 0  0 20             010101010101  1400000000001000000   1
SWSW23689      0 0 0 0  0 20    0  0 0 0 20   00             010101010101  1400000000001000000   0
SWSW23702      0 0 0 0  200     2000 0 0 0  0 00             010101010101  1400000000001000000   2
SWSW23710      0 0 0 0  0 20    0  0 0 0 20   00             010101010101  1400000000001000000   0
SWSW23735      22200 2222221020 22222202020   22011    2213 21111111222112 1401010110111111014 9.5
SWSW23751      0 0 0 0  0 20    2020 0 0 20   20             010101010101  1400000000001000000   1
SWSW23768      0 200 0  0 20    2200 0 220  0 20 13 2  20    012122011101001400001000001000001   3
SWSW23796      200 0 0  0 0     0  0 0 0 20   00             010101010101  1400000000001000000   1
SWSW23812      0 0 0 0  0 20    0  0 220 20   22013    2213  010101010101001400100000001000001   2
SWSW23838      220 0 0  0 20    0  0 200 20   20             010101010101  1400010000001000001   2
SWSW23845      0 0 0 0  0 2100 0202200 0 20   00             010101010101  1400000000001000000 2.5
