EAEA400151800000000000000  00                         2     000                        000000000 0
EAEA4005618                                                                            0 0     0  
EAEA4010818000000002000000000                               000000000                  000000000 1
EAEA401291800000000000000  00                         2     000                        000000000 0
EAEA401411800000000000000  00                         2     000                        000000000 0
EAEA4015718                                                                            0 0     0  
EAEA401851800000000000000  00                         2     000                        000000000 0
EAEA402351802000000000000  00                    2    2     000                        000000000 1
EAEA402471800000000000000  00                         2     000                        000000000 0
EAEA402511800000000000000  00                         2     000                        000000000 0
EAEA403041800000000000000  00                         2     000                        000000000 0
EAEA403121800000000000000  00                         2     000                        000000000 0
EAEA403531800000000000000  00                         2     000                        000000000 0
EAEA4039918000000000000000000                         0     000000000                  000000000 0
EAEA404141800000000000000  00                         2     000                        000000000 0
EAEA404221800000000 00000  00                         2     000                        000000000 0
EAEA4043618000000000000000000                         0     000000000                  000000000 0
EAEA404501800000000000000  00                         2     000                        000000000 0
EAEA404751800000000000000  00                         2     000                        000000000 0
EAEA4049718000000000000000000                         0     000000000                  000000000 0
EAEA4050518000000000020000000                               000000000                  000000000 1
EAEA405181800000000000000  00                         2     000                        000000000 0
EAEA4052618000000000200000000                               000000000                  000000000 1
EAEA4056018000000002202000000                               000000000                  000000000 3
EAEA406191800000000000000  00                         2     000                        000000000 0
EAEA4063118000000000000000000                         0     000000000                  000000000 0
EAEA406431800000000000000  00                         2     000                        000000000 0
EAEA4065518000000000200200000                               000000000                  000000000 2
EAEA4066418000000000000000000                         0     000000000                  000000000 0
EAEA406921800000000000000  00                         2     000                        000000000 0
EAEA4072418000000000220000000                               000200000                  000000000 4
EAEA407461800000000000000  00                         2     000                        000000000 0
EAEA407521800000000000000  00                         2     000                        000000000 0
EAEA407671800000000000000  00                         2     000                        000000000 0
EAEA4077818                                                                            0 0     0  
EAEA4078018000000000000000000                         0     000000000                  000000000 0
EAEA408211800000000000000  00                         2     000                        000000000 0
EAEA4084918000000000000000000                         0     000000000                  000000000 0
EAEA4086518000000000200000000                               000000000                  000000000 1
EAEA4087618                                                                            0 0     0  
EAEA4088218200000000222202020                               200220200    0        2     100 000110
EAEA4090918200000000200000000                               000000000                  000000000 3
EAEA409171800000000000000  00                         2     000                        000000000 0
EAEA409251800000000000000  00                         2     000                        000000000 0
EAEA409581800000000000000  00                         2     000                        000000000 0
EAEA4097218000000002220000000                               000000000                  000000000 4
EAEA409861800000000000000  00                         2     000                        000000000 0
EAEA4099418000000000000000000                         0     000000000                  000000000 0
EAEA410101802 0000000000000     020 22           01            000000                  000000000 1
EAEA410471800000000000000  00                         2     000                        000000000 0
EAEA4105118000000000200220200                               000000000                  000000000 6
EAEA4107918222200002000000202   020 22                  2   000200000                    0110000 7
EAEA410841800000000000000  00                         2     000                        000000000 0
EAEA4109618000000002000000002                               000000000                   00000000 3
EAEA4111118000000000200000000                               000000000                  000000000 2
EAEA41124182002000000000000                     1              000000                  010001002 1
EAEA4115218000000000200000000                               000000000                  000000000 1
EAEA411781800000000000000  00                         2     000                        000000000 0
EAEA411951800000000000000  00                         2     000                        000000000 0
EAEA412071800000000000000  00                         2     000                        000000000 0
EAEA412421800000000000000  00                         2     000                        000000000 0
EAEA4127418000000000220000000                               000000000                  000000000 2
EAEA412891800000000000000  00                         2     000                        000000000 0
EAEA4132518000000000000000000                         0     000000000                  000000000 0
EAEA413331800000000000000  00                         2     000                        000000000 0
EAEA413611800000000000000  00                         2     000                        000000000 0
EAEA413721800000000000000  00                         2     000                        000000000 0
EAEA4138618000000000000000000                         0     000000000                  000000000 0
EAEA413941800000000000000  00                         2     000                        000000000 0
EAEA414191800000000000000  00                         2     000                        000000000 0
EAEA4143118000000000200000000                               000000000                  000000000 1
EAEA414431800000000000000  00                         2     000                        000000000 0
EAEA414551800000000000000  00                         2     000                        000000000 0
EAEA430111800000000000000  00                         2     000                        000000000 0
EAEA4302418000000000000000000                         0     000000000                  000000000 0
EAEA430391800000000000000  00                         2     000                        000000000 0
EAEA4305218000000000000000000                         0     000000000                  000000000 0
EAEA4306718000000000000000000                         0     000000000                  000000000 0
EAEA430781800000000000000  00                         2     000                        000000000 0
EAEA430951800000000000000  00                         2     000                        000000000 0
EAEA431381800000000000000  00                         2     000                        000000000 0
EAEA4314518                                                                            0 0     0  
EAEA431531800000000000000  00                         2     000                        000000000 0
EAEA4316618000000002200000000                               000000000                  000000000 2
EAEA4317718000000000000000000                         0     000000000                  000000000 0
EAEA431811800000000000000  00                         2     000                        000000000 0
EAEA4320618000000000000000000                         0     000000000                  000000000 0
EAEA4323118222220002000000020   000 0           202         200000000                    00 1001 3
EAEA432551800000000000000  00                         2     000                        000000000 0
EAEA432701800000000000000  00                         2     000                        000000000 0
EAEA432921800000000000000  00                         2     000                        000000000 0
EAEA4333418000000000000000000                         0     000000000                  000000000 0
EAEA433571800000000000000  00                         2     000                        000000000 0
EAEA433731800000000000000  00                         2     000                        000000000 0
EAEA433901800000000000000  00                         2     000                        000000000 0
EAEA434261800000000000000  00                         2     000                        000000000 0
EAEA434591800000000000000  00                         2     000                        000000000 0
EAEA435481800000000000000  00                         2     000                        000000000 0
EAEA435501800000000000000  00                         2     000                        000000000 0
EAEA4358318000000000000000000                         0     000000000                  000000000 0
EAEA436021800000000000000  00                         2     000                        000000000 0
EAEA4363518000000000200000200                               000000000                  000000000 3
EAEA436511800000000000000  00                         2     000                        000000000 0
EAEA436841800000000000000  00                         2     000                        000000000 0
EAEA437071800000000000000  00                         2     000                        000000000 0
EAEA437151800000000000000  00                         2     000                        000000000 0
EAEA4374218000000000020000000                               000000000                  000000000 1
EAEA4377418000000000200000000                               000000000                  000000000 2
EAEA437891800000000000000  00                         2     000                        000000000 0
EAEA4381718000000000200000000                               000000000                  000000000 1
EAEA4382518000000000220000000                               000000000                  000000000 3
EAEA438401800000000000000  00                         2     000                        000000000 0
EAEA4385818000000002000000000                               000000000                  000000000 1
EAEA4386118000000000000000000                         0     000000000                  000000000 0
EAEA438861800000000000000  00                         2     000                        000000000 0
EAEA439131800000000000000  00                         2     000                        000000000 0
EAEA439211800000000000000  00                         2     000                        000000000 0
EAEA439371800000000000000  00                         2     000                        000000000 0
EAEA4396518200000002200000200                               000000000                  000000000 5
EAEA4398218000000000200000000                               000000000                  000000000 1
EAEA439981800000000000000  00                         2     000                        000000000 0
EAEA4401718000000000000000000                         0     000000000                  000000000 0
EAEA4402518000000000200000000                               000000000                  000000000 1
EAEA4403318000000000000000000                         0     000000000                  000000000 0
EAEA440401800000000000000  00                         2     000                        000000000 0
EAEA440581800000000000000  00                         2     000                        000000000 0
EAEA4407218000000000000000000                         0     000000000                  000000000 0
EAEA440861800000000000000  00                         2     000                        000000000 0
EAEA4409418000000002000000000                               000000000                  000000000 2
EAEA441261800000000000000  00                         2     000                        000000000 0
EAEA4414418000000000000000000                         0     000000000        0 0 0     000000000 0
EAEA441601800000000000000  00                         2     000                        000000000 0
EAEA4417118000000000200000000                               000000000                  000000000 1
EAEA4420018                                                                            0 0     0  
EAEA442131800000000000000  00                         2     000                        000000000 0
EAEA442211800000000000000  00                         2     000                        000000000 0
EAEA442491800000000000000  00                         2     000                        000000000 0
EAEA442541800000000000000  00                         2     000                        000000000 0
EAEA442651800000000000000  00                         2     000                        000000000 0
EAEA442981800000000000000  00                         2     000                        000000000 0
EAEA443021800000000000000  00                         2     000                        000000000 0
EAEA4431018000000002200000000                               000000000                  000000000 2
EAEA4435118000000000200000000                               000000000                  000000000 1
EAEA4436818000000000000000000                         0     000000000                  000000000 0
EAEA4437918000000000000000000                         0     000000000                  000000000 0
EAEA443961800000000000000  00                         2     000                        000000000 0
EAEA444531802 0000000000002     000 0            01            000000                  000000000 3
EAEA444811800000000000000  00                         2     000                        000000000 0
EAEA4451518000000000000000000                         0     000000000                  000000000 0
EAEA4503418000000000000000000                         0     000000000                  000000000 0
EAEA4504118000000000000000000                         0     000000000                  000000000 0
EAEA4505718000000000000000000                         0     000000000                  000000000 0
EAEA4506218000000000000000000                         0     000000000                  000000000 0
EAEA4508518000000000000000000                         0     000000000                  000000000 0
EAEA451581822 0000000000000     000 22           01            00 000                  000000000 3
EAEA4517218000000000000000000                         0     000000000                  000000000 0
EAEA451941800000000000000  00                         2     000                        000000000 0
EAEA4520118000000002220200220                               02020 000     2            100000001 6
EAEA452361800000000000000  00                         2     000                        000000000 0
EAEA452481800000000000000  00                         2     000                        000000000 0
EAEA452751800000000000000  00                         2     000                        000000000 0
EAEA452831800000000020002000 0                       2      000000000                   00  0000 3
EAEA453031800000000000000  00                         2     000                        000000000 0
EAEA4531118000000000000000000                         0     000000000                  000000000 0
EAEA4532418000000000000000000                         0     000000000                  000000000 0
EAEA453461800000000000000  00                         2     000                        000000000 0
EAEA453521800000000000000  00                         2     000                        000000000 0
EAEA453671800000000000000  00                         2     000                        000000000 0
EAEA453951800000000000000  00                         2     000                        000000000 0
EAEA4540018000000000000000000                         0     000000000                  000000000 0
EAEA454371800000000000000  00                         2     000                        000000000 0
EAEA454541800000000000000  00                         2     000                        000000000 0
EAEA4547618000000002020000000                               000000000                  000000000 2
EAEA454981800000000000000  00                         2     000                        000000000 0
EAEA455061800000000000000  00                         2     000                        000000000 0
EAEA4552718000000000200000200                               000000000                  000000000 2
EAEA455311800000000000000  00                         2     000                        000000000 0
EAEA455551800000000000000  00                         2     000                        000000000 0
EAEA4557018000000000000000000                         0     000000000                  000000000 0
EAEA455881800000000000000  00                         2     000                        000000000 0
EAEA455921800000000000000  00                         2     000                        000000000 0
EAEA4562818000000000000000000                         0     000000000                  000000000 0
EAEA4563018000000000000000000                         0     000000000                  000000000 0
EAEA4564218000000000020000000                               000000000                  000000000 1
EAEA456631800000000000000  00                         2     000                        000000000 0
EAEA4567418000000000000000000                         0     000000000                  000000000 0
EAEA457021800000000000000  00                         2     000                        000000000 0
EAEA457351800000000000000  00                         2     000                        000000000 0
EAEA4574718000000000000000002                         0    2000000000                   00000000 0
EAEA457511800000000000000  00                         2     000                        000000000 0
EAEA4576818200000000200000000                               000000000                  000000000 2
EAEA457961800000000000000  00                         2     000                        000000000 0
EAEA458121800000000000000  00                         2     000                        000000000 0
EAEA458451800000000000000  00                         2     000                        000000000 0
EAEA458661800000000000000  00                         2     000                        000000000 0
EAEA458991822 0 00000000000     020 0           202            000000                  000000000 2
EAEA4591818000000000000000000                         0     000000000                  000000000 0
EAEA459441800000000000000  00                         2     000                        000000000 0
MWMW001751800000000000000  00                         2     000                        000000000 0
MWMW001831800000000000000  00                         2     000                        000000000 0
MWMW002171800000000000000  00                         2     000                        000000000 0
MWMW002581800000000000000  00                         2     000                        000000000 0
MWMW002721800000000000000  00                         2     000                        000000000 0
MWMW002861800000000000000  00                         2     000                        000000000 0
MWMW003311800000000000000  00                         2     000                        000000000 0
MWMW003551800000000000000  00                         2     000                        000000000 0
MWMW003641800000000000000  00                         2     000                        000000000 0
MWMW004081800000000000000  00                         2     000                        000000000 0
MWMW004161800000000000000  00                         2     000                        000000000 0
MWMW004411800000000000000  00                         2     000                        000000000 0
MWMW004571800000000000000  00                         2     000                        000000000 0
MWMW0046218000000000000000000                         0     000000000                  000000000 0
MWMW004731800000000000000  00                         2     000                        000000000 0
MWMW004851800000000000000  00                         2     000                        000000000 0
MWMW005391800000000000000  00                         2     000                        000000000 0
MWMW005461800000000000000  00                         2     000                        000000000 0
MWMW005521800000000000000  00                         2     000                        000000000 0
MWMW005781800000000000000  00                         2     000                        000000000 0
MWMW005801800000000000000  00                         2     000                        000000000 0
MWMW005951800000000000000  00                         2     000                        000000000 0
MWMW006121800000000000000  00                         2     000                        000000000 0
MWMW006381800000000000000  00                         2     000                        000000000 0
MWMW006451800000000000000  00                         2     000                        000000000 0
MWMW006531800000000000000  00                         2     000                        000000000 0
MWMW006991800000000000000  00                         2     000                        000000000 0
MWMW007181800000000000000  00                         2     000                        000000000 0
MWMW007261800000000000000  00                         2     000                        000000000 0
MWMW007711800000000000000  00                         2     000                        000000000 0
MWMW008631800000000000000  00                         2     000                        000000000 0
MWMW008741800000000000000  00                         2     000                        000000000 0
MWMW008891800000000000000  00                         2     000                        000000000 0
MWMW008911800000000000000  00                         2     000                        000000000 0
MWMW009471800000000000000  00                         2     000                        000000000 0
MWMW009681800000000000000  00                         2     000                        000000000 0
MWMW010861800000000000000  00                         2     000                        000000000 0
MWMW011601800000000000000  00                         2     000                        000000000 0
MWMW0117118222000000000000000   000 0            00         000000000                  0 0000000 6
MWMW012001800000000000000  00                         2     000                        000000000 0
MWMW012491800000000000000  00                         2     000                        000000000 0
MWMW012761800000000000000  00                         2     000                        000000000 0
MWMW013021800000000000000  00                         2     000                        000000000 0
MWMW013471800000000000000  00                         2     000                        000000000 0
MWMW013511800000000000000  00                         2     000                        000000000 0
MWMW013961800000000000000  00                         2     000                        000000000 0
MWMW014201800000000000000  00                         2     000                        000000000 0
MWMW014381800000000000000  00                         2     000                        000000000 0
MWMW015281800000000000000  00                         2     000                        000000000 0
MWMW015911800000000000000  00                         2     000                        000000000 0
MWMW016291800000000000000  00                         2     000                        000000000 0
MWMW0165718000000000020000000                               000000000                  000000000 1
MWMW016731800000000000000  00                         2     000                        000000000 0
MWMW016851800000000002000000                             3  000000000                 2000000000 3
MWMW018521800000000000000  00                         2     000                        000000000 0
MWMW018951800000000000000  00                         2     000                        000000000 0
MWMW019061800000000000000  00                         2     000                        000000000 0
MWMW0192718                                                                            0 0     0  
MWMW019431800000000000000  00                         2     000                        000000000 0
MWMW019881800000000000000  00                         2     000                        000000000 0
MWMW0200818                                                                            0 0     0  
MWMW0201618000000000000020000                               000000000                  000000000 3
MWMW020411800000000000000  00                         2     000                        000000000 0
MWMW020571800000000000000  00                         2     000                        000000000 0
MWMW021171800000000000000  00                         2     000                        000000000 0
MWMW021251800000000000000  00                         2     000                        000000000 0
MWMW021581800000000000000  00                         2     000                        000000000 0
MWMW021611800000000000000  00                         2     000                        000000000 0
MWMW021721800000000000000  00                         2     000                        000000000 0
MWMW022221800000000000000  00                         2     000                        000000000 0
MWMW0223618000000000200000000                               000000000                  000000000 2
MWMW022691800000000000000  00                         2     000                        000000000 0
MWMW0227518000000002200000000                               000000000                  000000000 2
MWMW023111800000000000000  00                         2     000                        000000000 0
MWMW023781800000000000000  00                         2     000                        000000000 0
MWMW023801800000000000000  00                         2     000                        000000000 0
MWMW024001800000000000000  00                         2     000                        000000000 0
MWMW0247618000000000200000000                               000000000                  000000000 1
MWMW025311800000000000000  00                         2     000                        000000000 0
MWMW025431800000000000000  00                         2     000                        000000000 0
MWMW025881800000000000000  00                         2     000                        000000000 0
MWMW025921800000000000000  00                         2     000                        000000000 0
MWMW026151800000000000000  00                         2     000                        000000000 0
MWMW026891800000000000000  00                         2     000                        000000000 0
MWMW027231800000000000000  00                         2     000                        000000000 0
MWMW027351800000000000000  00                         2     000                        000000000 0
MWMW027471800000000000000  00                         2     000                        000000000 0
MWMW027511800000000000000  00                         2     000                        000000000 0
MWMW0277918000000000200000000                               000000000                  000000000 1
MWMW0278418220000000000000000                               000000000                  000000000 5
MWMW028531822 220000200000020   222220 0 0 0     02    2    000000000                  110111003 5
MWMW0289918222200002202000020   02220           002         000000000                  110110002 6
MWMW029321800000000000000  00                         2     000                        000000000 0
MWMW030261822 0000002000000     020 0           100            000000                  0 0000000 4
MWMW0306018000000000200000000                               000000000                  000000000 1
MWMW0307118000000002000000000                               000200000                  000000000 3
NWNW3002018000000000200000000                               000000000                  000000000 1
NWNW30045182202000020200000                     2              00 000                  010000001 7
NWNW3005318000000000000000000                         0     000000000                  000000000 0
NWNW3007718000000000000000000                         0     000000000                  000000000 0
NWNW300811800000000000000  00                         2     000                        000000000 0
NWNW3009918000000000200000000                               000000000                  000000000 1
NWNW301131802 2200000000000     022220           02            000000                  0 0  0000 1
NWNW3012118000000000000000000                         0     000000000                  000000000 0
NWNW3014918000000000000000000                         0     000000000                  000000000 0
NWNW301541800000000000000  00                         2     000                        000000000 0
NWNW3018218000000000000000000                         0     000000000                  000000000 0
NWNW3020518000000000000000000                         0     000000000                  000000000 0
NWNW302181800000000000000  00                         2     000                        000000000 0
NWNW3022618000000000000000000                         0     000000000                  000000000 0
NWNW3024418000000000000000000                         0     000000000                  000000000 0
NWNW3025918000000000000000000                         0     000000000                  000000000 0
NWNW3026018000000000000000000                         0     000000000                  000000000 0
NWNW3027118000000000000000000                         0     000000000                  000000000 0
NWNW3028718000000000000000000                         0     000000000                  000000000 0
NWNW3029318000000000000000000                         0     000000000                  000000000 0
NWNW3031518000000000000000000                         0     000000000                  000000000 0
NWNW3032818000000000200000000                               000000000                  000000000 3
NWNW3033018000000000200000000                               000000000                  000000000 1
NWNW3035618000000000220000000                               00000 000                  000000000 3
NWNW3036318000000000000000000                         0     000000000                  000000000 0
NWNW3037418000000000200000000                               000000000                  000000000 1
NWNW3038918000000000000000000                         0     000000000                  000000000 0
NWNW3039118020000000220000000                    2          000000000                  000000000 3
NWNW3040918000000000000000000                         0     000000000                  000000000 0
NWNW3041718000000000200000000                               000000000                  000000000 3
NWNW304251800000000000000  00                         2     000                        000000000 0
NWNW304331800000000000000  00                         2     000                        000000000 0
NWNW3048618000000000000000002                         0     000000000                   00000000 0
NWNW304941800000000000000  00                         2     000                        000000000 0
NWNW3050218000000000200000200                               000000000                  000000000 2
NWNW3052318000000000000000000                         0     000000000                  000000000 0
NWNW3053518000000000000000000                         0     000000000                  000000000 0
NWNW3054718000000000000000000                         0     000000000                  000000000 0
NWNW3055118000000000000000000                         0     000000000                  000000000 0
NWNW305681800000000000000  00                         2     000                        000000000 0
NWNW3057918000000000000000000                         0     000000000                  000000000 0
NWNW3058418000000000000000000                         0     000000000                  000000000 0
NWNW3060318000000000000000000                         0     000000000                  000000000 0
NWNW306111800000000000000  00                         2     000                        000000000 0
NWNW3062418000000000000000000                         0     000000000                  000000000 0
NWNW306391800000000000000  00                         2     000                        000000000 0
NWNW3064618000000000000000000                         0     000000000                  000000000 0
NWNW306521800000000000000  00                         2     000                        000000000 0
NWNW3067818000000000000000000                         0     000000000                  000000000 0
NWNW3068018000000000000000000                         0     000000000                  000000000 0
NWNW307061800000000000000  00                         2     000                        000000000 0
NWNW307191800000000000000  00                         2     000                        000000000 0
NWNW307271800000000000000  00                         2     000                        000000000 0
NWNW3074318000000000000000000                         0     000000000                  000000000 0
NWNW3076418000000000000000000                         0     000000000                  000000000 0
NWNW3077018000000000200000000                               000000000                  000000000 1
NWNW3078818000000000000000000                         0     000000000                  000000000 0
NWNW308081800000000000000  00                         2     000                        000000000 0
NWNW3081618000000000000000000                         0     000000000                  000000000 0
NWNW308291800000000000000  00                         2     000                        000000000 0
NWNW3083418000000000000000000                         0     000000000                  000000000 0
NWNW308731800000000000000  00                         2     000                        000000000 0
NWNW3088518000000000000000000                         0     000000000                  000000000 0
NWNW3089018000000000200000000                               000000000                  000000000 1
NWNW3090118000000000000000000                         0     000000000                  000000000 0
NWNW309221800000000000000  00                         2     000                        000000000 0
NWNW3093618000000000000000000                         0     000000000                  000000000 0
NWNW309481800000000000000  00                         2     000                        000000000 0
NWNW309501800000000000000  00                         2     000                        000000000 0
NWNW3096918000000000000000000                         0     000000000                  000000000 0
NWNW3099718                                                                            0 0     0  
NWNW310051800000000000000  00                         2     000                        000000000 0
NWNW3101818000000002220200000                               000000000                  000000000 4
NWNW310261800000000000000  00                         2     000                        000000000 0
NWNW3103218000000000000000000                         0     000000000                  000000000 0
NWNW3104418000000000000000000                         0     000000000                  000000000 0
NWNW3106018000000000200000000                               000000000                  000000000 1
NWNW310711800000000000000  00                         2     000                        000000000 0
NWNW310871800000000000000  00                         2     000                        000000000 0
NWNW3110618000000000000000000                         0     000000000                  000000000 0
NWNW3111918000000000000000000                         0     000000000                  000000000 0
NWNW311271800000000000000  00                         2     000                        000000000 0
NWNW3113118                                                                            0 0     0  
NWNW3114318000000000220000000                               000200000                  000000000 4
NWNW3115518000000000000000000                         0     000000000                  000000000 0
NWNW3116418000000000000000000                         0     000000000                  000000000 0
NWNW3117018000000000000000000                         0     000000000                  000000000 0
NWNW311881800000000000000  00                         2     000                        000000000 0
NWNW3119218000000000200000000                               000000000                  000000000 2
NWNW3121218000000000000000000                         0     000000000                  000000000 0
NWNW3122018000000000000000000                         0     000000000                  000000000 0
NWNW3124518000000000000000000                         0     000000000                  000000000 0
NWNW3125318000000000000000000                         0     000000000                  000000000 0
NWNW3127718000000000000000000                         0     000000000                  000000000 0
NWNW312991800000000000000  00                         2     000                        000000000 0
NWNW313011800000000000000  00                         2     000                        000000000 0
NWNW3132218000000000000000000                         0     000000000                  000000000 0
NWNW3133618000000000000000000                         0     000000000                  000000000 0
NWNW313481800000000000000  00                         2     000                        000000000 0
NWNW3135018000000000200000000                               000000000                  000000000 1
NWNW31369182220000000000000     000 0           22             022000        0 0 0     001000001 4
NWNW3137518000000000000000000                         0     000000000                  000000000 0
NWNW3139718000000002020000000                               000000000                  000000000 3
NWNW314031800000000000000  00                         2     000                        000000000 0
NWNW3142418000000000000000000                         0     000000000                  000000000 0
NWNW3143918000000000000000000                         0     000000000                  000000000 0
NWNW314461800000000000000  00                         2     000                        000000000 0
NWNW3146718000000000000000000                         0     000000000                  000000000 0
NWNW314781800000000000000  00                         2     000                        000000000 0
NWNW3148018000000000000000000                         0     000000000                  000000000 0
NWNW314951800000000000000  00                         2     000                        000000000 0
NWNW3203318000000000000000000                         0     000000000                  000000000 0
NWNW3205818000000000000000000                         0     000000000                  000000000 0
NWNW3206118000000000000000000                         0     000000000                  000000000 0
NWNW320721800000000000000  00                         2     000                        000000000 0
NWNW320861800000000000000  00                         2     000                        000000000 0
NWNW3209418000000000000000000                         0     000000000                  000000000 0
NWNW3211818000000000000000000                         0     000000000                  000000000 0
NWNW3214418000000000000000000                         0     000000000                  000000000 0
NWNW3216018000000000200000000                               000000000                  000000000 1
NWNW32171182000 0000200200002                   1   1       200000000    2              00  0000 4
NWNW322001800000000000000  00                         2     000                        000000000 0
NWNW3221318                                                                            0 0     0  
NWNW322491800000000000000  00                         2     000                        000000000 0
NWNW322651800000000000000  00                         2     000                        000000000 0
NWNW3227618000000000000000000                         0     000000000                  000000000 0
NWNW3229818000000000000000000                         0     000000000                  000000000 0
NWNW323021800000000000000  00                         2     000                        000000000 0
NWNW323351800000000000000  00                         2     000                        000000000 0
NWNW323471800000000000000  00                         2     000                        000000000 0
NWNW323681800000000000000  00                         2     000                        000000000 0
NWNW3238418000000000000000000                         0     000000000                  000000000 0
NWNW3241218200000000200000000                   0           000000000                  000000000 3
NWNW3243818000000000202000000                               000000000                  000000000 3
NWNW3244518000000000000000000                         0     000000000                  000000000 0
NWNW324531800000000000000  00                         2     000                        000000000 0
NWNW324661800000000000000  00                         2     000                        000000000 0
NWNW32481180220000000200000     020 22           01            000000                  000000000 2
NWNW3250718000000000220000000                               000000000                  000000000 2
NWNW3251518000000000000000000                         0     000000000                  000000000 0
NWNW3252818000000000000000000                         0     000000000                  000000000 0
NWNW325301800000000000000  00                         2     000                        000000000 0
NWNW325561800000000000000  00                         2     000                        000000000 0
NWNW325911800000000000000  00                         2     000                        000000000 0
NWNW3260818000000000000000000                         0     000000000                  000000000 0
NWNW326291800000000000000  00                         2     000                        000000000 0
NWNW326411800000000000000  00                         2     000                        000000000 0
NWNW3267318020000002200000000                    2          000000000                  000000000 4
NWNW326851800000000000000  00                         2     000                        000000000 0
NWNW3270118000000000000000000                         0     000000000                  000000000 0
NWNW3275018000000000000000000                         0     000000000                  000000000 0
NWNW327691800000000000000  00                         2     000                        000000000 0
NWNW3277518000000000000000000                         0     000000000                  000000000 0
NWNW327831800000000000000  00                         2     000                        000000000 0
NWNW327971800000000000000  00                         2     000                        000000000 0
NWNW3280318000000000000000000                         0     000000000                  000000000 0
NWNW3281118000000000020000000                               000000000                  000000000 1
NWNW3282418000000000000000000                         0     000000000                  000000000 0
NWNW3283918000000000000000000                         0     000000000                  000000000 0
NWNW328461800000000000000  00                         2     000                        000000000 0
NWNW3286718                                                                            0 0     0  
NWNW3287818000000000000000000                         0     000000000                  000000000 0
NWNW3289518000000000000000000                         0     000000000                  000000000 0
NWNW329061800000000000000  00                         2     000                        000000000 0
NWNW3291918000000000000000000                         0     000000000                  000000000 0
NWNW3294318000000000000000000                         0     000000000                  000000000 0
NWNW329551800000000000000  00                         2     000                        000000000 0
NWNW330061800000000000000  00                         2     000                        000000000 0
NWNW330271800000000000000  00                         2     000                        000000000 0
NWNW3303118000000000000000000                         0     000000000                  000000000 0
NWNW330431800000000000000  00                         2     000                        000000000 0
NWNW3306418                                                                            0 0     0  
NWNW3307018                                                                            0 0     0  
NWNW3310718000000000000000000                         0     000000000                  000000000 0
NWNW331151800000000000000  00                         2     000                        000000000 0
NWNW334681800000000000000  00                         2     000                        000000000 0
NWNW3448918000000000000000000                         0     000000000                  000000000 0
NWNW345041800000000000000  00                         2     000                        000000000 0
SOSO1003418000000000000000000                         0     000000000                  000000000 0
SOSO100411800000000222000000                            1   000000000                  000000000 5
SOSO101251800000000000000  00                         2     000                        000000000 0
SOSO101331800000000000000  00                         2     000                        000000000 0
SOSO102011800000000000000  00                         2     000                        000000000 0
SOSO1022218000000000220000000                               000000000                  000000000 3
SOSO102361800000000000000  00                         2     000                        000000000 0
SOSO102481800000000000000  00                         2     000                        000000000 0
SOSO102501800000000000000  00                         2     000                        000000000 0
SOSO102751800000000000000  00                         2     000                        000000000 0
SOSO103031800000000000000  00                         2     000                        000000000 0
SOSO1031118000000000200000000                               000000000                  000000000 1
SOSO103461800000000000000  00                         2     000                        000000000 0
SOSO1036718000000000200200200                               000000000                  000000000 3
SOSO1037818000000000000000000                         0     000000000                  000000000 0
SOSO1039518000000000220000000                               000000000                  000000000 3
SOSO104001800000000000000  00                         2     000                        000000000 0
SOSO104131800000000000000  00                         2     000                        000000000 0
SOSO104211800000000000000  00                         2     000                        000000000 0
SOSO104371800000000000000  00                         2     000                        000000000 0
SOSO104491800000000000000  00                         2     000                        000000000 0
SOSO1045418000000000200000000                               000000000                  000000000 1
SOSO104761800000000000000  00                         2     000                        000000000 0
SOSO1049818                                                                            0 0     0  
SOSO1051918000000000000000000                         0     000000000                  000000000 0
SOSO1053118000000000200000000                               000000000                  000000000 1
SOSO105431800000000000000  00                         2     000                        000000000 0
SOSO1055518000000000000000000                         0     000000000                  000000000 0
SOSO105701800000000000000  00                         2     000                        000000000 0
SOSO105921800000000000000  00                         2     000                        000000000 0
SOSO106071800000000000000  00                         2     000                        000000000 0
SOSO1061518                                                                            0 0     0  
SOSO106281800000000000000  00                         2     000                        000000000 0
SOSO1063018                                                                            0 0     0  
SOSO106421800000000000000  00                         2     000                        000000000 0
SOSO106561800000000000000  00                         2     000                        000000000 0
SOSO1067418200000000200000000                   0           000000000                  000000000 2
SOSO106891800000000000000  00                         2     000                        000000000 0
SOSO107231800000000000000  00                         2     000                        000000000 0
SOSO107351800000000000000  00                         2     000                        000000000 0
SOSO107841800000000000000  00                         2     000                        000000000 0
SOSO107961800000000000000  00                         2     000                        000000000 0
SOSO108041800000000000000  00                         2     000                        000000000 0
SOSO108381800000000000000  00                         2     000                        000000000 0
SOSO1085318000000000000000000                         0     000000000                  000000000 0
SOSO108811800000000000000  00                         2     000                        000000000 0
SOSO1090518000000000000000000                         0     000000000                  000000000 0
SOSO109181800000000000000  00                         2     000                        000000000 0
SOSO1095918000000000200000000                               000000000                  000000000 1
SOSO109931800000000000000  00                         2     000                        000000000 0
SOSO110011800000000000000  00                         2     000                        000000000 0
SOSO110501800000000000000  00                         2     000                        000000000 0
SOSO1110218000000002200000000                               000000000                  000000000 6
SOSO1112318000000002202220000                               000000000                  000000000 5
SOSO111351800000000000000  00                         2     000                        000000000 0
SOSO111471800000000000000  00                         2     000                        000000000 0
SOSO111511800000000000000  00                         2     000                        000000000 0
SOSO11196182220 000022200000    000 0           12     3    000020002               0  00000000010
SOSO1120818000000000200000000                               000000000                  000000000 1
SOSO1121618000000000000000000                         0     000000000                  000000000 0
SOSO1122918000000000200000000                               000000000                  000000000 1
SOSO112341800000000000000  00                         2     000                        000000000 0
SOSO1124118200000000000000000                               000000000                  000000000 1
SOSO112571800000000000000  00                         2     000                        000000000 0
SOSO112621800000000000000  00                         2     000                        000000000 0
SOSO112731800000000000000  00                         2     000                        000000000 0
SOSO1129018000000000200000000                               000000000                  000000000 1
SOSO1130518000000000020000000                               000000000                  000000000 1
SOSO113181800000000000000  00                         2     000                        000000000 0
SOSO1132618000000000020000000                               000000000                  000000000 3
SOSO113441800000000000000  00                         2     000                        000000000 0
SOSO113591800000000000000  00                         2     000                        000000000 0
SOSO113871800000000000000  00                         2     000                        000000000 0
SOSO113931800000000000000  00                         2     000                        000000000 0
SOSO1140718000000000200000000                               000220200             0    000000000 4
SOSO1141518000000000200000000                               000000000                  000000000 1
SOSO114301800000000000000  00                         2     000                        000000000 0
SOSO114421800000000000000  00                         2     000                        000000000 0
SOSO114741800000000000000  00                         2     000                        000000000 0
SOSO1149118000000000020000000                               000000000                  0 0000000 3
SOSO1150418000000002200000000                               000000000                  000000000 2
SOSO115201800000000000000  00                         2     000                        000000000 0
SOSO115381800000000000000  00                         2     000                        000000000 0
SOSO1155318                                                                            0 0     0  
SOSO115771800000000000000  00                         2     000                        000000000 0
SOSO1158118000000000200000000                               000000000                  000000000 1
SOSO115991800000000000000  00                         2     000                        000000000 0
SOSO116131800000000000000  00                         2     000                        000000000 0
SOSO116211800000000000000  00                         2     000                        000000000 0
SOSO116371800000000000000  00                         2     000                        000000000 0
SOSO116491800000000000000  00                         2     000                        000000000 0
SOSO116541800000000000000  00                         2     000                        000000000 0
SOSO116651800000000000000  00                         2     000                        000000000 0
SOSO1167618000000000220000020                               000000000                  100000101 7
SOSO116821800000000000000  00                         2     000                        000000000 0
SOSO117171800000000000000  00                         2     000                        000000000 0
SOSO1175818000000000200000000                               000000000                  000000000 1
SOSO117721800000000000000  00                         2     000                        000000000 0
SOSO117861800000000000000  00                         2     000                        000000000 0
SOSO117941800000000000000  00                         2     000                        000000000 0
SOSO118061800000000000000  00                         2     000                        000000000 0
SOSO118191800000000000000  00                         2     000                        000000000 0
SOSO118701800000000000000  00                         2     000                        000000000 0
SOSO118881800000000000000  00                         2     000                        000000000 0
SOSO118921800000000000000  00                         2     000                        000000000 0
SOSO11903180220 00000000000     220 0            02            000000                  000000000 1
SOSO1191118                                                                            0 0     0  
SOSO119241800000000000000  00                         2     000                        000000000 0
SOSO1193918220000002220000000                               000000000                  000000000 6
SOSO119461800000000000000  00                         2     000                        000000000 0
SOSO119521800000000000000  00                         2     000                        000000000 0
SOSO119671800000000000000  00                         2     000                        000000000 0
SOSO1197818000000000000000000                         0     000000000                  000000000 0
SOSO1198018200000000000000000                               000000000                  0 0000000 2
SOSO119951800000000000000  00                         2     000                        000000000 0
SOSO120131800000000000000  00                         2     000                        000000000 0
SOSO120371800000000000000  00                         2     000                        000000000 0
SOSO1205418000000002220000000                               000000000                  000000000 3
SOSO1207618000000000000000000                         0     000000000                  000000000 0
SOSO120821800000000000000  00                         2     000                        000000000 0
SOSO120981800000000000000  00                         2     000                        000000000 0
SOSO1211418                                                                            0 0     0  
SOSO121221800000000022020020                            2  2000020000                  001000001 7
SOSO121501800000000000000  00                         2     000                        000000000 0
SOSO121691800000000000000  00                         2     000                        000000000 0
SOSO121751800000000000000  00                         2     000                        000000000 0
SOSO121971800000000000000  00                         2     000                        000000000 0
SOSO122091800000000000000  00                         2     000                        000000000 0
SOSO122171800000000000000  00                         2     000                        000000000 0
SOSO122251800000000000000  00                         2     000                        000000000 0
SOSO1224018000000000200000000                               000002000       2          00100  01 2
SOSO1226118000000000200000000                               000000000                  000000000 1
SOSO1227218000000000200000000                               000000000                  000000000 1
SOSO122941802 000000200000000   000 0            00         000000000                  000000000 5
SOSO123061800000000000000  00                         2     000                        000000000 0
SOSO123191800000000000000  00                         2     000                        000000000 0
SOSO123271800000000000000  00                         2     000                        000000000 0
SOSO123311800000000000000  00                         2     000                        000000000 0
SOSO123431800000000000000  00                         2     000                        000000000 0
SOSO123551800000000000000  00                         2     000                        000000000 0
SOSO123641800000000000000  00                         2     000                        000000000 0
SOSO123701800000000000000  00                         2     000                        000000000 0
SOSO123921800000000000000  00                         2     000                        000000000 0
SOSO124161800000000000000  00                         2     000                        000000000 0
SOSO1243418000000000200000000                               000000000                  000000000 1
SOSO1244118                                                                            0 0     0  
SOSO1246218000000000000000000                         0     000000000                  000000000 0
SOSO1247318000000000200000000                               000020200             2    00100  01 3
SOSO124901800000000000000  00                         2     000                        000000000 0
SOSO1250318000000000200000000                               000000000                  000000000 1
SOSO125241800000000000000  00                         2     000                        000000000 0
SOSO125391800000000000000  00                         2     000                        000000000 0
SOSO125521800000000000000  00                         2     000                        000000000 0
SOSO125671800000000000000  00                         2     000                        000000000 0
SOSO125801800000000000000  00                         2     000                        000000000 0
SOSO125951800000000000000  00                         2     000                        000000000 0
SWSW200101800000000000000  00                         2     000                        000000000 0
SWSW2003518000000000000000000                         0     000000000                  000000000 0
SWSW20051180222200000000000     02200            01            000000                  0 0     0 1
SWSW200681800000000220000000                                000000000                  000000000 4
SWSW2007918                                                                            0 0     0  
SWSW2009618000000000000000000                         0     000000000                  000000000 0
SWSW201031802 0000002000000     020 20           02            00 000                  000000000 4
SWSW2011118000000000000000000                         0     000000000                  000000000 0
SWSW2014618000000000200000000                               000000000                  000000000 1
SWSW2015218000000000000000000                         0     000000000                  000000000 0
SWSW201781800000000000000  00                         2     000                        000000000 0
SWSW201801800000000000000  00                         2     000                        000000000 0
SWSW2019518000000000000000000                         0     000000000                  000000000 0
SWSW2022818000000000200000000                               000000000                  000000000 3
SWSW2023018                                                                            0 0     0  
SWSW2024218000000000000000000                         0     000000000                  000000000 0
SWSW202741800000000000000  00                         2     000                        000000000 0
SWSW203091800000000000000  00                         2     000                        000000000 0
SWSW203401800000000000000  00                         2     000                        000000000 0
SWSW203611800000000000000  00                         2     000                        000000000 0
SWSW2037218200000002000000000                               000000000                  0 0000000 5
SWSW2041918                                                                            0 0     0  
SWSW2042718000000000000000000                         0     000000000                  000000000 0
SWSW2043118222000000000002002   000 0                       020200000     0            000000000 5
SWSW2044318000000002200000000                               000000000                  000000000 3
SWSW2046418000000000000000000                         0     000000000                  000000000 0
SWSW2048818000000000200000000                               000000000                  000000000 1
SWSW2050018000000000000000000                         0     000000000                  000000000 0
SWSW205131800000000000000  00                         2     000                        000000000 0
SWSW2058218000000002200000000                               000000000                  000000000 4
SWSW205981800000000000000  00                         2     000                        000000000 0
SWSW2061418000000000000000000                         0     000000000                  000000000 0
SWSW206221800000000000000  00                         2     000                        000000000 0
SWSW206361800000000000000  00                         2     000                        000000000 0
SWSW206501800000000000000  00                         2     000                        000000000 0
SWSW206691800000000000000  00                         2     000                        000000000 0
SWSW2069718                                                                            0 0     0  
SWSW2070818220000000000000000                               00000 020              2   0 0000000 4
SWSW2071618000000000000000000                         0     000000000                  000000000 0
SWSW2072918                                                                            0 0     0  
SWSW207411800000000000000  00                         2     000                        000000000 0
SWSW2075718000000000000000000                         0     000000000                  000000000 0
SWSW2076218000000000000000000                         0     000000000                  000000000 0
SWSW207731800000000000000  00                         2     000                        000000000 0
SWSW2079018000000000000000000                         0     000000000                  000000000 0
SWSW2081818000000000200000000                               000000000                  000000000 2
SWSW208261800000000000000  00                         2     000                        000000000 0
SWSW208591800000000000000  00                         2     000                        000000000 0
SWSW2086018000000000200000000                               000000000                  000000000 2
SWSW2088718000000000200000000                               000000000                  000000000 1
SWSW208931800000000000000  00                         2     000                        000000000 0
SWSW2090418200000000000000000                   0           000000000                  000000000 1
SWSW209201800000000000000  00                         2     000                        000000000 0
SWSW209381802 200002202000020   020 0            012    22  000220000                 211011000211
SWSW209451800000000000000  00                         2     000                        000000000 0
SWSW20953180220000002000000     000 0            01            000000                  000000000 3
SWSW209661800000000000000  00                         2     000                        000000000 0
SWSW209811800000000000000  00                         2     000                        000000000 0
SWSW2100718000000000200000000                               000000000                  000000000 1
SWSW210151800000000000000  00                         2     000                        000000000 0
SWSW210281800000000000000  00                         2     000                        000000000 0
SWSW210421800000000000000  00                         2     000                        000000000 0
SWSW210741800000000000000  00                         2     000                        000000000 0
SWSW2108918000000002200000000                               000200000                  000000000 3
SWSW2115718000000000200000000                               000000000                  000000000 1
SWSW2116218000000000200000000                               000000000                  000000000 1
SWSW2118518000000000000000000                         0     000000000                  000000000 0
SWSW211901800000000000000  00                         2     000                        000000000 0
SWSW21202182000000002000200                     1              000000                  000000000 5
SWSW2121018000000000000000000                         0     000000000                  000000000 0
SWSW212471800000000000000  00                         2     000                        000000000 0
SWSW212511800000000000000  00                         2     000                        000000000 0
SWSW212681800000000000000  00                         2     000                        000000000 0
SWSW212841800000000000000  00                         2     000                        000000000 0
SWSW2129618000000000200000000                               000000000                  000000000 1
SWSW2130418000000000200000000                               000200000                  000000000 4
SWSW2131218000000002202000000                               000000000             20   000000100 6
SWSW213451800000000000000  00                         2     000                        000000000 0
SWSW2135318000000002020000000                               000000000                  000000000 3
SWSW2136618000000000000000000                         0     000000000                  000000000 0
SWSW2137718000000000000000000                         0     000000000                  000000000 0
SWSW213811800000000000000  00                         2     000                        000000000 0
SWSW214011800000000000000  00                         2     000                        000000000 0
SWSW214361800000000000000  00                         2     000                        000000000 0
SWSW2144818000000000200002000                               000022000        0 0 0     00100  01 3
SWSW2145018                                                                            0 0     0  
SWSW214691800000000000000  00                         2     000                        000000000 0
SWSW214831800000000000000  00                         2     000                        000000000 0
SWSW215261800000000000000  00                         2     000                        000000000 0
SWSW215321800000000000000  00                         2     000                        000000000 0
SWSW2154418000000000200000000                               000000000                  000000000 1
SWSW215591800000000000000  00                         2     000                        000000000 0
SWSW2157118000000000200000000                               000000000                  000000000 1
SWSW2158718000000000000000000                         0     000000000                  000000000 0
SWSW2160618000000000000000000                         0     000000000                  000000000 0
SWSW216191800000000000000  00                         2     000                        000000000 0
SWSW216271800000000000000  00                         2     000                        000000000 0
SWSW2164318000000000220000000                               000000000                  000000000 2
SWSW216551800000000000000  00                         2     000                        000000000 0
SWSW2168818000000000000000000                         0     000000000                  000000000 0
SWSW2172418000000000000000000                         0     000000000                  000000000 0
SWSW21739180222002020020000     020 20        2                020000                  010110001 5
SWSW2174618000000000020200000                               000000000                  000000000 4
SWSW2175218000000000200000000                               000000000                  000000000 1
SWSW217781800000000000000  00                         2     000                        000000000 0
SWSW2178018000000000000000000                         0     000000000                  000000000 0
SWSW218001800000000000000  00                         2     000                        000000000 0
SWSW218371800000000000000  00                         2     000                        000000000 0
SWSW218981800000000000000  00                         2     000                        000000000 0
SWSW2190918000000000000000000                         0     000000000                  000000000 0
SWSW219171800000000000000  00                         2     000                        000000000 0
SWSW2193318000000000000000000                         0     000000000                  000000000 0
SWSW2196118000000000020000000                               000000000                  000000000 1
SWSW219861800000000000000  00                         2     000                        000000000 0
SWSW220191800000000000000  00                         2     000                        000000000 0
SWSW2203118000000000200000000                               000000000                  000000000 1
SWSW220431800000000000000  00                         2     000                        000000000 0
SWSW2207018000000000000000000                         0     000000000                  000000000 0
SWSW221281800000000000000  00                         2     000                        000000000 0
SWSW2214218000000000020000000                               000000000                  000000000 1
SWSW2218918000000000200000000                               000000000                  000000000 1
SWSW2219118022000002000200202   000 0                       000000000                  000000000 4
SWSW222111800000000000000  00                         2     000                        000000000 0
SWSW222241800000000000000  00                         2     000                        000000000 0
SWSW222461800000000000000  00                         2     000                        000000000 0
SWSW2225218000000000000000000                         0     000000000                  000000000 0
SWSW2226718220000000000000020                   02       3  000000000                 3100111002 4
SWSW222951800000000000000  00                         2     000                        000000000 0
SWSW2230018000000000000200000                               000000000                  000000000 1
SWSW2231318000000000200000000                               000000000                  000000000 1
SWSW2234918000000000000000000                         0     000000000                  000000000 0
SWSW2237618000000000200000000                               00000 000                  000000000 3
SWSW2238218000000000200000000                               000000000                  000000000 1
SWSW223981800000000000000  00                         2     000                        000000000 0
SWSW224021800000000000000  00                         2     000                        000000000 0
SWSW224101800000000000000  00                         2     000                        000000000 0
SWSW2244718000000000200000000                               000000000                  000000000 1
SWSW2245118000000000000000000                         0     000000000                  000000000 0
SWSW224681800000000000000  00                         2     000                        000000000 0
SWSW224791800000000000000  00                         2     000                        000000000 0
SWSW224841800000000000000  00                         2     000                        000000000 0
SWSW2250918000000000000000000                         0     000000000                  000000000 0
SWSW2251718000000000000000000                         0     000000000                  000000000 0
SWSW2252518220000000000000000                   02          000000000                  000000000 2
SWSW225331800000000000000  00                         2     000                        000000000 0
SWSW225581800000000000000  00                         2     000                        000000000 0
SWSW2256118000000000000000000                         0     000000000                  000000000 0
SWSW225861800000000000000  00                         2     000                        000000000 0
SWSW2259418000000000000000000                         0     000000000                  000000000 0
SWSW226051800000000000000  00                         2     000                        000000000 0
SWSW22626182222000002200000     000 0           101            00 000                  010001002 5
SWSW226441800000000000000  00                         2     000                        000000000 0
SWSW2265918000000000000000000                         0     000000000                  000000000 0
SWSW226711800000000000000  00                         2     000                        000000000 0
SWSW2270418000000000200000000                               000000000                  000000000 2
SWSW227121800000000000000  00                         2     000                        000000000 0
SWSW2272018000000000200000000                               000000000                  000000000 1
SWSW227451800000000000000  00                         2     000                        000000000 0
SWSW2275318000000000000000000                         0     000000000                  000000000 0
SWSW227661800000000000000  00                         2     000                        000000000 0
SWSW227811800000000000000  00                         2     000                        000000000 0
SWSW227991800000000000000  00                         2     000                        000000000 0
SWSW2280118000000000000000000                         0     000000000                  000000000 0
SWSW22850182220 00000000002     000 20          102            00 000                  000000000 5
SWSW2286918000000000200000000                               000000000                  000000000 3
SWSW2287518000000000000000000                         0     000000000             2    000000000 0
SWSW2289718000000000000000000                         0     000000000                  000000000 0
SWSW2293418000000000000000000                         0     000000000                  000000000 0
SWSW2295718000000000000000000                         0     000000000                  000000000 0
SWSW229621822 000002200000020   222022          101         000000000                  100000001 4
SWSW2297318000000000000000000                         0     000000000                  000000000 0
SWSW22985182202000022000000                     12             020000                  010000001 6
SWSW2299018000000000000000000                         0     000000000                  000000000 0
SWSW230291800000000000000  00                         2     000                        000000000 0
SWSW230341800000000000000  00                         2     000                        000000000 0
SWSW2304118000000000200000022 0                             0000000000 0              2100110001 2
SWSW230621800000000000000  00                         2     000                        000000000 0
SWSW230731802 2200002000000     02200            02            000000                  0 0   000 3
SWSW2308518000000000000000000                         0     000000000                  000000000 0
SWSW230901800000000000000  00                         2     000                        000000000 0
SWSW2310918000000000000000000                         0     000000000                  000000000 0
SWSW231251800000000000000  00                         2     000                        000000000 0
SWSW231331800000000000000  00                         2     000                        000000000 0
SWSW231401802000000000000  00                         2     000                        000000000 1
SWSW2315818222000002202000020   00220            01         000000000                  100000001 5
SWSW2317218000000000200000000                               000000000                  000000000 1
SWSW231941800000000000000  00                         2     000                        000000000 0
SWSW2320118                                                                            0 0     0  
SWSW2326918000000000000000000                         0     000000000                  000000000 0
SWSW2330318000000000000000000                         0     000000000                  000000000 0
SWSW233391800000000000000  00                         2     000                        000000000 0
SWSW233461800000000000000  00                         2     000                        000000000 0
SWSW2336718000000000000000000                         0     000000000                  000000000 0
SWSW2339518000000000000000000                         0     000000000                  000000000 0
SWSW234001800000000000000  00                         2     000                        000000000 0
SWSW234131800000000000000  00                         2     000                        000000000 0
SWSW2343718000000000000000000                         0     000000000                  000000000 0
SWSW2344918000000000200000000                               000000000                  000000000 1
SWSW234541800000000000000  00                         2     000                        000000000 0
SWSW2346518000000002200000000                               000000000                  000000000 3
SWSW2347618000000000000000000                         0     000000000                  000000000 0
SWSW2348218000000000000000000                         0     000000000                  000000000 0
SWSW2349818000000000200000000                               000000000                  000000000 1
SWSW2351918000000000000000000                         0     000000000                  000000000 0
SWSW2353118000000000000000000                         0     000000000                  000000000 0
SWSW2354318000000000200000000                               000000000                  000000000 1
SWSW2355518000000000000000000                         0     000000000                  000000000 0
SWSW23564180222000000000000     00200            2             000000                  000110000 1
SWSW2358818000000000000000000                         0     000000000                  000000000 0
SWSW2363018000000000000000000                         0     000000000                  000000000 0
SWSW236421800000000000000  00                         2     000                        000000000 0
SWSW236631800000000000000  00                         2     000                        000000000 0
SWSW2368918                                                                            0 0     0  
SWSW2369118000000000200000000                               000000000                  000000000 1
SWSW237021800000000000000  00                         2     000                        000000000 0
SWSW2371018000000000200000000                               000000000                  000000000 1
SWSW237351800000000000000  00                         2     000                        000000000 0
SWSW2374718000000000000000000                         0     000000000                  000000000 0
SWSW2375118000000000200000000                               000000000                  000000000 1
SWSW2376818000000000000000000                         0     000000000                  000000000 0
SWSW2380418000000000000000000                         0     000000000                  000000000 0
SWSW2381218000000000000000000                         0     000000000                  000000000 0
SWSW238201820000000022000000                                020000000     0            000000000 5
SWSW2383818000000000000000000                         0     000000000                  000000000 0
SWSW2384518000000000000000000                         0     000000000                  000000000 0
