EAEA40015180     00000   0  201111    000000000   0   00100010000000000000000000 5 11
EAEA40056180     00000   0  0000000000000000000000000000000000000000000000000000 0 00
EAEA40108180     00000   0  0000000000000000000000000000000000000000000000000000 0 00
EAEA40129182    300002  10  0000000000000000000000000000000000000000000000000000 0 02
EAEA40141180     00000   0  0000000000000000000000000000000000000000000000000000 0 00
EAEA4015718                   00000000        0000000000000000        0000000000 0 0 
EAEA40185182    200000   0  0000000000000000000000000000000000000000000000000000 0 01
EAEA40235182    122222  10  021111 11100010001011101110011001100000000000000000010 97
EAEA40247182    122002  10  2211111   100010001000100010101010100010001000110001 9 66
EAEA40251182    300200   2 1221111 111000100010000000000110011000000000000000000 7 65
EAEA40304180     00000   0  201111 111001000100000000000100010000000000000000000 6 51
EAEA40312182    300000   0  0011111   100010001000100010101010100010001000110001 9 61
EAEA40353180     00000   0  0000000000000000000000000000000000000000000000000000 0 00
EAEA40399180     02000   0  0000000000000000000000000000000000000000000000000000 0 01
EAEA40414180     00000   0  0000000000000000000000000000000000000000000000000000 0 00
EAEA40422180     20000   0  0011110   000000000000000010100010100000000000000000 7 11
EAEA40436180     00000   0  0000000000000000000000000000000000000000000000000000 0 00
EAEA40450182    100000   0  0011111   000000000000000010101010100010000000000000 7 41
EAEA40475180     00000   0  0200000000000000000000000000000000000000000000000000 0 01
EAEA40497180     02020   0  201111 000010000000000000001100010010000000000000000 8 13
EAEA40505180     00002  10  0011111   100010001000100010101010100010001000110001 9 61
EAEA40518180     20002  10  0011111   000000000000000010101010100010000000000000 7 42
EAEA40526180     00000   0  0000000000000000000000000000000000000000000000000000 0 00
EAEA40560180     00000   0  0000000000000000000000000000000000000000000000000000 0 00
EAEA40619180     00000   0  0000000000000000000000000000000000000000000000000000 0 00
EAEA40631182    322000   0  0011111   100010000000000010101010100010000000000000 8 53
EAEA40643180     00000   0  0000000000000000000000000000000000000000000000000000 0 00
EAEA40655180     00000   0  0200000000000000000000000000000000000000000000000000 0 01
EAEA40664180     00000   0  0000000000000000000000000000000000000000000000000000 0 00
EAEA40692180     00200   0  201111    000000000   0   00100010000000000000000000 5 12
EAEA40724180     00000   0  0000000000000000000000000000000000000000000000000000 0 00
EAEA40746180     00000   0  0000000000000000000000000000000000000000000000000000 0 00
EAEA40752180     00000   0  021111 111000000000000000000110011000000000000000000 6 51
EAEA40767180     00000   0  0000000000000000000000000000000000000000000000000000 0 00
EAEA40778182    420020   0  0011111   100010001000100010101010100010001000110001 9 63
EAEA40780180     00000   0  0000000000000000000000000000000000000000000000000000 0 00
EAEA40821180     00000   0  0000000000000000000000000000000000000000000000000000 0 00
EAEA40849182    400000   0  0011111   000000000000000010101010100010000000000000 7 41
EAEA40865180     00000   2 10000000000000000000000000000000000000000000000000000 0 01
EAEA4087618                   00000000        0000000000000000        0000000000 0 0 
EAEA40882180     20022 120  221111    0001000 01110   0011001 0001000 00011000  11 15
EAEA40909180     00020   0  001111    00000000 000 00000100010 000 0000000000000 5 11
EAEA40917182    100002  10  001111    1000 000 000 0001010 010000000000000000000 7 12
EAEA40925180     00000   0  0000000000000000000000000000000000000000000000000000 0 00
EAEA40958180     00000   0  0000000000000000000000000000000000000000000000000000 0 00
EAEA40972182   1300002  10  0011111   100010000000000010101010100010000000000000 8 52
EAEA40986180     00000   0  0000000000000000000000000000000000000000000000000000 0 00
EAEA409941821234500000   0  201111    1000 000 000 0001010 010000000000000000000 7 12
EAEA41010182    500000   0  2211111   100010001000100010101010100010001000110001 9 63
EAEA41047180     20220   0  201111    00000000 000 00000100010 000 0000000000000 5 14
EAEA41051180     00000   0  0000000000000000000000000000000000000000000000000000 0 00
EAEA410791821234502000   212201111 11100100010011101110010001000100010001010010110 94
EAEA41084182   3422002  10  2011111   100010000000000010101010100010000000000000 8 55
EAEA41096180     00000   0  0000000000000000000000000000000000000000000000000000 0 00
EAEA41111182    400020   0  001111    00000000 000 00000100010 000 0000000000000 5 12
EAEA41124180     02002  10  001111 11101000100011101110110011001000100010010100111102
EAEA41152182    100000   0  001111    00000000 000 0001010 010000000000000000000 6 11
EAEA41178180     00000   0  0000000000000000000000000000000000000000000000000000 0 00
EAEA41195180     00000   0  0000000000000000000000000000000000000000000000000000 0 00
EAEA41207180     00000   0  0000000000000000000000000000000000000000000000000000 0 00
EAEA41242180     00000   0  0000000000000000000000000000000000000000000000000000 0 00
EAEA41274180     00000   0  201111 000001000000000000000100010001000000000000000 7 11
EAEA41289180     00020   0  0011111   100010001000100010101010100010001000110001 9 61
EAEA41325180     00000   0  0000000000000000000000000000000000000000000000000000 0 00
EAEA41333182    100000   0  0000000000000000000000000000000000000000000000000000 0 01
EAEA41361182    400022  10  0011111   100010001000100010101010100010001000110001 9 63
EAEA41372182   3422200   0  0011111   100010000000000000100010100010000000000000 7 44
EAEA41386180     00002  10  0011111   100010000000000010101010100010000000000000 8 51
EAEA41394180     00000   0  0000000000000000000000000000000000000000000000000000 0 00
EAEA41419180     20200   0  0011111   100010000000000010101010100010000000000000 8 52
EAEA41431182 123420200   0  2211111   100010000000000010101010100010000000000000 8 55
EAEA41443180     00000   0  0000000000000000000000000000000000000000000000000000 0 00
EAEA41455180     00202  10  021111    00000000 000 00000100010 000 0000000000000 5 13
EAEA43011180     20000   0  0000000000000000000000000000000000000000000000000000 0 01
EAEA43024182    320000   0  0011111   100010000000000010101010100010000000000000 8 52
EAEA43039180     00000   0  0000000000000000000000000000000000000000000000000000 0 00
EAEA43052182   1500000   0  0011111   100010000000000010101010100010000000000000 8 51
EAEA43067180     00000   0  0000000000000000000000000000000000000000000000000000 0 00
EAEA43078180     00000   0  0000000000000000000000000000000000000000000000000000 0 00
EAEA43095182 234520002  10  201111 111001000100000000000100010001000100000000000 7 64
EAEA43138182   1400000   0  001111    00000000 000 00000100010 000 0000000000000 5 11
EAEA4314518                   00000000        0000000000000000        0000000000 0 0 
EAEA43153182 134520000   0  0011111   000000000000000010101010100010000000000000 7 42
EAEA43166180     20000   0  0000000000000000000000000000000000000000000000000000 0 01
EAEA43177180     00000   0  0000000000000000000000000000000000000000000000000000 0 00
EAEA43181180     22000   0  001111    00000000 000 00000100010 000 0000000000000 5 12
EAEA43206180     22002  10  0011111   100010000000000010101010100010000000000000 8 53
EAEA43231182 134502220   2122011111   100010001000100010101010100010001000110001 9 66
EAEA43255180     00000   0  0000000000000000000000000000000000000000000000000000 0 00
EAEA43270180     00000   0  0000000000000000000000000000000000000000000000000000 0 00
EAEA43292180     00000   0  0000000000000000000000000000000000000000000000000000 0 00
EAEA43334182   1320000   0  0011110   100000000000000010100010100000000000000000 8 12
EAEA43357180     20000   0  0011111   100010000000000010101010100010000000000000 8 51
EAEA43373182  34520002  12 20011111   100010000000000010101010100010000000000000 8 54
EAEA43390180     20000   0  0000000000000000000000000000000000000000000000000000 0 01
EAEA43426180     00000   0  0000000000000000000000000000000000000000000000000000 0 00
EAEA43459180     20000   0  201111    00000000 000 0001010 010000000000000000000 6 12
EAEA43548180     00000   0  0000000000000000000000000000000000000000000000000000 0 00
EAEA43550180     00000   0  201111    000000000   0   00100010000000000000000000 5 11
EAEA43583180     00000   0  0000000000000000000000000000000000000000000000000000 0 00
EAEA43602182    300000   0  0011111   100010000000000010101010100010000000000000 8 51
EAEA43635182    300000   0  0000000000000000000000000000000000000000000000000000 0 01
EAEA43651182    400000   0  001111    1000 000 000 0001010 010000000000000000000 7 11
EAEA43684180     00000   0  0000000000000000000000000000000000000000000000000000 0 00
EAEA43707180     20022  10  0211110   100000000000000010100010100000000000000000 8 14
EAEA43715180     00000   0  0000000000000000000000000000000000000000000000000000 0 00
EAEA43742180     00000   0  0000000000000000000000000000000000000000000000000000 0 00
EAEA43774182    100202  30  0011111   100010001000100010101010100010001000110001 9 63
EAEA437891821234522222  10  2011111   100010000000000010101010100010000000000000 8 57
EAEA43817180     00002  10  0000000000000000000000000000000000000000000000000000 0 01
EAEA438251821234502000   0  001111    000000000   0   001000100 000 000000000000 5 12
EAEA43840182 123420000   0  0011110   100000000000000010100010100000000000000000 8 12
EAEA43858180     00000   0  0000000000000000000000000000000000000000000000000000 0 00
EAEA43861180     00000   0  0000000000000000000000000000000000000000000000000000 0 00
EAEA43913182    402000   0  201111 111001000100000000000100010000000000000000000 6 53
EAEA43921180     00000   0  0000000000000000000000000000000000000000000000000000 0 00
EAEA43937180     00000   0  0000000000000000000000000000000000000000000000000000 0 00
EAEA43965182    4222221232 12011111   000000000000000010101010100010000000000000 7 48
EAEA43982182    302000   0  0011111   000000000000000010101010100010000000000000 7 42
EAEA43998182    400000   0  0011111   100010000000000010101010100010000000000000 8 51
EAEA44017180     20000   0  0000000000000000000000000000000000000000000000000000 0 01
EAEA44025180     00002  20  201111 111001000100000000000100010000000000000000000 6 52
EAEA44033182    202200   2 12200000000000000000000000000000000000000000000000000 0 06
EAEA44040180     00000   0  0000000000000000000000000000000000000000000000000000 0 00
EAEA44058180     00000   0  0000000000000000000000000000000000000000000000000000 0 00
EAEA44072182  345000021230  0000000000000000000000000000000000000000000000000000 0 02
EAEA44086180     20000   0  0011111   000000000000000010101010100010000000000000 7 41
EAEA44094180     00000   0  0000000000000000000000000000000000000000000000000000 0 00
EAEA44126182  13420000   2 1201111 111001000100000000000100010001000100000000000 7 64
EAEA44144182    402000   0  0011111   100010000000000010101010100010000000000000 8 52
EAEA44160180     02002  10  001111    00000000 000 00000100010 000 0000000000000 5 12
EAEA44171180     20000   0  001111    1000 000 000 0001010 010000000000000000000 7 11
EAEA44200180     00000   0  0000000000000000000000000000000000000000000000000000 0 00
EAEA44213182    122000   2 1001111 000010000000000000001100010010000000000000000 8 14
EAEA44221180     00000   0  0000000000000000000000000000000000000000000000000000 0 00
EAEA44249180     00000   0  0000000000000000000000000000000000000000000000000000 0 00
EAEA44254180     00000   0  0000000000000000000000000000000000000000000000000000 0 00
EAEA44265180     20000   0  2011111   000000000000000010101010100010000000000000 7 42
EAEA44298180     20002  10  0011111   100010000000000010101010100010000000000000 8 52
EAEA44302180     00000   0  0000000000000000000000000000000000000000000000000000 0 00
EAEA44310182    322002  10  0011111   000000000000000010101010100010000000000000 7 44
EAEA44351182    400000   0  201111 111001000100000000000100010000000000000000000 6 52
EAEA44368180     00002  10  0211111   100010001000100010101010100010001000110001 9 62
EAEA44379180     00000   0  0000000000000000000000000000000000000000000000000000 0 00
EAEA44396180     00002  10  001111    1000 000 000 00000100010000000000000000000 6 11
EAEA44453182   1420020   0  0011111   100010001000100010101010100010001000110001 9 63
EAEA44481180     00000   0  0000000000000000000000000000000000000000000000000000 0 00
EAEA44515180     00000   0  201111 111001000100000000000100010000000000000000000 6 51
EAEA45034180     20000   0  001111    1000 000 000 0001010 010000000000000000000 7 11
EAEA45041182    300000   0  2011111   100010000000000010101010100010000000000000 8 52
EAEA45057180     20000   0  0000000000000000000000000000000000000000000000000000 0 01
EAEA45062180     00000   0  0000000000000000000000000000000000000000000000000000 0 00
EAEA45085182    500000   0  001111    1000 000 000 00000100010000000000000000000 6 11
EAEA45158182  123220021232120011111   100010000000000010101010100010000000000000 8 55
EAEA45172182 123400000   0  0000000000000000000000000000000000000000000000000000 0 01
EAEA45194182   3400000   0  001111    00000000 000 0001010 010000000000000000000 6 11
EAEA45201182   1322202  10  0011111   100010000000000010101010100010000000000000 8 55
EAEA45236180     00000   0  0000000000000000000000000000000000000000000000000000 0 00
EAEA45248182    300002  12 10011110   100000000000000010100010100000000000000000 8 13
EAEA45275180     00000   0  2000000000000000000000000000000000000000000000000000 0 01
EAEA45283180     00000   0  0000000000000000000000000000000000000000000000000000 0 00
EAEA45303180     00000   0  0000000000000000000000000000000000000000000000000000 0 00
EAEA45311182   3400002  10  0011111   100010000000000010101010100010000000000000 8 52
EAEA45324182    400000   0  0011111   100010000000000010101010100010000000000000 8 51
EAEA45346180     00000   0  0000000000000000000000000000000000000000000000000000 0 00
EAEA45352180     00000   0  0000000000000000000000000000000000000000000000000000 0 00
EAEA45367180     00000   0  0000000000000000000000000000000000000000000000000000 0 00
EAEA45395180     02000   0  001111 111010001000000000001100110010001000000000000 8 71
EAEA45400182    102000   2 10011111   000000001000100010101010100010000000000000 8 53
EAEA45437182   1322002 122 12011111   100010000000000010101010100010000000000000 8 56
EAEA45454182    100000   0  001111    00000000 000 0001010 010000000000000000000 6 11
EAEA45476180     20000   0  001111    00000000 000 00000100010 000 0000000000000 5 11
EAEA45498180     00000   0  0000000000000000000000000000000000000000000000000000 0 00
EAEA45506180     00002  20  0000000000000000000000000000000000000000000000000000 0 01
EAEA45527182    320002  10  0211111   100010001000100010101010100010001000110001 9 64
EAEA45531180     00000   0  0000000000000000000000000000000000000000000000000000 0 00
EAEA45555182    400000   0  201111 111001000100000000000100010000000000000000000 6 52
EAEA45570182    402000   0  0011111   100010001000100010101010100010001000110001 9 62
EAEA45588180     02020   0  001111    000000000   0   001000100 000 000000000000 5 12
EAEA45592180     20000   0  0011111   000000000000000010101010100010000000000000 7 41
EAEA45628180     00002  10  0000000000000000000000000000000000000000000000000000 0 01
EAEA45630180     02000   0  001111 111010001000000000000100010010001000000000000 7 61
EAEA45642180     20000   0  0011111   100010000000000010101010100010000000000000 8 51
EAEA45663182    120000   0  0011111   100010001000100010101010100010001000110001 9 62
EAEA45674180     00000   0  0000000000000000000000000000000000000000000000000000 0 00
EAEA45702180     00000   0  0000000000000000000000000000000000000000000000000000 0 00
EAEA45735180     00000   0  0000000000000000000000000000000000000000000000000000 0 00
EAEA45747182    300000   0  2000000000000000000000000000000000000000000000000000 0 02
EAEA45751180     00000   0  0000000000000000000000000000000000000000000000000000 0 00
EAEA45768180     00000   0  0000000000000000000000000000000000000000000000000000 0 00
EAEA45796180     00000   0  0000000000000000000000000000000000000000000000000000 0 00
EAEA45812180     20000   0  0000000000000000000000000000000000000000000000000000 0 01
EAEA45845180     22200   0  0011111   100010000000000010101010100010000000000000 8 53
EAEA45866182   1422002  10  0011111   100010000000000010101010100010000000000000 8 54
EAEA45899180     00000   0  0000000000000000000000000000000000000000000000000000 0 00
EAEA45918180     220021232 1201111 111001000100000000000100010000000000000000000 6 55
EAEA45944182   2520000   0  0000000000000000000000000000000000000000000000000000 0 02
MWMW00175182    422022  10  201111 11100100010011101110010001000100010001010010110 96
MWMW00183180     00000   0  0000000000000000000000000000000000000000000000000000 0 00
MWMW00217180     00000   0  021111 111000000000000000000110011000100010000000000 7 61
MWMW00258180     22002  10  001111    00000000 000 0001010 010000000000000000000 6 13
MWMW00272182    100000   0  0011111   100010000000000010101010100010000000000000 8 51
MWMW00286180     00000   0  201111 111001000100000000000100010000000000000000000 6 51
MWMW00331180     20000   0  001111    00000000 000 00000100010 000 0000000000000 5 11
MWMW00355180     00200   0  221111 111000000000000000000110011000000000000000000 6 53
MWMW00364180     00000   0  0000000000000000000000000000000000000000000000000000 0 00
MWMW00408182    400000   0  0011111   100010000000000010101010100010000000000000 8 51
MWMW00416180     22000   0  0011111   100010001000100010101010100010001000110001 9 62
MWMW00441180     00000   0  0000000000000000000000000000000000000000000000000000 0 00
MWMW00457180     20000   0  021111    1000 000 000 00000100010000000000000000000 6 12
MWMW00462180     00000   0  201111 111001000100000000000100010000000000000000000 6 51
MWMW00473180     20000   0  001111    1000 000 000 00000100010000000000000000000 6 11
MWMW00485180     00000   0  201111 111001000100000000000100010000000000000000000 6 51
MWMW00539182    400022  10  001111    1000 000 000 0001010 010000000000000000000 7 13
MWMW00546180     00000   0  0000000000000000000000000000000000000000000000000000 0 00
MWMW00552180     20000   0  001111    1000 000 000 00000100010000000000000000000 6 11
MWMW00578180     00000   0  0000000000000000000000000000000000000000000000000000 0 00
MWMW00580180     00000   0  0000000000000000000000000000000000000000000000000000 0 00
MWMW00595180     00000   0  0000000000000000000000000000000000000000000000000000 0 00
MWMW00612182    500000   0  001111    1000 000 000 0001010 010000000000000000000 7 11
MWMW00638180     20000   2 10011111   100010000000000000100010100010000000000000 7 42
MWMW00645180     02000   0  001111 111010001000000000001100110010001000000000000 8 71
MWMW00653180     22202 130  0011110   000000001000000010100010100000000000000000 8 14
MWMW00699180     20022  10  2211111   100010001000100010101010100010001000110001 9 65
MWMW00718180     00000   0  0000000000000000000000000000000000000000000000000000 0 00
MWMW00726180     20000   0  0011111   100010000000000000100010100010000000000000 7 41
MWMW00771182    402000   0  0011111   100010000000000010101010100010000000000000 8 52
MWMW00863180     00000   0  0000000000000000000000000000000000000000000000000000 0 00
MWMW00874182    1200021230  0011111   100010001000100010101010100010001000110001 9 63
MWMW00889180     00000   0  0000000000000000000000000000000000000000000000000000 0 00
MWMW00891182    300000   0  0000000000000000000000000000000000000000000000000000 0 01
MWMW00947180     20002  10  0011111   100010001000100010101010100010001000110001 9 62
MWMW00968180     00000   0  0000000000000000000000000000000000000000000000000000 0 00
MWMW01086180     20000   0  0011111   100010001000100010101010100010001000110001 9 61
MWMW01160182    300000   0  0000000000000000000000000000000000000000000000000000 0 01
MWMW01171180     00000   0  201111 111001000100000000000100010000000000000000000 6 51
MWMW01200180     00000   0  201111 111001000100000000000100010001000100000000000 7 61
MWMW01249182    300000   0  0011111   100010001000100010101010100010001000110001 9 61
MWMW01276180     00000   0  0000000000000000000000000000000000000000000000000000 0 00
MWMW01302182    300000   0  001111    1000 000 000 0001010 010000000000000000000 7 11
MWMW01347180     00000   0  0000000000000000000000000000000000000000000000000000 0 00
MWMW01351180     00000   0  0000000000000000000000000000000000000000000000000000 0 00
MWMW01396180     00000   0  0000000000000000000000000000000000000000000000000000 0 00
MWMW01420180     20022  10  0011111   100010000000000010101010100010000000000000 8 53
MWMW01438182    300000   0  2011111   000000000000000010101010100010000000000000 7 42
MWMW01528180     00000   0  0000000000000000000000000000000000000000000000000000 0 00
MWMW01591180     00000   0  0000000000000000000000000000000000000000000000000000 0 00
MWMW01629180     00000   0  0000000000000000000000000000000000000000000000000000 0 00
MWMW01657182    120000   0  0000000000000000000000000000000000000000000000000000 0 02
MWMW01673182    200000   0  0000000000000000000000000000000000000000000000000000 0 01
MWMW01685182    1200021232 10011111   100010000000000010101010100010000000000000 8 54
MWMW01852180     20000   0  0011111   100010000000000010101010100010000000000000 8 51
MWMW01895182    120002 122 12011111   100010000000000010101010100010000000000000 8 55
MWMW01906180     00000   2 10000000000000000000000000000000000000000000000000000 0 01
MWMW0192718                   00000000        0000000000000000        0000000000 0 0 
MWMW01943182    400000   0  221111 111001000100000000000100010001000100000000000 7 63
MWMW01988180     00000   0  0000000000000000000000000000000000000000000000000000 0 00
MWMW0200818                   00000000        0000000000000000        0000000000 0 0 
MWMW02016182    402000   0  221111 111000100010000000000100010000000000000000000 6 54
MWMW02041180     00000   0  0000000000000000000000000000000000000000000000000000 0 00
MWMW02057182 123422000   0  201111 111001000100000000000100010000000000000000000 6 54
MWMW02117180     00000   0  0200000000000000000000000000000000000000000000000000 0 01
MWMW02125182    500000   0  0000000000000000000000000000000000000000000000000000 0 01
MWMW02158180     02000   0  0000000000000000000000000000000000000000000000000000 0 01
MWMW02161182    200000   0  0011111   100010000000000010101010100010000000000000 8 51
MWMW02172180     00000   0  0000000000000000000000000000000000000000000000000000 0 00
MWMW02222180     00000   0  0000000000000000000000000000000000000000000000000000 0 00
MWMW02236180     00022  30  0000000000000000000000000000000000000000000000000000 0 02
MWMW02269182    122002  10  0011111   100010001000100010101010100010001000110001 9 64
MWMW02275182   1300022  30  0011110   100000000000000010100010100000000000000000 8 13
MWMW02311180     00002  10  0011111   100010000000000010101010100010000000000000 8 51
MWMW02378180     20000   0  001111    00000000 000 0001010 010000000000000000000 6 11
MWMW02380180     20000   0  0011111   100010001000100010101010100010001000110001 9 61
MWMW02400180     00000   0  0000000000000000000000000000000000000000000000000000 0 00
MWMW02476180     00000   0  0000000000000000000000000000000000000000000000000000 0 00
MWMW02531180     00000   0  0000000000000000000000000000000000000000000000000000 0 00
MWMW02543180     00000   0  0000000000000000000000000000000000000000000000000000 0 00
MWMW02588180     00000   0  0000000000000000000000000000000000000000000000000000 0 00
MWMW02592180     20000   0  0011110   100000000000000010100010100000000000000000 8 11
MWMW02615180     22000   0  2011111   100010000000000010101010100010000000000000 8 53
MWMW02689182    100002  10  0011111   100010001000100010101010100010001000110001 9 62
MWMW02723180     200021230  0011111   100010000000000010101010100010000000000000 8 52
MWMW02735180     00000   0  0000000000000000000000000000000000000000000000000000 0 00
MWMW02747180     00000   0  0000000000000000000000000000000000000000000000000000 0 00
MWMW02751182 134500000   0  0011111   100010000000000010101010100010000000000000 8 51
MWMW02779180     00000   0  0000000000000000000000000000000000000000000000000000 0 00
MWMW02784180     00020   0  201111    000000000   0   00100010000000000000000000 5 12
MWMW02853182    420000   0  0011111   100010001000100010101010100010001000110001 9 62
MWMW02899182  34502000   0  0011111   100010000000000010101010100010000000000000 8 52
MWMW02932182    320000   0  0211111   100010000000000010101010100010000000000000 8 53
MWMW03026180     00000   0  0000000000000000000000000000000000000000000000000000 0 00
MWMW03060180     00000   0  0000000000000000000000000000000000000000000000000000 0 00
MWMW03071182    420222  12 10011111   100010001000100010101010100010001000110001 9 66
NWNW30020180     20000   0  0211111   100010000000000010101010100010000000000000 8 52
NWNW30045182  23420000   0  2011111   100010000000000010101010100010000000000000 8 53
NWNW30053182    520200   2 10011111   000000001000100010101010100010000000000000 8 54
NWNW30077182    402000   0  221111 111001000100000000000100010000000000000000000 6 54
NWNW30081180     00000   0  0000000000000000000000000000000000000000000000000000 0 00
NWNW30099180     00000   2 10011111   100010000000000010101010100010000000000000 8 51
NWNW30113180     00000   0  0000000000000000000000000000000000000000000000000000 0 00
NWNW30121180     00202  10  001111    1000 000 000 00000100010000000000000000000 6 12
NWNW30149180     00000   0  0000000000000000000000000000000000000000000000000000 0 00
NWNW30154180     00000   0  0000000000000000000000000000000000000000000000000000 0 00
NWNW30182182   3400000   0  001111    1000 000 000 0001010 010000000000000000000 7 11
NWNW30205182    500000   0  2011111   100010000000000010101010100010000000000000 8 52
NWNW30218180     00000   0  0000000000000000000000000000000000000000000000000000 0 00
NWNW30226182    300000   0  0011111   100010000000000010101010100010000000000000 8 51
NWNW30244180     00000   0  0000000000000000000000000000000000000000000000000000 0 00
NWNW30259180     00000   0  0000000000000000000000000000000000000000000000000000 0 00
NWNW30260182    120002  12 1021111    000000000   0   00100010000000000000000000 5 15
NWNW30271182    300000   0  0000000000000000000000000000000000000000000000000000 0 01
NWNW30287182    520000   0  0011111   000000001000100010101010100010000000000000 8 52
NWNW30293182   1400000   0  201111 111001000100000000000100010000000000000000000 6 52
NWNW30315180     00000   0  0000000000000000000000000000000000000000000000000000 0 00
NWNW30328182    402020   0  201111 111001000100000000000100010001000100000000000 7 64
NWNW30330180     00000   0  0000000000000000000000000000000000000000000000000000 0 00
NWNW30356180     00000   0  0000000000000000000000000000000000000000000000000000 0 00
NWNW30363180     00000   0  0000000000000000000000000000000000000000000000000000 0 00
NWNW30374182    100000   0  0000000000000000000000000000000000000000000000000000 0 01
NWNW30389180     00000   0  0000000000000000000000000000000000000000000000000000 0 00
NWNW30391180     20202  10  2011111   100010001000100010101010100010001000110001 9 64
NWNW30409180     00000   0  0000000000000000000000000000000000000000000000000000 0 00
NWNW30417180     00000   0  0000000000000000000000000000000000000000000000000000 0 00
NWNW30425180     00000   0  0000000000000000000000000000000000000000000000000000 0 00
NWNW30433180     00000   0  0000000000000000000000000000000000000000000000000000 0 00
NWNW30486180     20002  30  0000000000000000000000000000000000000000000000000000 0 02
NWNW30494180     00000   0  0000000000000000000000000000000000000000000000000000 0 00
NWNW30502182   1320202 122 10011110   100000000000000010100010100000000000000000 8 15
NWNW30523180     20000   0  0000000000000000000000000000000000000000000000000000 0 01
NWNW30535180     00000   0  201111 111001000100000000000100010001000100000000000 7 61
NWNW30547180     00000   0  0000000000000000000000000000000000000000000000000000 0 00
NWNW30551182    100000   0  0011111   100010001000100010101010100010001000110001 9 61
NWNW30568180     00000   0  0000000000000000000000000000000000000000000000000000 0 00
NWNW30579180     00000   0  0000000000000000000000000000000000000000000000000000 0 00
NWNW30584182    100022  10  0000000000000000000000000000000000000000000000000000 0 03
NWNW30603180     00000   0  0000000000000000000000000000000000000000000000000000 0 00
NWNW30611180     00000   0  0000000000000000000000000000000000000000000000000000 0 00
NWNW30624182    100000   0  201111 111001000100000000000100010000000000000000000 6 52
NWNW30639180     00000   0  0000000000000000000000000000000000000000000000000000 0 00
NWNW30646180     00000   0  0000000000000000000000000000000000000000000000000000 0 00
NWNW30652180     00000   0  0000000000000000000000000000000000000000000000000000 0 00
NWNW30678182    400000   0  0000000000000000000000000000000000000000000000000000 0 01
NWNW30680182    400000   0  0011111   100010000000000010101010100010000000000000 8 51
NWNW30706180     00000   0  0000000000000000000000000000000000000000000000000000 0 00
NWNW30719180     00000   0  0000000000000000000000000000000000000000000000000000 0 00
NWNW30727180     00000   0  0000000000000000000000000000000000000000000000000000 0 00
NWNW30743180     02020   0  0011111   000000000000000010101010100010000000000000 7 42
NWNW30764180     00000   0  0000000000000000000000000000000000000000000000000000 0 00
NWNW30770180     00000   0  0000000000000000000000000000000000000000000000000000 0 00
NWNW30788180     00000   0  0000000000000000000000000000000000000000000000000000 0 00
NWNW30808180     00000   0  0000000000000000000000000000000000000000000000000000 0 00
NWNW30816180     20200   2 10011111   100010000000000010101010100010000000000000 8 53
NWNW30829180     00000   0  0000000000000000000000000000000000000000000000000000 0 00
NWNW30834180     00000   0  0000000000000000000000000000000000000000000000000000 0 00
NWNW30873180     00000   0  0000000000000000000000000000000000000000000000000000 0 00
NWNW30885180     00000   0  0000000000000000000000000000000000000000000000000000 0 00
NWNW30890182    320020   0  021111    1000 000 000 0001010 010000000000000000000 7 14
NWNW30901182    420202  12 12211111   100010000000000010101010100010000000000000 8 57
NWNW30922180     00200   2 2001111    00000000 000 0001010 010000000000000000000 6 12
NWNW30936180     00000   0  221111 111000100010000000000110011000000000000000000 7 62
NWNW30948180     00000   0  0000000000000000000000000000000000000000000000000000 0 00
NWNW30950180     00000   2 10000000000000000000000000000000000000000000000000000 0 01
NWNW30969180     00200   0  001111    1000 000 000 00000100010000000000000000000 6 11
NWNW30997180     20022  10  0011111   100010001000100010101010100010001000110001 9 63
NWNW31005182    400002  10  001111    1000 000 000 00000100010000000000000000000 6 12
NWNW31018180     00000   0  0000000000000000000000000000000000000000000000000000 0 00
NWNW31026180     00000   0  0000000000000000000000000000000000000000000000000000 0 00
NWNW31032180     00000   0  0000000000000000000000000000000000000000000000000000 0 00
NWNW31044180     00000   0  0000000000000000000000000000000000000000000000000000 0 00
NWNW31060180     00000   0  0000000000000000000000000000000000000000000000000000 0 00
NWNW31071180     00000   0  0000000000000000000000000000000000000000000000000000 0 00
NWNW31087180     00000   0  0000000000000000000000000000000000000000000000000000 0 00
NWNW31106180     00000   0  0000000000000000000000000000000000000000000000000000 0 00
NWNW31119180     00000   0  0000000000000000000000000000000000000000000000000000 0 00
NWNW31127180     00000   0  0000000000000000000000000000000000000000000000000000 0 00
NWNW31131180     22000   0  001111 111010001000000000001100110010001000000000000 8 72
NWNW31143182   1400000   0  0000000000000000000000000000000000000000000000000000 0 01
NWNW31155182    420000   0  001111    00000000 000 0001010 010000000000000000000 6 12
NWNW31164180     00000   0  0000000000000000000000000000000000000000000000000000 0 00
NWNW31170182   1300002  10  001111    1000 000 000 0001010 010000000000000000000 7 12
NWNW31188180     00000   0  0000000000000000000000000000000000000000000000000000 0 00
NWNW31192180     20000   0  0011111   100010000000000010101010100010000000000000 8 51
NWNW31212180     00000   0  0000000000000000000000000000000000000000000000000000 0 00
NWNW31220180     00000   0  0000000000000000000000000000000000000000000000000000 0 00
NWNW31245180     00000   0  0000000000000000000000000000000000000000000000000000 0 00
NWNW31253180     00020   0  0000000000000000000000000000000000000000000000000000 0 01
NWNW31277180     20000   0  0011111   100010000000000010101010100010000000000000 8 51
NWNW31299180     00000   0  0000000000000000000000000000000000000000000000000000 0 00
NWNW31301180     00000   0  0000000000000000000000000000000000000000000000000000 0 00
NWNW31322180     00000   0  0000000000000000000000000000000000000000000000000000 0 00
NWNW31336180     00000   0  0000000000000000000000000000000000000000000000000000 0 00
NWNW31348180     00000   0  0000000000000000000000000000000000000000000000000000 0 00
NWNW31350180     00200   0  0000000000000000000000000000000000000000000000000000 0 01
NWNW31369180     20022  10  0011111   100010000000000010101010100010000000000000 8 53
NWNW31375180     00000   0  0000000000000000000000000000000000000000000000000000 0 00
NWNW31397180     00000   0  0000000000000000000000000000000000000000000000000000 0 00
NWNW31403180     00000   0  0000000000000000000000000000000000000000000000000000 0 00
NWNW31424180     00000   0  0000000000000000000000000000000000000000000000000000 0 00
NWNW31439180     00000   0  0000000000000000000000000000000000000000000000000000 0 00
NWNW31446182    500000   0  0011111   100010000000000010101010100010000000000000 8 51
NWNW31467180     00000   0  0000000000000000000000000000000000000000000000000000 0 00
NWNW31478180     00000   0  0000000000000000000000000000000000000000000000000000 0 00
NWNW31480180     00002  10  0000000000000000000000000000000000000000000000000000 0 01
NWNW31495180     00000   0  0000000000000000000000000000000000000000000000000000 0 00
NWNW32033180     00000   0  0000000000000000000000000000000000000000000000000000 0 00
NWNW32058180     00000   0  0000000000000000000000000000000000000000000000000000 0 00
NWNW32061180     00000   0  0000000000000000000000000000000000000000000000000000 0 00
NWNW32072180     00000   0  0000000000000000000000000000000000000000000000000000 0 00
NWNW32086180     00000   0  0000000000000000000000000000000000000000000000000000 0 00
NWNW32094182    302020   0  201111 11100100010011101110010001000100010001010010110 94
NWNW32118180     00000   0  0000000000000000000000000000000000000000000000000000 0 00
NWNW32144182    120000   0  0011111   100010000000000010101010100010000000000000 8 52
NWNW32160180     20000   2 10011111   100010000000000010101010100010000000000000 8 52
NWNW32171180     02000   0  201111 111001000100000000000100010001000100000000000 7 62
NWNW32200180     00000   0  0000000000000000000000000000000000000000000000000000 0 00
NWNW32213180     20002  10  001111    00000000 000 00000100010 000 0000000000000 5 12
NWNW32249180     00000   0  0000000000000000000000000000000000000000000000000000 0 00
NWNW32265180     00000   0  201111 000001000000000000000100010001000000000000000 7 11
NWNW32276180     00000   0  0000000000000000000000000000000000000000000000000000 0 00
NWNW32298180     00000   0  0000000000000000000000000000000000000000000000000000 0 00
NWNW32302180     00000   2 10000000000000000000000000000000000000000000000000000 0 01
NWNW32335182    120000   0  0011111   100010000000000010101010100010000000000000 8 52
NWNW32347180     00000   0  0000000000000000000000000000000000000000000000000000 0 00
NWNW32368180     00000   0  0000000000000000000000000000000000000000000000000000 0 00
NWNW32384180     00000   0  0000000000000000000000000000000000000000000000000000 0 00
NWNW32412180     00002 132 10011111   000000001000100010101010100010000000000000 8 52
NWNW32438180     00000   0  0000000000000000000000000000000000000000000000000000 0 00
NWNW32445180     20000   0  201111 111001000100000000000100010000000000000000000 6 52
NWNW32453180     00000   0  0000000000000000000000000000000000000000000000000000 0 00
NWNW32466180     00200   0  0011111   100010001000100010101010100010001000110001 9 61
NWNW32481182    500000   0  001111    00000000 000 00000100010 000 0000000000000 5 11
NWNW32507180     00000   0  201111    001000 00   0   00100010000000000000000000 6 11
NWNW32515180     20000   0  201111    1000 000 000 0001010 010000000000000000000 7 12
NWNW32528182    500000   0  0000000000000000000000000000000000000000000000000000 0 01
NWNW32530180     00000   0  0000000000000000000000000000000000000000000000000000 0 00
NWNW32556180     00000   0  0000000000000000000000000000000000000000000000000000 0 00
NWNW32591180     00000   0  201111 111001000100000000000100010000000000000000000 6 51
NWNW32608182   3500022  10  2011111   100010000000000010101010100010000000000000 8 54
NWNW32629180     00000   0  0000000000000000000000000000000000000000000000000000 0 00
NWNW32641180     00000   0  0000000000000000000000000000000000000000000000000000 0 00
NWNW32673180     00200   0  001111    1000 000 000 0001010 010000000000000000000 7 11
NWNW32685180     00000   0  0000000000000000000000000000000000000000000000000000 0 00
NWNW32701180     00000   0  0000000000000000000000000000000000000000000000000000 0 00
NWNW32750180     00000   0  0000000000000000000000000000000000000000000000000000 0 00
NWNW32769180     00000   0  0000000000000000000000000000000000000000000000000000 0 00
NWNW32775180     00000   0  0000000000000000000000000000000000000000000000000000 0 00
NWNW32783180     00000   0  0000000000000000000000000000000000000000000000000000 0 00
NWNW32797180     00000   0  0000000000000000000000000000000000000000000000000000 0 00
NWNW32803180     00000   0  0000000000000000000000000000000000000000000000000000 0 00
NWNW32811180     00000   0  0000000000000000000000000000000000000000000000000000 0 00
NWNW32824180     00000   0  0000000000000000000000000000000000000000000000000000 0 00
NWNW32839182    100000   0  0000000000000000000000000000000000000000000000000000 0 01
NWNW32846180     00000   0  201111 111001000100000000000100010001000100000000000 7 61
NWNW32867182    402000   0  001111 111010001000000000001100110010001000000000000 8 72
NWNW32878180     00000   0  0000000000000000000000000000000000000000000000000000 0 00
NWNW32895180     00000   0  0000000000000000000000000000000000000000000000000000 0 00
NWNW32906180     00000   0  0000000000000000000000000000000000000000000000000000 0 00
NWNW32919180     00000   0  0000000000000000000000000000000000000000000000000000 0 00
NWNW32943180     00000   0  0000000000000000000000000000000000000000000000000000 0 00
NWNW32955180     00000   0  0000000000000000000000000000000000000000000000000000 0 00
NWNW33006180     00000   0  0000000000000000000000000000000000000000000000000000 0 00
NWNW33027180     00000   0  0000000000000000000000000000000000000000000000000000 0 00
NWNW33031180     00000   0  0000000000000000000000000000000000000000000000000000 0 00
NWNW33043180     00000   0  0000000000000000000000000000000000000000000000000000 0 00
NWNW33064182   1300020   0  0011111   100010000000000010101010100010000000000000 8 52
NWNW33070182    300000   0  0011111   100010000000000010101010100010000000000000 8 51
NWNW33107180     00000   0  0000000000000000000000000000000000000000000000000000 0 00
NWNW33115180     00000   0  0000000000000000000000000000000000000000000000000000 0 00
NWNW33468180     00000   0  0000000000000000000000000000000000000000000000000000 0 00
NWNW34489180     00000   0  0000000000000000000000000000000000000000000000000000 0 00
NWNW34504180     00000   0  0000000000000000000000000000000000000000000000000000 0 00
SOSO10034180     00000   0  0000000000000000000000000000000000000000000000000000 0 00
SOSO10041182  34502000   0  0011111   000000000000000010101010100010000000000000 7 42
SOSO10125180     00000   0  0000000000000000000000000000000000000000000000000000 0 00
SOSO10133180     00000   0  0000000000000000000000000000000000000000000000000000 0 00
SOSO10201180     00000   0  0000000000000000000000000000000000000000000000000000 0 00
SOSO10222182    300000   0  201111    000000000   0   00100010000000000000000000 5 12
SOSO10236180     00020   0  0000000000000000000000000000000000000000000000000000 0 01
SOSO10248182  13400000   0  0000000000000000000000000000000000000000000000000000 0 01
SOSO10250180     00200   0  0011111   100010001000100010101010100010001000110001 9 61
SOSO10275182  34502000   0  0011111   100010000000000010101010100010000000000000 8 52
SOSO10303180     02002  10  221111 111001000100000000000100010000000000000000000 6 54
SOSO10311182    300002  10  0011111   100010000000000010101010100010000000000000 8 52
SOSO10346180     00002  20  0011110   100000000000000010100010100000000000000000 8 11
SOSO10367180     00202  10  0011111   000000000000000010101010100010000000000000 7 42
SOSO10378180     20000   0  0011111   100010000000000010101010100010000000000000 8 51
SOSO10395182    320000   0  2011111   100010001000100010101010100010001000110001 9 63
SOSO10400182    300000   0  001111    1000 000 000 0001010 010000000000000000000 7 11
SOSO10413182    300000   0  0011111   100010000000000010101010100010000000000000 8 51
SOSO10421182    300002  10  201111 111001000100111011100100010000000000000000000 9 83
SOSO10437182    120002  10  0011111   100010000000000010101010100010000000000000 8 53
SOSO10449182   4520000   0  0011111   100010000000000010101010100010000000000000 8 52
SOSO10454182   3402200   0  0211111   100010000000000010101010100010000000000000 8 54
SOSO104761821234520002  10  201111 111001000100111011100100010000000000000000000 9 84
SOSO1049818                   00000000        0000000000000000        0000000000 0 0 
SOSO10519182    100000   0  0011111   100010001000100010101010100010001000110001 9 61
SOSO10531180     00000   0  0000000000000000000000000000000000000000000000000000 0 00
SOSO10543180     00000   0  0000000000000000000000000000000000000000000000000000 0 00
SOSO10555180     00000   0  0000000000000000000000000000000000000000000000000000 0 00
SOSO10570182    300000   0  0011111   000000000000000010101010100010000000000000 7 41
SOSO10592182    300000   0  0011111   100010000000000010101010100010000000000000 8 51
SOSO10607182    320000   0  001111    1000 000 000 0001010 010000000000000000000 7 12
SOSO1061518                   00000000        0000000000000000        0000000000 0 0 
SOSO10628180     00000   0  0000000000000000000000000000000000000000000000000000 0 00
SOSO1063018                   00000000        0000000000000000        0000000000 0 0 
SOSO10642180     20000   0  201111 111000000000000000000100010001000100000000000 6 52
SOSO10656182   1300000   0  0011111   100010000000000010101010100010000000000000 8 51
SOSO10674180     00000   0  201111 111001000100000000000100010000000000000000000 6 51
SOSO10689180     00000   0  0000000000000000000000000000000000000000000000000000 0 00
SOSO10723180     02000   0  001111    01000 000   0   01100 10000000000000000000 7 11
SOSO10735182    500000   0  001111    1000 000 000 0001010 010000000000000000000 7 11
SOSO10784182    302000   0  0011111   000000000000000010101010100010000000000000 7 42
SOSO10796180     00000   0  201111 111001000100000000000100010000000000000000000 6 51
SOSO10804180     00000   0  0000000000000000000000000000000000000000000000000000 0 00
SOSO10838182    302000   0  2211111   100010001000100010101010100010001000110001 9 64
SOSO10853180     00000   0  0000000000000000000000000000000000000000000000000000 0 00
SOSO10881180     00200   0  0000000000000000000000000000000000000000000000000000 0 01
SOSO10905180     00000   0  0000000000000000000000000000000000000000000000000000 0 00
SOSO10918182    500000   0  0000000000000000000000000000000000000000000000000000 0 01
SOSO10959180     00000   0  0000000000000000000000000000000000000000000000000000 0 00
SOSO10993182  13522022 122 12211111   100010000000000010101010100010000000000000 8 58
SOSO11001180     02000   0  0000000000000000000000000000000000000000000000000000 0 01
SOSO11050180     00000   0  0000000000000000000000000000000000000000000000000000 0 00
SOSO11102180     00000   0  221111 111001000100111011100100010000000000000000000 9 82
SOSO11123182   1322002 132 12011111   100010001000100010101010100010001000110001 9 66
SOSO11135180     00000   0  0000000000000000000000000000000000000000000000000000 0 00
SOSO11147182    300002  30  201111 111001000100000000000100010000000000000000000 6 53
SOSO11151182  13422002  10  001111 111010001000000000001100110010001000000000000 8 74
SOSO11196180     20002  32 10011111   100010001000100010101010100010001000110001 9 63
SOSO11208180     00000   0  0000000000000000000000000000000000000000000000000000 0 00
SOSO11216180     00000   0  0000000000000000000000000000000000000000000000000000 0 00
SOSO11229182 123400000   0  201111 11100100010011101110010001000100010001010010110 92
SOSO11234180     00000   0  201111 111001000100000000000100010000000000000000000 6 51
SOSO11241182   3500022  10  001111    00000000 000 00000100010 000 0000000000000 5 13
SOSO11257182   3420000   0  201111 111001000100000000000100010000000000000000000 6 53
SOSO11262180     00000   0  0000000000000000000000000000000000000000000000000000 0 00
SOSO11273182    300000   0  0011111   100010000000000010101010100010000000000000 8 51
SOSO11290182    400000   0  0011110   100000000000000010100010100000000000000000 8 11
SOSO11305182 134520020   0  0011111   100010001000100010101010100010001000110001 9 63
SOSO11318180     00000   0  201111 111001000100000000000100010000000000000000000 6 51
SOSO11326180     20000   2 10011111   100010000000000010101010100010000000000000 8 52
SOSO11344180     00000   0  201111 111001000100000000000100010001000100000000000 7 61
SOSO11359180     02000   0  001111 11101000100011101110010001001000100000000000010 91
SOSO11387182   1300200   0  0011111   100010000000000010101010100010000000000000 8 52
SOSO11393180     00000   0  0000000000000000000000000000000000000000000000000000 0 00
SOSO11407182   3400000   0  2011111   100010000000000000100010100010000000000000 7 42
SOSO11415182    400000   0  0011111   100010000000000010101010100010000000000000 8 51
SOSO11430180     00000   0  0000000000000000000000000000000000000000000000000000 0 00
SOSO11442180     00000   0  0000000000000000000000000000000000000000000000000000 0 00
SOSO11474180     00000   0  0000000000000000000000000000000000000000000000000000 0 00
SOSO11491180     00000   0  0000000000000000000000000000000000000000000000000000 0 00
SOSO11504180     00202  12 10011111   100010001000100010101010100010001000110001 9 63
SOSO11520180     00000   0  0000000000000000000000000000000000000000000000000000 0 00
SOSO11538182    300000   0  0011111   100010000000000010101010100010000000000000 8 51
SOSO1155318                   00000000        0000000000000000        0000000000 0 0 
SOSO11577182   3422200   0  2011111   100010001000100010101010100010001000110001 9 65
SOSO11581180     02000   0  0000000000000000000000000000000000000000000000000000 0 01
SOSO11599182    400000   0  0011110   000000000000000010100010100000000000000000 7 11
SOSO11613180     00000   0  0000000000000000000000000000000000000000000000000000 0 00
SOSO11621182    300000   0  0011111   100010000000000010101010100010000000000000 8 51
SOSO11637180     00000   0  0000000000000000000000000000000000000000000000000000 0 00
SOSO11649182    400000   0  001111    1000 000 000 0001010 010000000000000000000 7 11
SOSO11654180     00000   0  0000000000000000000000000000000000000000000000000000 0 00
SOSO11665182  13420000   0  0011111   100010000000000010101010100010000000000000 8 52
SOSO11676182   3520222 122122011111   100010000000000010101010100010000000000000 8 57
SOSO11682180     00000   0  0000000000000000000000000000000000000000000000000000 0 00
SOSO11717180     00000   0  0000000000000000000000000000000000000000000000000000 0 00
SOSO11758180     00000   0  2000000000000000000000000000000000000000000000000000 0 01
SOSO11772182   3400000   0  0011111   100010001000100010101010100010001000110001 9 61
SOSO11786182    300000   0  0000000000000000000000000000000000000000000000000000 0 01
SOSO11794180     00000   0  0000000000000000000000000000000000000000000000000000 0 00
SOSO11806180     00000   0  0000000000000000000000000000000000000000000000000000 0 00
SOSO11819180     20202 122 10011111   100010000000000010101010100010000000000000 8 54
SOSO11870182   3402222 120  0011111   100010001000100010101010100010001000110001 9 65
SOSO11888180     00000   0  0000000000000000000000000000000000000000000000000000 0 00
SOSO11892180     00000   0  201111 111001000100111011100100010000000000000000000 9 81
SOSO11903182   3422000   0  0011111   100010000000000010101010100010000000000000 8 53
SOSO1191118                   00000000        0000000000000000        0000000000 0 0 
SOSO11924180     00000   0  0000000000000000000000000000000000000000000000000000 0 00
SOSO11939182  34520202 120  2011111   100010001000100010101010100010001000110001 9 65
SOSO11946180     00000   0  0000000000000000000000000000000000000000000000000000 0 00
SOSO11952180     00000   0  0000000000000000000000000000000000000000000000000000 0 00
SOSO11967180     00000   0  0000000000000000000000000000000000000000000000000000 0 00
SOSO11978180     00000   0  0000000000000000000000000000000000000000000000000000 0 00
SOSO11980180     00000   0  0000000000000000000000000000000000000000000000000000 0 00
SOSO11995180     22000   0  201111    00000000 000 00000100010 000 0000000000000 5 13
SOSO12013182  13402000   2 10011111   100010001000100010101010100010001000110001 9 63
SOSO12037182    300000   0  0011111   100010000000000010101010100010000000000000 8 51
SOSO12054182    320002  12 1201111    1000 000 000 0001010 010000000000000000000 7 15
SOSO12076182    300000   0  001111    1000 000 000 0001010 010000000000000000000 7 11
SOSO12082182    300000   0  0011111   100010000000000010101010100010000000000000 8 51
SOSO12098180     00000   0  221111 111000000000111011100110011000000000000000000 9 82
SOSO1211418                   00000000        0000000000000000        0000000000 0 0 
SOSO12122182    320020   0  201111 111001000100000000000100010000000000000000000 6 54
SOSO12150180     00000   0  0000000000000000000000000000000000000000000000000000 0 00
SOSO12169180     20002  10  0011111   100010000000000010101010100010000000000000 8 52
SOSO12175180     00000   0  0000000000000000000000000000000000000000000000000000 0 00
SOSO12197180     00000   0  201111 111001000100000000000100010000000000000000000 6 51
SOSO12209180     00000   0  0000000000000000000000000000000000000000000000000000 0 00
SOSO12217182   1500000   0  0011111   100010001000100010101010100010001000110001 9 61
SOSO12225182  13402200   2 10011111   100010000000000010101010100010000000000000 8 54
SOSO12240182    520020   212001111    1000 000 000 0001010 010000000000000000000 7 14
SOSO12261180     00000   0  0000000000000000000000000000000000000000000000000000 0 00
SOSO12272180     20000   0  0011111   100010000000000010101010100010000000000000 8 51
SOSO12294182    320022  10  2011111   100010001000100010101010100010001000110001 9 65
SOSO12306182    400000   0  0011111   000000000000000010101010100010000000000000 7 41
SOSO12319182    300000   0  0011111   100010000000000010101010100010000000000000 8 51
SOSO12327182    402000   2 1001111 11101000100011101110110011001000100010010100111103
SOSO12331180     00000   0  0000000000000000000000000000000000000000000000000000 0 00
SOSO12343182    302000   0  001111 11101000100011101110110011001000100010010100111102
SOSO12355182    300000   0  001111    1000 000 000 0001010 010000000000000000000 7 11
SOSO12364182    300000   0  0011111   100010000000000010101010100010000000000000 8 51
SOSO12370180     00000   0  0000000000000000000000000000000000000000000000000000 0 00
SOSO12392180     00000   0  0000000000000000000000000000000000000000000000000000 0 00
SOSO12416182    300000   0  0000000000000000000000000000000000000000000000000000 0 01
SOSO12434180     00000   0  0000000000000000000000000000000000000000000000000000 0 00
SOSO1244118                   00000000        0000000000000000        0000000000 0 0 
SOSO12462180     00000   0  0000000000000000000000000000000000000000000000000000 0 00
SOSO12473182    400000   0  001111    00000000 000 0001010 010000000000000000000 6 11
SOSO12490182    400000   0  201111 111001000100000000000100010000000000000000000 6 52
SOSO12503182  13400000   0  2211111   100010000000000010101010100010000000000000 8 53
SOSO12524180     00000   0  0000000000000000000000000000000000000000000000000000 0 00
SOSO12539182    300000   0  0011111   100010000000000010101010100010000000000000 8 51
SOSO12552182    300000   0  001111    1000 000 000 0001010 010000000000000000000 7 11
SOSO12567180     00000   0  0000000000000000000000000000000000000000000000000000 0 00
SOSO12580182    300000   0  0011111   100010000000000010101010100010000000000000 8 51
SOSO12595180     00000   0  0000000000000000000000000000000000000000000000000000 0 00
SWSW20010180     00000   0  0000000000000000000000000000000000000000000000000000 0 00
SWSW20035180     20000   0  0000000000000000000000000000000000000000000000000000 0 01
SWSW20051180     00000   0  0000000000000000000000000000000000000000000000000000 0 00
SWSW20068182   3420202 130  0011111   100010001000100010101010100010001000110001 9 64
SWSW20079182    420202  10  0011111   100010000000000010101010100010000000000000 8 54
SWSW20096182    320020   0  0011111   100010001000100010101010100010001000110001 9 63
SWSW20103180     00000   0  0000000000000000000000000000000000000000000000000000 0 00
SWSW20111180     02000   0  0000000000000000000000000000000000000000000000000000 0 01
SWSW20146180     00000   0  0000000000000000000000000000000000000000000000000000 0 00
SWSW20152180     00000   0  0000000000000000000000000000000000000000000000000000 0 00
SWSW20178180     20000   0  201111    1000 000 000 0001010 010000000000000000000 7 12
SWSW20180180     00000   0  0000000000000000000000000000000000000000000000000000 0 00
SWSW20195180     00000   0  0000000000000000000000000000000000000000000000000000 0 00
SWSW20228180     20200   0  201111 111001000100000000000100010001000100000000000 7 63
SWSW2023018                   00000000        0000000000000000        0000000000 0 0 
SWSW20242180     00000   0  0000000000000000000000000000000000000000000000000000 0 00
SWSW20274180     00202  10  0011111   100010000000000000100010100010000000000000 7 42
SWSW20309180     00000   0  0000000000000000000000000000000000000000000000000000 0 00
SWSW20340180     00000   0  0000000000000000000000000000000000000000000000000000 0 00
SWSW20361180     00000   0  0000000000000000000000000000000000000000000000000000 0 00
SWSW20372182    400200   0  0011111   100010000000000010101010100010000000000000 8 52
SWSW2041918                   00000000        0000000000000000        0000000000 0 0 
SWSW20427180     20000   0  001111    1000 000 000 0001010 010000000000000000000 7 11
SWSW20431182   4500000   0  0000000000000000000000000000000000000000000000000000 0 01
SWSW20443182   1520000   0  0011111   100010001000100010101010100010001000110001 9 62
SWSW20464182    322000   0  0011111   100010000000000010101010100010000000000000 8 53
SWSW20488182    302000   0  201111 111010001000000000001100110010001000000000000 8 73
SWSW20500182  13500000   0  0011111   100010000000000010101010100010000000000000 8 51
SWSW20513180     00000   0  0000000000000000000000000000000000000000000000000000 0 00
SWSW20582182   3402200   0  0011111   100010000000000010101010100010000000000000 8 53
SWSW20598182   4500000   0  2011111   100010000000000010101010100010000000000000 8 52
SWSW20614180     20200   0  0011111   100010000000000010101010100010000000000000 8 52
SWSW20622182    100220   0  0011111   000000000000000010101010100010000000000000 7 43
SWSW20636180     00000   0  0000000000000000000000000000000000000000000000000000 0 00
SWSW20650180     00000   0  0000000000000000000000000000000000000000000000000000 0 00
SWSW20669180     00000   0  0000000000000000000000000000000000000000000000000000 0 00
SWSW2069718                   00000000        0000000000000000        0000000000 0 0 
SWSW20708180     20020   0  2011111   100010001000100010101010100010001000110001 9 63
SWSW20716180     00002  30  0011110   100000000000000010100010100000000000000000 8 11
SWSW2072918                   00000000        0000000000000000        0000000000 0 0 
SWSW20741182    300000   0  001111    1000 000 000 0001010 010 000 000 000  000  7 11
SWSW20757182    122202 120  2211111   100010000000000010101010100010000000000000 8 57
SWSW20762180     00002  10  001111    1000 000 000 0001010 010000000000000000000 7 11
SWSW20773180     00000   0  0000000000000000000000000000000000000000000000000000 0 00
SWSW20790180     00000   0  0000000000000000000000000000000000000000000000000000 0 00
SWSW20818182    4200021230  0011111   100010001000100010101010100010001000110001 9 63
SWSW20826180     00000   0  2000000000000000000000000000000000000000000000000000 0 01
SWSW20859182    400020   0  201111    1000 000 000 0001010 010000000000000000000 7 13
SWSW20860180     00200   0  0000000000000000000000000000000000000000000000000000 0 01
SWSW20887180     00000   0  201111 111001000100000000000100010001000100000000000 7 61
SWSW20893180     00000   0  0000000000000000000000000000000000000000000000000000 0 00
SWSW20904180     00000   0  0000000000000000000000000000000000000000000000000000 0 00
SWSW20920182    500022  10  0011111   100010000000000010101010100010000000000000 8 53
SWSW20938182    420202 130  221111 11100000000011101110011001100010001000000000010 96
SWSW20945180     00000   0  0000000000000000000000000000000000000000000000000000 0 00
SWSW20953182   1420002 130  001111    1000 000 000 0001010 010000000000000000000 7 13
SWSW20966180     20000   0  2011111   100010000000000010101010100010000000000000 8 52
SWSW20981180     00000   0  0000000000000000000000000000000000000000000000000000 0 00
SWSW21007180     20000   0  0000000000000000000000000000000000000000000000000000 0 01
SWSW21015180     00000   0  221111    000000000   0   00100010000000000000000000 5 12
SWSW21028180     00000   0  0000000000000000000000000000000000000000000000000000 0 00
SWSW21042180     00000   0  0000000000000000000000000000000000000000000000000000 0 00
SWSW21074180     00000   0  0000000000000000000000000000000000000000000000000000 0 00
SWSW21089180     00200   0  001111    00000000 000 00000100010 000 0000000000000 5 11
SWSW21157180     00000   0  0000000000000000000000000000000000000000000000000000 0 00
SWSW21162180     00000   0  0000000000000000000000000000000000000000000000000000 0 00
SWSW21185182    100000   0  001111    1000 000 000 0001010 010000000000000000000 7 11
SWSW21190182    400200   2 10011111   100010001000100010101010100010001000110001 9 63
SWSW21202182    520220   2 10011111   100010000000000010101010100010000000000000 8 55
SWSW21210180     00000   0  0000000000000000000000000000000000000000000000000000 0 00
SWSW21247180     00000   0  0000000000000000000000000000000000000000000000000000 0 00
SWSW21251180     00000   0  0000000000000000000000000000000000000000000000000000 0 00
SWSW21268180     00000   0  201111 111001000100000000000100010000000000000000000 6 51
SWSW21284180     00000   0  0000000000000000000000000000000000000000000000000000 0 00
SWSW21296182    1200221230  2211111   100010001000100010101010100010001000110001 9 66
SWSW21304180     22222  32 1021111 111000000000000000000100010000100010000000000 6 57
SWSW21312180     20002  12 12011111   000000000000000010101010100010000000000000 7 44
SWSW21345182    420000   0  0000000000000000000000000000000000000000000000000000 0 02
SWSW21353180     20000   0  0000000000000000000000000000000000000000000000000000 0 01
SWSW21366180     00000   0  0000000000000000000000000000000000000000000000000000 0 00
SWSW21377182    420020   2 10011111   100010001000100010101010100010001000110001 9 64
SWSW21381180     00000   0  0000000000000000000000000000000000000000000000000000 0 00
SWSW21401180     00000   0  0000000000000000000000000000000000000000000000000000 0 00
SWSW21436182    100002  10  0011111   100010000000000010101010100010000000000000 8 52
SWSW21448182    1020221232 10011111   100010000000000010101010100010000000000000 8 55
SWSW21450182   3500000   0  2011111   100010000000000010101010100010000000000000 8 52
SWSW21469180     20000   0  0011111   100010000000000010101010100010000000000000 8 51
SWSW21483180     00000   0  0000000000000000000000000000000000000000000000000000 0 00
SWSW21526180     00000   0  0000000000000000000000000000000000000000000000000000 0 00
SWSW21532180     00000   0  0000000000000000000000000000000000000000000000000000 0 00
SWSW21544180     00200   0  0011111   100010000000000010101010100010000000000000 8 51
SWSW21559180     00000   0  0000000000000000000000000000000000000000000000000000 0 00
SWSW21571182    500000   0  0011111   100010000000000010101010100010000000000000 8 51
SWSW21587180     00000   0  0000000000000000000000000000000000000000000000000000 0 00
SWSW21606180     00002  10  0011111   100010000000000010101010100010000000000000 8 51
SWSW21619180     00000   0  0000000000000000000000000000000000000000000000000000 0 00
SWSW21627180     00000   0  0000000000000000000000000000000000000000000000000000 0 00
SWSW21643180     20200   0  2211111   100010000000000010101010100010000000000000 8 54
SWSW21655182    300000   0  0011111   100010000000000010101010100010000000000000 8 51
SWSW21688182    300202  30  021111 000000000000000000000110010000000000000000000 6 14
SWSW21724180     00000   0  0000000000000000000000000000000000000000000000000000 0 00
SWSW21739182    400200   0  201111 111001000100111011100100010000000000000000000 9 83
SWSW21746180     22022  12 12011111   100010000000000010101010100010000000000000 8 56
SWSW21752182    400000   0  0000000000000000000000000000000000000000000000000000 0 01
SWSW21778180     02000   0  0000000000000000000000000000000000000000000000000000 0 01
SWSW21780182    400000   2 10000000000000000000000000000000000000000000000000000 0 02
SWSW21800182    420000   0  0011111   100010000000000010101010100010000000000000 8 52
SWSW21837180     00000   0  0000000000000000000000000000000000000000000000000000 0 00
SWSW21898180     00000   0  0000000000000000000000000000000000000000000000000000 0 00
SWSW21909180     00000   0  2000000000000000000000000000000000000000000000000000 0 01
SWSW21917180     00000   0  0000000000000000000000000000000000000000000000000000 0 00
SWSW21933180     00000   0  0000000000000000000000000000000000000000000000000000 0 00
SWSW21961182   1420002  10  0000000000000000000000000000000000000000000000000000 0 03
SWSW21986180     00000   0  0000000000000000000000000000000000000000000000000000 0 00
SWSW22019180     00000   0  0000000000000000000000000000000000000000000000000000 0 00
SWSW22031182 123400002  10  0011111   100010000000000010101010100010000000000000 8 52
SWSW22043180     00000   0  0000000000000000000000000000000000000000000000000000 0 00
SWSW22070180     00002  10  0011111   000000000000000010101010100010000000000000 7 41
SWSW22128180     00000   0  0000000000000000000000000000000000000000000000000000 0 00
SWSW22142182    500000   0  0011111   100010000000000010101010100010000000000000 8 51
SWSW22189180     00000   0  0000000000000000000000000000000000000000000000000000 0 00
SWSW22191182    400000   0  201111 111001000100000000000100010000000000000000000 6 52
SWSW22211182    200000   0  221111 111001000100000000000100010000000000000000000 6 53
SWSW22224180     00000   0  0000000000000000000000000000000000000000000000000000 0 00
SWSW22246182    500000   0  001111    1000 000 000 0001010 010000000000000000000 7 11
SWSW22252180     00002  20  0000000000000000000000000000000000000000000000000000 0 01
SWSW22267182    520000   0  0011111   100010001000100010101010100010001000110001 9 62
SWSW22295182    420002  12 12011111   100010000000000010101010100010000000000000 8 55
SWSW22300180     20000   0  201111 111001000100000000000100010000000000000000000 6 52
SWSW22313182    400000   0  0011111   100010001000100010101010100010001000110001 9 61
SWSW22349180     00002  10  0000000000000000000000000000000000000000000000000000 0 01
SWSW22376182   3400200   0  0011111   100010001000100010101010100010001000110001 9 62
SWSW22382180     00000   0  0000000000000000000000000000000000000000000000000000 0 00
SWSW22398180     00000   0  0000000000000000000000000000000000000000000000000000 0 00
SWSW22402180     00000   2 10000000000000000000000000000000000000000000000000000 0 01
SWSW22410180     00000   0  0000000000000000000000000000000000000000000000000000 0 00
SWSW22447180     00000   0  0000000000000000000000000000000000000000000000000000 0 00
SWSW22451182    300000   0  0011110   100000000000000010100010100000000000000000 8 11
SWSW22468182   1400000   0  0011111   100010000000000010101010100010000000000000 8 51
SWSW22479180     20000   0  2011111   100010000000000010101010100010000000000000 8 52
SWSW22484180     00000   0  0000000000000000000000000000000000000000000000000000 0 00
SWSW22509180     00000   0  0000000000000000000000000000000000000000000000000000 0 00
SWSW22517180     00000   0  0000000000000000000000000000000000000000000000000000 0 00
SWSW22525180     00200   0  0000000000000000000000000000000000000000000000000000 0 01
SWSW22533182    420000   0  201111 111001000100000000000100010001000100000000000 7 63
SWSW22558180     00000   0  0000000000000000000000000000000000000000000000000000 0 00
SWSW22561182    300000   0  001111    1000 000 000 0001010 010000000000000000000 7 11
SWSW22586180     00000   0  221111    000000000   0   00100010000000000000000000 5 12
SWSW22594180     00000   0  201111 111001000100000000000100010001000100000000000 7 61
SWSW22605180     00000   0  221111 000001000000000000000100010000000000000000000 6 12
SWSW22626182    420200   0  0011111   100010000000000010101010100010000000000000 8 53
SWSW22644180     00000   0  0000000000000000000000000000000000000000000000000000 0 00
SWSW22659180     00000   0  0000000000000000000000000000000000000000000000000000 0 00
SWSW22671182    100000   0  2011111   100010000000000010101010100010000000000000 8 52
SWSW22704180     00000   0  2000000000000000000000000000000000000000000000000000 0 01
SWSW22712180     00000   0  0000000000000000000000000000000000000000000000000000 0 00
SWSW22720180     00000   0  0000000000000000000000000000000000000000000000000000 0 00
SWSW22745182    100000   0  0011111   100010000000000010101010100010000000000000 8 51
SWSW22753180     00000   0  0000000000000000000000000000000000000000000000000000 0 00
SWSW22766182 123420000   0  221111    1000 000 000 0001010 010000000000000000000 7 14
SWSW22781182    300000   0  0011111   100010001000100010101010100010001000110001 9 61
SWSW22799180     00000   0  0000000000000000000000000000000000000000000000000000 0 00
SWSW22801180     00000   0  0000000000000000000000000000000000000000000000000000 0 00
SWSW22850180     20022  10  0011111   100010001000100010101010100010001000110001 9 63
SWSW22869182   3400000   0  0011111   100010000000000010101010100010000000000000 8 51
SWSW22875180     20022  12120011111   100010001000100010101010100010001000110001 9 64
SWSW22897180     20002  10  2011111   100010000000000010101010100010000000000000 8 53
SWSW22934180     00000   0  0000000000000000000000000000000000000000000000000000 0 00
SWSW22957180     00000   0  0000000000000000000000000000000000000000000000000000 0 00
SWSW22962182    422202  30  021111 111010001000000000001100110010001000000000000 8 76
SWSW22973182    300000   0  0011111   100010000000000010101010100010000000000000 8 51
SWSW22985180     02000   0  001111 11101000100011101110110011001000100010010100111101
SWSW22990180     00200   0  0011111   100010001000100010101010100010001000110001 9 61
SWSW23029182    122202  12 1201111 111001000100000000000100010000000000000000000 6 57
SWSW23034180     00000   0  0000000000000000000000000000000000000000000000000000 0 00
SWSW23041180     00000   0  0000000000000000000000000000000000000000000000000000 0 00
SWSW23062182    520000   0  0011111   100010000000000010101010100010000000000000 8 52
SWSW23073180     02222  20  0011111   000000001000100010101010100010000000000000 8 54
SWSW23085182  13402020   0  201111 111001000100000000000100010000000000000000000 6 54
SWSW23090180     00000   0  0000000000000000000000000000000000000000000000000000 0 00
SWSW23109182    400002  30  0011111   000000000000000010101010100010000000000000 7 42
SWSW23125180     00000   0  0000000000000000000000000000000000000000000000000000 0 00
SWSW23133182    400000   0  0011111   100010000000000010101010100010000000000000 8 51
SWSW23140180     00000   0  0000000000000000000000000000000000000000000000000000 0 00
SWSW23158182    300000   0  001111    1000 000 000 0001010 010000000000000000000 7 11
SWSW23172180     00000   0  0000000000000000000000000000000000000000000000000000 0 00
SWSW23194180     20000   0  0011111   000000000000000010101010100010000000000000 7 41
SWSW2320118                   00000000        0000000000000000        0000000000 0 0 
SWSW23269182    400000   0  0011111   100010001000100010101010100010001000110001 9 61
SWSW23303180     20200   0  0011111   100010000000000010101010100010000000000000 8 52
SWSW23339180     00200   0  0011111   100010000000000010101010100010000000000000 8 51
SWSW23346180     00000   0  0000000000000000000000000000000000000000000000000000 0 00
SWSW23367180     00000   0  0000000000000000000000000000000000000000000000000000 0 00
SWSW23395180     20020   2 10011111   100010000000000010101010100010000000000000 8 53
SWSW23400180     02000   0  001111 111010001000000000001100110010001000000000000 8 71
SWSW23413182    500000   0  001111    1000 000 000 0001010 010000000000000000000 7 11
SWSW23437180     00000   0  0000000000000000000000000000000000000000000000000000 0 00
SWSW23449182    300020   0  2000000000000000000000000000000000000000000000000000 0 03
SWSW23454180     00000   0  221111 000000100000000000000110010000000000000000000 7 12
SWSW23465182    122000   0  001111 111010001000000000001100110010001000000000000 8 73
SWSW23476182    102000   0  0011111   100010000000000010101010100010000000000000 8 52
SWSW23482180     00000   0  0000000000000000000000000000000000000000000000000000 0 00
SWSW23498180     00220   0  0000000000000000000000000000000000000000000000000000 0 02
SWSW23519180     00000   2 10000000000000000000000000000000000000000000000000000 0 01
SWSW23531182    400002  10  001111    1000 000 000 00000100010000000000000000000 6 12
SWSW23543180     00000   0  0000000000000000000000000000000000000000000000000000 0 00
SWSW23555180     02000   0  021111 000000000000000000000110010000000000000000000 6 12
SWSW23564180     00000   0  0000000000000000000000000000000000000000000000000000 0 00
SWSW23588182    320220   0  0011111   100010001000100010101010100010001000110001 9 64
SWSW23630180     00000   0  0000000000000000000000000000000000000000000000000000 0 00
SWSW23642180     00000   0  0000000000000000000000000000000000000000000000000000 0 00
SWSW23663180     00000   0  0000000000000000000000000000000000000000000000000000 0 00
SWSW2368918                   00000000        0000000000000000        0000000000 0 0 
SWSW23691182    500000   0  2011111   100010000000000010101010100010000000000000 8 52
SWSW23702182    420000   0  001111    00000000 000 00000100010 000 0000000000000 5 12
SWSW23710182    420000   0  0011111   100010000000000010101010100010000000000000 8 52
SWSW23735182    522222  10  2011111   100010001000100010101010100010001000110001 9 67
SWSW23747180     20002 122 10011111   000000000000000010101010100010000000000000 7 43
SWSW23751180     20000   0  0000000000000000000000000000000000000000000000000000 0 01
SWSW23768182   1200200   0  0011111   100010000000000010101010100010000000000000 8 52
SWSW23804180     00000   0  201111 000001000000000000000100010000000000000000000 6 11
SWSW23812180     00000   0  201111 111001000100000000000100010000000000000000000 6 51
SWSW23820180     20000   0  0011111   100010000000000010101010100010000000000000 8 51
SWSW23838180     20000   2 1001111    1000 000 000 0001010 010000000000000000000 7 12
SWSW23845180     00000   0  0000000000000000000000000000000000000000000000000000 0 00
