EAEA40015160   112110  0                        00 00 
EAEA40015180   0    0  0                        00 00 
EAEA40056160   0    0  0                        00 00 
EAEA400561811220    0  0                        00 00 
EAEA401081812640    1110                        10 00 
EAEA40129160   0    0  0                        00 00 
EAEA401291811210    0  0                        00 00 
EAEA40141160   0    0  0                        00 00 
EAEA40141180   0    0  0                        00 00 
EAEA40157160   0    0  0                        00 00 
EAEA40157180   111111110                        00 00 
EAEA40185160   0    0  0                        00 00 
EAEA40185180   0    0  0                        00 00 
EAEA40235160   0    0  0                        00 00 
EAEA402351813760    1120                        00 00 
EAEA40247161122113421110                        00 00 
EAEA40247180   0    0  0                        00 00 
EAEA40251180   0    0  0                        00 00 
EAEA40304180   0    0  0                        00 00 
EAEA40312160   0    0  0                        10 00 
EAEA40312180   0    0  0                        00 00 
EAEA40353160   0    0  1                        00 00 
EAEA40353181173133221110                        113013
EAEA40399180   111110  0                        00 00 
EAEA40414161333111111220                        10 00 
EAEA40414181375124431310                        10 10 
EAEA40422160   112121130                        013013
EAEA40422180   112421361          1           2 01400 
EAEA40436160   111110  0                        00 00 
EAEA40436180   0    1110                        014014
EAEA40450160   0    0  0                        00 00 
EAEA40450180   0    0  0                        00 00 
EAEA40475180   132421210                        10 10 
EAEA40497160   0    0  0                        00 00 
EAEA40497181133113220  0                        00 00 
EAEA40505160   0    0  0                        00 00 
EAEA40505180   122111110                        00 00 
EAEA40518180   111110  0                        00 00 
EAEA40526160   0    0  0                        00 00 
EAEA40526180   0    0  0                        00 00 
EAEA40560181344113111230                        00 00 
EAEA40593160   0    0  0                        00 00 
EAEA40619180   0    0  0                        00 00 
EAEA40631180   0    0  0                        11100 
EAEA406431813740    1360                        00 00 
EAEA40655160   0    0  0                        10 00 
EAEA40655181364125251360                        11300 
EAEA40664160   0    0  0                        00 00 
EAEA40664180   111110  0                        00 00 
EAEA40670160   0    0  0                        00 00 
EAEA40692180   133121110                        00 00 
EAEA40724160   0    0  0                        00 00 
EAEA40724181365123431130                        114114
EAEA40739160   0    0  0                        00 00 
EAEA40739180   0    0  0                        10 00 
EAEA40746160   0    0  0                        00 00 
EAEA40746180   0    0  0                        00 00 
EAEA407521811540    0  0                        00 00 
EAEA40767160   0    1110                        00 00 
EAEA40767180   0    0  0                        00 00 
EAEA40778181122112121340                        00 011
EAEA40780161377121111311           1           100 00 
EAEA40780181376122210  0                        113113
EAEA40795160   0    0  0                        00 00 
EAEA40800160   0    0  0                        00 00 
EAEA40821160   0    0  0                        00 00 
EAEA40821180   0    0  0                        00 00 
EAEA40849180   0    0  0                        00 00 
EAEA40865160   0    0  0                        10 00 
EAEA40865180   0    0  0                        00 00 
EAEA40876161374133111220                        01400 
EAEA40876181374132120  0                        00 00 
EAEA408821813540    0  0                        00 00 
EAEA40909180   0    1110                        00 00 
EAEA40917180   0    0  0                        00 00 
EAEA40925160   112110  0                        00 00 
EAEA40925180   111110  0                        00 00 
EAEA40958180   0    0  0                        00 00 
EAEA40972181354111111240                        11300 
EAEA40986160   0    0  0                        00 00 
EAEA40986180   0    0  0                        00 00 
EAEA40994160   112111120                        00 00 
EAEA40994180   111110  0                        00 00 
EAEA41010160   0    0  0                        00 00 
EAEA41010180   111110  0                        00 00 
EAEA41047181374122111350                        00 00 
EAEA410511812320    1110                        00 00 
EAEA41079180   0    0  0                        00 00 
EAEA41084160   0    0  0                        00 00 
EAEA41084180   112210  0                        00 00 
EAEA410961612540    0  0                        00 00 
EAEA410961813640    0  0                        00 00 
EAEA41111160   122111310                        014114
EAEA41111180   121110  0                        00 00 
EAEA411241611120    0  0                        10 10 
EAEA41124180   0    0  0                        00 00 
EAEA41152160   0    0  0                        00 00 
EAEA41152180   111110  0                        00 00 
EAEA41178180   0    0  0                        00 00 
EAEA41195160   0    0  0                        00 00 
EAEA41195180   111110  0                        00 00 
EAEA41207160   0    0  0                        00 00 
EAEA41207180   0    0  0                        00 00 
EAEA412421812340    0  0                        00 00 
EAEA41274160   1  110  0                        10 00 
EAEA412741811240    1230                        11400 
EAEA41289160   0    0  0                        00 00 
EAEA41289180   0    0  0                        00 00 
EAEA41325160   0    0  0                        00 00 
EAEA41325180   0    0  0                        00 00 
EAEA41333160   0    0  0                        00 00 
EAEA41333180   0    0  1                        00 00 
EAEA41361160   0    0  0                        00 00 
EAEA41361180   0    0  0                        00 00 
EAEA41372160   0    0  0                        00 00 
EAEA41372180   111110  0                        00 00 
EAEA41386160   112210  0                        00 00 
EAEA41386180   0    0  0                        00 00 
EAEA41394160   111111120                        00 00 
EAEA41394180   112111120                        00 00 
EAEA41419180   0    0  0                        00 00 
EAEA414311611230    0  0                        00 00 
EAEA41431180        0  0                        00 00 
EAEA41443160   0    0  0                        00 00 
EAEA41443181375117121360                        01301 
EAEA41455180   0    0  0                        00 00 
EAEA43011160   0    0  0                        00 00 
EAEA43011180   0    0  0                        00 00 
EAEA43024160   0    0  0                        00 00 
EAEA43024180   0    0  0                        00 00 
EAEA43039180   126540  0                        00 00 
EAEA43052160   0    0  0                        00 00 
EAEA43052180   112121110                        00 00 
EAEA43067180   0    0  0                        00 00 
EAEA43078161311111110  0                        00 00 
EAEA43078180   0    0  0                        00 00 
EAEA43095160   0    0  0                        00 00 
EAEA43095180   0    0  0                        00 00 
EAEA43104160   0    0  0                        00 00 
EAEA43112160   0    0  0                        00 00 
EAEA43138160   0    0  0                        00 00 
EAEA43138180   0    0  0                        00 00 
EAEA43145160   0    1110                        00 00 
EAEA43145180   0    0  0                        00 00 
EAEA431531813440    0  0                        01400 
EAEA43166160   0    0  0                        00 00 
EAEA431661813540    1110                        00 00 
EAEA43177160   0    0  0                        10 00 
EAEA43177180   0    0  0                        00 00 
EAEA43181160   0    0  0                        00 00 
EAEA43181180   0    0  0                        00 00 
EAEA43206160   0    0  0                        00 00 
EAEA43206180   122231130                        00 00 
EAEA43231180   0    0  0                        00 00 
EAEA43255160   0    0  0                        00 00 
EAEA43255180   0    0  0                        00 00 
EAEA43264160   0    0  0                        00 00 
EAEA43270160   134120  0                        00 00 
EAEA43270180   121110  0                        00 00 
EAEA43292160   0    0  0                        00 00 
EAEA432921813110    0  0                        00 00 
EAEA43334160   0    0  0                        00 00 
EAEA43334180   111110  0                        00 00 
EAEA43357160   0    0  0                        00 00 
EAEA43357181144133220  0                        00 00 
EAEA43373181374136561140                        10 00 
EAEA4339016112 112                                    
EAEA43390181375112211230                        11400 
EAEA43426181322113110  0                        01400 
EAEA43459160   0    0  0                        00 00 
EAEA43459180   0    0  0                        00 00 
EAEA43522160   0    0  0                        00 00 
EAEA43548160   0    0  0                        00 00 
EAEA43548180   111110  0                        00 00 
EAEA43550160   0    1360                        11200 
EAEA43550180   0    0  0                        00 00 
EAEA43569160   0    0  0                        00 00 
EAEA43583180   0    0  0                        00 00 
EAEA435971611220    0  0                        00 00 
EAEA43602180   0    0  0                        00 00 
EAEA43623181244123111360                        10 00 
EAEA43635160   0    0  0                        00 00 
EAEA43635180   0    0  0                        00 00 
EAEA43651180   0    0  0                        00 00 
EAEA43684160   0    0  0                        00 00 
EAEA43684180   0    0  0                        00 00 
EAEA43707160   0    0  0                        00 00 
EAEA43707180   111110  0                        00 00 
EAEA43715160   0    0  0                        00 00 
EAEA43715180   0    0  0                        00 00 
EAEA43730160   0    0  0                        00 00 
EAEA43742161364123331230                        00 00 
EAEA43742181374135131350                        014014
EAEA43774160   0    0  0                        00 00 
EAEA43774180   0    0  0                        00 00 
EAEA43789160   0    0  0                        00 00 
EAEA437891811440    0  0                        00 00 
EAEA437911613770    0  0                        00 00 
EAEA43809160   0    0  1                        00 00 
EAEA43817181311113431310                        113113
EAEA43825180   0    0  0                        00 00 
EAEA43840160   0    0  0                        00 00 
EAEA43840180   0    0  0                        00 00 
EAEA43858160   0    0  0                        00 00 
EAEA43858181122122331360                        113013
EAEA43861180   0    0  0                        00 00 
EAEA43872160   0    0  0                        00 00 
EAEA43886160   0    0  0                        00 00 
EAEA43886180   0    0  0                        00 00 
EAEA43913161344112121340                        10 00 
EAEA43913181275112111120                        00 00 
EAEA43921180   122110  0                        00 00 
EAEA43937160   0    0  0                        10 00 
EAEA43937180   0    1110                        00 00 
EAEA43965180   0    0  0                        00 00 
EAEA43982160   112111220                        00 00 
EAEA43982180   112120  0                        00 00 
EAEA43998180   0    0  0                        00 00 
EAEA44017160   0    0  0                        00 00 
EAEA44017180   0    0  0                        00 00 
EAEA44025180   133110  0                        00 00 
EAEA44033160   0    0  0                        00 00 
EAEA44033180   112110  0                        00 00 
EAEA44040180   0    0  0                        00 00 
EAEA44058160   112110  0                        00 00 
EAEA44058181122112220  0                        11400 
EAEA44072180   0    0  0                        00 00 
EAEA44086180   0    0  0                        00 00 
EAEA44094160   0    0  0                        00 00 
EAEA44094180   111110  1                        00 00 
EAEA44126160   0    0  0                        00 00 
EAEA44126180   0    0  0                        00 00 
EAEA44144160   0    0  0                        00 00 
EAEA44144180   0    0  0                        00 00 
EAEA44160180   111111110                        00 00 
EAEA44171161112112121220                        10 00 
EAEA44171180   111110  0                        00 00 
EAEA44200181134122121360                        014014
EAEA44213160   0    0  0                        00 00 
EAEA44213180   0    0  0                        00 00 
EAEA44221180   0    0  0                        00 00 
EAEA44249160   0    0  0                        00 00 
EAEA44249180   0    0  0                        00 00 
EAEA442541811240    0  0                        00 00 
EAEA44265180   121111210                        00 00 
EAEA442821611110    0  0                        00 00 
EAEA44298160   0    0  0                        00 00 
EAEA44298180   0    0  0                        00 00 
EAEA44302180   0    0  0                        00 00 
EAEA44310160   0    0  0                        00 00 
EAEA44310180   0    0  0                        00 00 
EAEA44351160   0    0  0                        00 00 
EAEA44351180   111110  0                        00 00 
EAEA44368180   0    0  0                        00 00 
EAEA44379180   0    0  0                        00 00 
EAEA44396160   0    0  0                        00 00 
EAEA44396180   0    0  0                        00 00 
EAEA44453160   0    0  0                        00 00 
EAEA44453180   0    0  0                        00 00 
EAEA44481180   122111120                        113013
EAEA44515160   0    0  0                        00 00 
EAEA44515180   0    0  0                        00 00 
EAEA45034160   0    0  0                        00 00 
EAEA45034180   0    0  0                        00 00 
EAEA45041160   0    0  0                        114014
EAEA45041180   0    0  0                        114114
EAEA45057160   0    0  0                        00 00 
EAEA45057180   0    0  0                        00 00 
EAEA45062160   0    0  0                        00 00 
EAEA45062180   111110  0                        00 00 
EAEA45085180   0    0  0                        00 00 
EAEA45125160   0    0  0                        00 00 
EAEA451581613440    0  0                        10 00 
EAEA45158181364112111120                        00 00 
EAEA45172180   111110  0                        00 00 
EAEA45186160   0    0  0                        00 00 
EAEA45194160   0    0  0                        00 00 
EAEA451941813670    0  0                        00 00 
EAEA452011811110    1351          1           2 113113
EAEA45214160   0    0  0                        00 00 
EAEA45236160   111110  0                        00 00 
EAEA45236180   135640  0                        00 00 
EAEA45248160   0    0  0                        00 00 
EAEA45248180   0    0  0                        00 00 
EAEA45275160   0    0  0                        00 00 
EAEA45275180   0    0  0                        00 00 
EAEA45283160   0    0  0                        00 00 
EAEA45283180   0    0  0                        00 00 
EAEA453031611440    1120                        01400 
EAEA453031811320    0  0                        00 00 
EAEA45311160   0    0  0                        00 00 
EAEA45311180   0    0  0                        00 00 
EAEA45324160   0    0  0                        00 00 
EAEA45324180   111110  0                        00 00 
EAEA45346160   0    0  0                        00 00 
EAEA45346180   0    0  0                        00 00 
EAEA45352180   0    0  0                        00 00 
EAEA45367180   0    0  0                        00 00 
EAEA45395160   123110  0                        00 00 
EAEA45395180   112120  0                        00 00 
EAEA45400161332123121220                        00 00 
EAEA454001813340    0  0                        00 00 
EAEA45437160   0    0  0                        00 00 
EAEA45437180   0    0  0                        00 00 
EAEA45454160   111111310                        00 00 
EAEA45454180   112111360                        00 00 
EAEA45476160   0    0  0                        00 00 
EAEA454761813740    1130                        11400 
EAEA45498160   0    0  0                        00 00 
EAEA45498180   122111350                        00 00 
EAEA45506180   111110  0                        00 00 
EAEA45527160   0    0  0                        00 00 
EAEA45527180   0    0  0                        00 00 
EAEA455311611340    0  0                        00 00 
EAEA455311813740    0  0                        00 00 
EAEA45555180   112211110                        00 00 
EAEA455701813110    0  0                        00 00 
EAEA45588160   0    0  0                        00 00 
EAEA45588180   0    0  0                        00 00 
EAEA45592180   0    0  0                        00 00 
EAEA45628160   0    0  0                        00 00 
EAEA456281811110    0  0                        00 00 
EAEA45630160   0    0  0                        00 00 
EAEA45630180   122111360                        00 00 
EAEA456421611120    0  0                        00 114
EAEA456421812220    0  0                        00 00 
EAEA45663160   0    0  0                        00 00 
EAEA45663180   0    0  0                        00 00 
EAEA45674180   112111130                        00 00 
EAEA45689160   0    0  0                        00 00 
EAEA45702181376135661360                        114114
EAEA45735180   0    0  0                        014014
EAEA45747180   0    0  0                        00 00 
EAEA45751160   0    0  0                        10 10 
EAEA45751180   0    0  0                        00 00 
EAEA45768180   0    0  0                        00 00 
EAEA457961812620    1250                        00 00 
EAEA45812161121112111120                        00 00 
EAEA45812181111111111210                        00 00 
EAEA45845180   0    0  0                        00 00 
EAEA45866160   0    0  0                        00 00 
EAEA45866180   0    0  0                        00 00 
EAEA45899160   0    0  0                        00 00 
EAEA45899180   124431120                        00 00 
EAEA45918160   0    0  0                        00 00 
EAEA45918180   0    0  0                        00 00 
EAEA45944180   0    0  0                        00 00 
MWMW00013160   0    0  0                              
MWMW00013180   0    1110                        00 00 
MWMW00136160   0    0  0                        00 00 
MWMW00148160   0    0  0                        00 00 
MWMW00150160   0    0  0                        00 00 
MWMW00150180   0    0  0                        00 00 
MWMW00169161211112121230                        00 00 
MWMW00175160   0    0  0                        00 10 
MWMW00175180   112120  0                        113114
MWMW00183160   112110  0                        00 00 
MWMW00183180   0    0  0                        00 00 
MWMW00197160   0    0  0                        00 00 
MWMW00197180   0    0  0                        00 00 
MWMW00217161374134541360                        114114
MWMW00217181376137771360                        00 00 
MWMW00225160   0    1120                        00 00 
MWMW00225181311132121320                        00 00 
MWMW00258160   0    0  0                        00 00 
MWMW00258180   0    0  0                        00 00 
MWMW00272160   124110  0                        00 00 
MWMW00272180   124241230                        00 00 
MWMW00286160   0    0  0                        00 00 
MWMW00286180   111110  0                        00 00 
MWMW003061613650    1110                        00 00 
MWMW003061813110    0  0                        00 00 
MWMW00319160   0    0  0                        00 00 
MWMW00319180   0    0  0                        00 00 
MWMW00327160   0    0  0                        00 00 
MWMW00327180   0    0  0                        00 00 
MWMW00331160   0    0  0                        00 00 
MWMW00331180   112110  0                        00 00 
MWMW00355160   0    0  0                        00 00 
MWMW00355180   111110  0                        00 00 
MWMW00364160   0    0  0                        00 00 
MWMW00364180   0    1110                        00 00 
MWMW00370160   0    0  0                        00 00 
MWMW00388160   134120  0                        00 00 
MWMW003921611240    0  0                        00 00 
MWMW003921813740    0  0                        00 00 
MWMW00408160   0    0  0                        00 00 
MWMW00408180   0    0  0                        00 00 
MWMW00416160   0    0  0                        00 00 
MWMW00416180   0    0  0                        00 00 
MWMW00429160   0    0  0                        00 00 
MWMW00429181111112221110                        00 00 
MWMW004411813741357513611 1       1 2 2       3 112112
MWMW00457160   0    0  0                        00 00 
MWMW004571811110    1120                        10 00 
MWMW00462160   122121120                        00 00 
MWMW00462180   115331240                        00 00 
MWMW00473160   133331330                        113113
MWMW00473180   123110  0                        00 00 
MWMW00485161133111111230                        10 00 
MWMW004851813640    0  0                        00 00 
MWMW00503160   0    0  0                        00 00 
MWMW00511160   0    0  0                        00 00 
MWMW00524161122112221120                        00 00 
MWMW00539161111112110  0                        00 00 
MWMW00539181111112120  0                        00 00 
MWMW00546160   0    0  0                        00 00 
MWMW00546180   0    0  0                        00 00 
MWMW00552160   0    0  0                        00 00 
MWMW00552180   0    0  0                        00 00 
MWMW00567180   123111220                        00 00 
MWMW00578180   122110  0                        00 00 
MWMW00580161344124321351           1           2113113
MWMW00580181311125341360                        114114
MWMW00595160   0    0  0                        00 00 
MWMW00595180   0    0  0                        00 00 
MWMW00604180   0    0  0                        00 00 
MWMW00612160   0    0  0                        00 00 
MWMW00612180   0    0  0                        00 00 
MWMW00638160   0    0  0                        00 00 
MWMW00638180   0    0  0                        00 00 
MWMW00645160   112111241           1           1112112
MWMW006451813540    1120                        00 00 
MWMW00653160   111110  0                        00 00 
MWMW00653180   0    0  0                        00 00 
MWMW00677161111111110  0                        00 00 
MWMW00677181353112111110                        10 00 
MWMW00699160   0    0  0                        10 00 
MWMW00699180   0    0  0                        00 00 
MWMW00718160   0    0  0                        00 00 
MWMW007181811110    0  0                        00 00 
MWMW00726160   0    0  0                        00 00 
MWMW00726180   0    0  0                        00 00 
MWMW00744160   0    0  0                        00 00 
MWMW00771160   0    0  0                        00 00 
MWMW00771180   112120  0                        00 00 
MWMW00807160   0    0  0                        00 00 
MWMW008281813740    0  0                        00 00 
MWMW00830161124111110  0                        10 10 
MWMW008301813750    1340                        10 111
MWMW00856180   123210  0                        10 10 
MWMW00863161111112111120                        10 10 
MWMW00863181375112321120                        114114
MWMW00874160   0    0  0                        00 00 
MWMW00874180   0    0  0                        00 00 
MWMW00889181374134121320                        114114
MWMW00891160   0    0  0                        00 00 
MWMW00891181375122120  0                        00 00 
MWMW00947161377112311120                        00 00 
MWMW00947181377111110  0                        00 00 
MWMW00951160   112110  0                        00 00 
MWMW00951180   0    0  0                        00 00 
MWMW00968160   0    0  0                        00 00 
MWMW00968180   0    0  0                        00 00 
MWMW00979160   0    0  0                        00 00 
MWMW01017160   0    0  0                        00 00 
MWMW01017180   0    0  0                        00 00 
MWMW01033161243122121230                        00 00 
MWMW01033181376122221361000000000001           2111113
MWMW01040160   0    0  0                        00 00 
MWMW01061160   0    0  0                        00 00 
MWMW01086160   0    0  0                        00 00 
MWMW01086180   112110  0                        00 00 
MWMW01094160   0    0  0                        00 00 
MWMW01094180   0    0  0                        00 00 
MWMW01118160   0    0  0                        00 00 
MWMW01118181376137770  0                        00 10 
MWMW01126160   0    0  0                        00 00 
MWMW01144160   0    0  0                        00 00 
MWMW01144180   0    1120                        00 00 
MWMW01160160   0    0  0                        00 00 
MWMW01160180   0    0  0                        00 00 
MWMW01171180   121110  0                        10 00 
MWMW01193160   111110  0                        00 00 
MWMW01193180   0    1340                        00 00 
MWMW01200160   0    0  0                        00 00 
MWMW01200180   0    1110                        00 00 
MWMW01249160   0    1320                        00 00 
MWMW012491811740    0  0                        10 10 
MWMW01276160   0    0  0                        00 00 
MWMW01276180   0    0  0                        00 00 
MWMW01302160   0    0  0                        00 00 
MWMW01323160   111110  0                        00 00 
MWMW01323180   111110  0                        00 00 
MWMW013351613210    1110                        00 00 
MWMW01335181375125410  0                        00 00 
MWMW01347160   0    0  0                        00 00 
MWMW01347180   0    0  0                        00 00 
MWMW01351160   0    0  0                        00 00 
MWMW01351180   0    0  0                        00 00 
MWMW01368180   0    0  0                        00 00 
MWMW01396180   0    0  0                        00 00 
MWMW01404160   0    0  0                        00 00 
MWMW01404180   0    0  0                        00 00 
MWMW01420160   112111120                        00 00 
MWMW014201811110    0  0                        00 00 
MWMW01438160   111110  0                        00 00 
MWMW01438180   122111120                        00 00 
MWMW014531813760    0  0                        00 00 
MWMW01466160   132210  0                        00 00 
MWMW01528160   0    0  0                        00 00 
MWMW01528180   0    0  0                        00 00 
MWMW01542160   0    0  0                        00 00 
MWMW015421813750    0  0                        01400 
MWMW01591160   0    0  0                        00 00 
MWMW01591180   0    1110                        00 00 
MWMW01608160   0    0  0                        00 00 
MWMW01608180   0    0  0                        00 00 
MWMW01629160   0    0  0                        00 00 
MWMW01629181364122111360                        00 00 
MWMW01634160   0    0  0                        00 00 
MWMW01657160   0    0  0                        10 10 
MWMW016571811110    1110                        00 00 
MWMW01673160   0    0  0                        00 00 
MWMW01673180   0    0  0                        00 00 
MWMW01685160   0    0  0                        10 00 
MWMW01685180   112110  0                        00 00 
MWMW01690161376111111310                        01400 
MWMW01690181375122111351000000000000            10 114
MWMW017011611230    0  0                        00 00 
MWMW01701180   0    0  0                        00 00 
MWMW01736160   0    0  0                        00 00 
MWMW01750160   0    0  0                        00 00 
MWMW01769160   0    0  0                        00 00 
MWMW017691811110    0  0                        00 00 
MWMW01775180   0    0  0                        00 00 
MWMW01824160   111110  0                        00 00 
MWMW01824180   122110  0                        00 00 
MWMW01839180   0    0  0                        00 00 
MWMW01846160   111110  0                        00 00 
MWMW01846181376122221340                        10 10 
MWMW01852160   0    0  0                        00 00 
MWMW01852180   122121110                        00 00 
MWMW01867161122122121120                        01200 
MWMW01895160   0    0  0                        00 00 
MWMW01895180   111110  0                        00 00 
MWMW01906160   0    0  0                        00 00 
MWMW01906180   0    0  0                        00 00 
MWMW01927160           0                        00 00 
MWMW01927181312133511360                        10 10 
MWMW01943160   111110  0                        00 00 
MWMW01943180   0    0  0                        00 00 
MWMW01970160   0    0  0                        00 00 
MWMW01970180   0    0  0                        00 00 
MWMW01988180   121110  0                        00 00 
MWMW01992160   0    0  0                        00 00 
MWMW01992180   0    1120                        00 00 
MWMW02008160   0    0  0                        00 00 
MWMW02008180   0    0  0                        00 00 
MWMW02016160   0    0  0                        00 00 
MWMW02016180   0    0  0                        00 00 
MWMW02041160   0    0  0                        00 00 
MWMW02041180   0    1220                        00 00 
MWMW02057160   0    0  0                        00 00 
MWMW02057180   0    1130                        00 00 
MWMW02073160   0    0  0                        00 00 
MWMW02090160   0    0  0                        00 00 
MWMW02090180   0    0  0                        00 00 
MWMW021171611110    1330                        014014
MWMW02117181121112221350                        00 00 
MWMW02125160   0    0  0                        00 00 
MWMW02125180   121110  0                        00 00 
MWMW02158160   0    0  0                        00 00 
MWMW02158180   0    0  0                        00 00 
MWMW02161160   0    0  0                        00 00 
MWMW02161180   111110  0                        00 00 
MWMW02172160   0    0  0                        00 00 
MWMW02172180   0    0  0                        00 00 
MWMW02186160   0    0  0                        00 00 
MWMW02186180   0    0  0                        00 00 
MWMW02222160   0    0  0                        00 00 
MWMW02222180   0    0  0                        00 00 
MWMW02236161122123321110                        111112
MWMW02236180   0    0  0                        00 00 
MWMW02248160   135410  0                        00 00 
MWMW022691611130    0  0                        00 00 
MWMW02269181122112120  0                        00 00 
MWMW02275161375133211111                        10 112
MWMW022751812440    1260                        00 00 
MWMW02283160   111110  0                        00 00 
MWMW02311160   0    0  0                        00 00 
MWMW02311180   111110  0                        00 00 
MWMW02324160   0    0  0                        00 00 
MWMW02339160   0    0  0                        00 00 
MWMW023391811110    0  0                        00 00 
MWMW02367160   0    0  0                        00 00 
MWMW02367180   0    0  0                        00 00 
MWMW02378160   0    0  0                        00 00 
MWMW02378181122112111110                        00 00 
MWMW02380160   0    0  0                        00 00 
MWMW02380180   0    0  0                        00 00 
MWMW02400160   0    0  0                        00 00 
MWMW02400180   0    0  0                        00 00 
MWMW02465160   123410  0                        00 10 
MWMW02476160   112110  0                        10 00 
MWMW02476181111112111210                        00 00 
MWMW02482160   0    0  0                        00 00 
MWMW02531160   0    0  0                        00 00 
MWMW02531180   0    0  0                        00 00 
MWMW02543160   0    0  0                        00 00 
MWMW02543180   0    0  0                        00 00 
MWMW02570160   0    0  0                        00 00 
MWMW02570180   0    0  0                        00 00 
MWMW02588180   0    0  0                        00 00 
MWMW02592160   0    0  0                        00 00 
MWMW02592180   123210  0                        00 00 
MWMW02615160   0    0  0                        00 00 
MWMW02615180   112111110                        00 00 
MWMW02663161222122220  0                        10 00 
MWMW02663180   112111110                        00 10 
MWMW02674160   121111150                        011011
MWMW02674180   111111250                        10 00 
MWMW02689161234124341360                        00 00 
MWMW02689180   122221350                        00 00 
MWMW02702160   121111330                        113113
MWMW02710160   0    0  0                        00 00 
MWMW02710180   0    0  0                        00 00 
MWMW02723160   0    0  0                        00 00 
MWMW02723180   0    0  0                        00 00 
MWMW02735160   122111230                        00 00 
MWMW02735181364111110  0                        00 00 
MWMW02747180   135651360                        01200 
MWMW02751160   0    0  0                        00 00 
MWMW02751180   0    0  0                        00 00 
MWMW02768160   0    0  0                        00 00 
MWMW02779160   0    0  0                        00 00 
MWMW02779180   112220  0                        00 00 
MWMW02784161144111111130                        10 00 
MWMW02784181256113351240                        113113
MWMW02796160   0    0  0                        00 00 
MWMW02804160   0    0  0                        00 00 
MWMW02812160   0    0  0                        00 00 
MWMW02838180   0    0  0                        00 10 
MWMW02845160   0    0  0                        00 00 
MWMW02853160   112121110                        00 00 
MWMW02853180   0    1360                        00 00 
MWMW02866160   0    0  0                        00 00 
MWMW02877160   0    0  0                        00 00 
MWMW028811613740    1110                        11100 
MWMW02881181375112111330                        014014
MWMW02899160   111111210                        00 00 
MWMW02899180   123431220                        10 10 
MWMW02905160   136141350                        10 00 
MWMW02926160   112110  0                        00 00 
MWMW02926180   0    0  0                        00 00 
MWMW02932160   0    0  0                        00 00 
MWMW02932180   111110  0                        00 00 
MWMW02959161133112111130                        00 00 
MWMW02960161211121111310                        00 00 
MWMW02971160   0    0  0                        00 00 
MWMW02971180   0    0  0                        00 00 
MWMW02987160   0    0  0                        00 00 
MWMW02993161364112111210                        00 00 
MWMW03005160   0    0  0                        00 00 
MWMW03005181374111111210                        00 10 
MWMW03026160   0    0  0                        00 00 
MWMW03026180   111110  0                        00 00 
MWMW03032160   0    0  0                        00 00 
MWMW03044160   0    0  0                        00 00 
MWMW03060160   0    0  0                        00 00 
MWMW03060180   111111110                        10 00 
MWMW03071161353124221360                        00 00 
MWMW03071181122112111120                        00 00 
MWMW03093160   0    0  0                        00 00 
MWMW03119160   0    0  0                        00 00 
MWMW03131160   0    0  0                        00 00 
MWMW031551613230    0  0                        00 00 
MWMW03170160   0    0  0                        00 00 
MWMW03188160   0    0  0                        00 00 
MWMW03192160   111110  0                        00 00 
MWMW03204160   0    0  0                        00 00 
MWMW03204181311121121210                        00 00 
MWMW03212160   111110  0                        00 00 
MWMW03220160   0    0  0                        00 00 
MWMW03245160   0    0  0                        00 00 
MWMW032531611220    0  0                        00 00 
NWNW30020160   112220  1                        10 00 
NWNW30020180   123341340                        10 112
NWNW30045160   0    0  0                        00 00 
NWNW30045181122112111110                        014114
NWNW300531613750    1350                        00 00 
NWNW30053181364135551330                        00 00 
NWNW30066160   0    0  0                        00 00 
NWNW30077160   0    0  0                        00 00 
NWNW30077180   0    0  0                        00 00 
NWNW30081160   0    0  0                        00 00 
NWNW30099160   0    0  0                        00 00 
NWNW30099180   112110  0                        00 00 
NWNW301131812250    0  0                        00 00 
NWNW30121181364125540  11 1         6 4         00 113
NWNW30137160   0    0  0                        00 00 
NWNW30149160   0    0  0                        00 00 
NWNW30149180   0    0  0                        00 00 
NWNW30154161243121110  0                        00 00 
NWNW30154181333113220  1           1           100 00 
NWNW30182160   0    0  0                        00 00 
NWNW30182180   0    0  0                        00 00 
NWNW30198161334135211120                        00 00 
NWNW30205160   0    0  0                        00 00 
NWNW30205181365111111220                        00 00 
NWNW30218160   0    0  0                        00 00 
NWNW30218180   0    0  0                        00 00 
NWNW302261611340    1230                        014014
NWNW30226180   0    0  0                        00 00 
NWNW30232160   0    0  0                        00 00 
NWNW30244161222111121120                        00 00 
NWNW302441813740    0  0                        00 00 
NWNW30259180   0    0  0                        00 00 
NWNW30260160   0    0  0                        00 00 
NWNW30260180   0    0  0                        00 00 
NWNW30271160   112110  0                        00 00 
NWNW30271180   112220  0                        00 00 
NWNW30287181334111110  0                        00 00 
NWNW30293160   0    0  0                        00 00 
NWNW30293180   122221320                        00 00 
NWNW30315160   0    0  0                        00 00 
NWNW30315180   0    0  0                        00 00 
NWNW30328160   0    0  0                        00 00 
NWNW30328180   122120  0                        00 00 
NWNW30330160   0    0  0                        00 00 
NWNW30330180   134540  0                        00 00 
NWNW30356180   0    0  1                        113113
NWNW303631613750    0  0                        00 00 
NWNW303631813750    0  0                        00 00 
NWNW30374161275112221120                        00 00 
NWNW30374181375112221110                        00 00 
NWNW30389160   0    0  0                        00 00 
NWNW30389180   0    0  0                        00 00 
NWNW30391160   0    0  0                        00 00 
NWNW30391180   0    0  0                        00 00 
NWNW30409160   0    0  0                        00 00 
NWNW30409180   0    0  0                        00 00 
NWNW30417161375122121240                        00 013
NWNW30417181374121111351    1     1     2     1 114113
NWNW30425161111122121110                        00 00 
NWNW30425180   123110  0                        00 00 
NWNW30433160   0    0  0                        00 00 
NWNW30433180   0    0  0                        00 00 
NWNW30461160   0    0  0                        00 00 
NWNW30486160   112211340                        10 113
NWNW30486181244135541320                        00 013
NWNW30494181224123220  0                        00 00 
NWNW30502160   0    0  0                        00 00 
NWNW30502180   111210  0                        10 10 
NWNW30523160   0    0  0                        00 00 
NWNW30523180   0    0  0                        00 00 
NWNW30535161111111110  0                        00 00 
NWNW305351811110    0  0                        00 00 
NWNW30547161223134551340                        113113
NWNW30547181355135330  0                        114114
NWNW30551160   0    0  0                        00 00 
NWNW30551180   0    0  0                        10 00 
NWNW30568160   0    0  0                        00 00 
NWNW30568180   0    0  0                        00 00 
NWNW305791611110    0  0                        00 00 
NWNW305791811220    0  0                        00 00 
NWNW30584160   0    0  0                        00 00 
NWNW30584180   122110  0                        00 00 
NWNW30596160   0    0  0                        00 00 
NWNW30603160   0    0  0                        00 00 
NWNW306031813530    1350                        00 00 
NWNW30611161111111111110                        00 00 
NWNW306111811540    0  0                        00 00 
NWNW3062416131512111111111        1 11        1 113113
NWNW30624181375112110  0                        00 00 
NWNW30639160        0  0                        00 00 
NWNW30639180   0    0  0                        00 00 
NWNW30646160   111110  0                        00 00 
NWNW30646180   123431120                        00 00 
NWNW30652160   112111110                        00 00 
NWNW30652180   121110  0                        00 00 
NWNW30667161375133541311  11          21        01400 
NWNW30667181352135650  0                        00 00 
NWNW30678160   0    0  0                        00 00 
NWNW30678180   0    0  0                        00 00 
NWNW30680160   0    0  0                        00 00 
NWNW30680181111112331120                        00 00 
NWNW30706160   0    0  0                        00 00 
NWNW307061813640    0  0                        00 00 
NWNW30719160   0    0  0                        00 00 
NWNW30719180   0    0  0                        00 00 
NWNW30727160   0    0  0                        00 00 
NWNW30727180   0    0  0                        00 00 
NWNW30731160   0    0  0                        00 00 
NWNW30743160   111110  0                        10 00 
NWNW30743180   0    1110                        00 10 
NWNW30764161122112110  0                        00 00 
NWNW307641813740    1120                        00 00 
NWNW30770160   0    0  0                        11400 
NWNW307701811110    1210                        114114
NWNW30788160   112110  0                        0     
NWNW30788180   0    0  0                        00 00 
NWNW30808160   0    0  0                        00 00 
NWNW30808180   0    0  0                        00 00 
NWNW30816160   0    0  0                        00 00 
NWNW308161811110    0  0                        00 00 
NWNW30829160   0    0  0                        00 00 
NWNW30829181377134441360                        00 00 
NWNW30834181374124221240                        00 00 
NWNW308731612110    1110                        00 00 
NWNW308731811540    0  0                        00 00 
NWNW30885161311131110  0                        00 00 
NWNW308851811220    0  0                        00 00 
NWNW30901161354122221251 11  1       22  5      10 013
NWNW309011813740    0  0                        00 00 
NWNW30922160   0    0  0                        00 00 
NWNW30922180   0    0  0                        00 00 
NWNW30936160   0    0  0                        00 00 
NWNW30936180   0    0  0                        00 00 
NWNW30948160   0    0  0                        00 00 
NWNW30950160   0    0  0                        00 00 
NWNW30950180   0    1120                        00 00 
NWNW30969160   111211111                        00 114
NWNW30969181122136450  0                        00 00 
NWNW30997180   111110  0                        00 00 
NWNW31005161334112221120                        00 00 
NWNW31005181311111111110                        00 00 
NWNW31018160   112110  0                        10 113
NWNW31018181121135421120                        11410 
NWNW31026180   112220  0                        113111
NWNW31032161244135651221  1           2         113111
NWNW31032181365133431350                        10 113
NWNW31044160   112121110                        00 00 
NWNW310441813740    0  0                        00 00 
NWNW31060160   0    0  0                        00 00 
NWNW31060180   0    0  0                        00 00 
NWNW31071160   111111210                        00 013
NWNW31071181111121110  0                        10 113
NWNW31087160   0    0  0                        00 00 
NWNW310871811120    0  0                        00 00 
NWNW31106160   0    1110                        00 00 
NWNW311061813540    0  0                        00 00 
NWNW31119160   0    0  0                        00 00 
NWNW31119180   0    0  0                        00 00 
NWNW31127161111113121110                        10 10 
NWNW3112718137511111121111   1    1 11   1    1 113113
NWNW3114316135 111111310                        113014
NWNW31143181274133421360                        114114
NWNW31155160   0    0  0                        00 00 
NWNW31155180   111110  0                        00 00 
NWNW31164160   0    0  0                        00 00 
NWNW31164180   0    0  0                        00 00 
NWNW31170160   0    0  0                        10 00 
NWNW311701811110    1110                        00 00 
NWNW31188181234122111220                        00 00 
NWNW31192160   111110  0                        00 00 
NWNW31192180   0    1110                        00 00 
NWNW31204160   0    0  0                        00 00 
NWNW31212160   0    1110                        00 00 
NWNW31212181374111111110                        00 00 
NWNW31220160   111110  0                        00 00 
NWNW31220180   0    0  0                        00 00 
NWNW31238160   0    0  0                        00 00 
NWNW31245160   0    0  0                        00 00 
NWNW31245180   0    0  0                        00 00 
NWNW31253161111112121110                        00 00 
NWNW31253180   111111210                        01400 
NWNW31277160   0    0  0                        00 00 
NWNW31277181374111110  0                        00 00 
NWNW31299160   0    0  0                        00 00 
NWNW31299180   0    0  0                        00 00 
NWNW31301160   0    0  0                        00 00 
NWNW31301180   0    0  0                        00 00 
NWNW31322160   0    0  0                        00 00 
NWNW31322180   0    0  0                        00 00 
NWNW313361611110    0  0                        00 00 
NWNW313361813750    1110                        00 00 
NWNW31350160   111110  0                        00 00 
NWNW31350180   122321110                        00 00 
NWNW31369161374112110  0                        00 00 
NWNW31369181375113211120                        00 00 
NWNW31375161377135511360                        113113
NWNW31375181377133221321           1           200 00 
NWNW31397161211111111110                        10 10 
NWNW31397181233122121210                        113113
NWNW31403160   0    0  0                        00 00 
NWNW3140318137713777136111111111 11165432222 122112112
NWNW31424160   0    0  0                        00 00 
NWNW31424180   122120  0                        00 00 
NWNW31439160   0    0  0                        00 00 
NWNW31439180   0    0  0                        00 00 
NWNW31446160   0    0  0                        00 00 
NWNW31446180   0    0  0                        00 00 
NWNW31467160   0    0  0                        00 00 
NWNW31467180   0    0  0                        00 00 
NWNW31478160   111111240                        011011
NWNW31478180   0    0  0                        00 00 
NWNW31480181111121111320                        01400 
NWNW31495180   112110  0                        00 00 
NWNW32033180   0    0  0                        00 00 
NWNW32058160   111110  0                        00 00 
NWNW32058180   123120  0                        00 00 
NWNW32061160   0    0  0                        00 00 
NWNW32061180   0    1110                        00 00 
NWNW32072160   123331220                        00 00 
NWNW320721813110    0  0                        00 00 
NWNW32086160   112321120                        00 00 
NWNW32086181375132421340                        00 011
NWNW32094161111111110  0                        00 00 
NWNW32094180   121111220                        013013
NWNW32118160   0    0  0                        00 00 
NWNW32118180   111111120                        00 00 
NWNW32144160   0    0  0                        00 00 
NWNW32144180   0    0  0                        00 00 
NWNW32159160   0    0  0                        00 00 
NWNW32160160   0    0  0                        00 00 
NWNW32160180   0    0  0                        00 00 
NWNW321711613530    1110                        00 00 
NWNW32171181364125110  0                        00 00 
NWNW321931613760    1220                        013113
NWNW32200160   0    0  0                        00 00 
NWNW322131611220    1250                        014014
NWNW32213181374112111350                        00 00 
NWNW32221160   111110  0                        00 00 
NWNW32249160   0    0  0                        00 00 
NWNW32249181132124111120                        00 00 
NWNW32265160   111111220                        00 00 
NWNW32265180   112111360                        00 014
NWNW32276160   0    0  0                        00 00 
NWNW32276180   0    0  0                        00 00 
NWNW32298160   0    0  0                        00 00 
NWNW32298180   0    0  0                        00 00 
NWNW32302160   0    0  0                        00 00 
NWNW32302180   0    0  0                        10 10 
NWNW32335160   0    0  0                        00 00 
NWNW32335180   111110  0                        00 00 
NWNW32347161254122130  11           2           112112
NWNW323471812641355512311 1         3 3         113111
NWNW32368160   111111110                        00 00 
NWNW32368181243123321341    1           2       111011
NWNW32384160   0    0  0                        00 00 
NWNW32384181111122111110                        00 00 
NWNW32412160   0    0  0                        00 00 
NWNW32412180   0    0  0                        00 00 
NWNW32420160   0    0  0                        00 00 
NWNW32438160   111110  0                        00 00 
NWNW32438181223124430  0                        10 10 
NWNW32445160   0    0  0                        00 00 
NWNW32445180   0    0  0                        00 00 
NWNW324531813640    1330                        11200 
NWNW32466181111111110  0                        00 00 
NWNW32481160   0    1240                        00 00 
NWNW32481181376124121350                        11300 
NWNW32507160   111110  1                        00 00 
NWNW32507180   124431310                        013113
NWNW325151613740    133111        1 11        2 113113
NWNW325151813750    1241 1           2          00 00 
NWNW325281813510    0  0                        00 00 
NWNW32530160   0    0  0                        00 00 
NWNW325301812340    0  0                        00 00 
NWNW325421611220    0  0                        10 013
NWNW32556161354112321340                        00 00 
NWNW32556181353111111220                        10 113
NWNW325911612220    1220                        00 00 
NWNW325911813740    0  0                        00 00 
NWNW32608160   0    0  0                        00 00 
NWNW32608180   111110  0                        10 00 
NWNW326291611110    0  0                        00 00 
NWNW32629181276112211110                        00 00 
NWNW32634160   0    0  0                        00 00 
NWNW32641160   111110  0                        00 00 
NWNW32641181113123430  0                        00 00 
NWNW32662161254124430  0                        10 00 
NWNW32673160   0    0  0                        00 00 
NWNW32673180   0    0  0                        00 00 
NWNW32685160   0    0  0                        00 00 
NWNW32685180   0    0  0                        00 00 
NWNW32701161334123331220                        014014
NWNW3270118136513633136111   1 1  1 11   1 1  1 014014
NWNW32736160   111111310                        10 10 
NWNW32750160   111111360                        00 00 
NWNW32750180   0    0  0                        00 00 
NWNW32769160   0    0  0                        00 00 
NWNW32769180   0    0  0                        00 00 
NWNW327751611110    0  0                        00 00 
NWNW327751813740    0  0                        00 00 
NWNW32783160   0    0  0                        00 00 
NWNW32783180   111110  0                        00 00 
NWNW32797160   0    0  0                        00 00 
NWNW327971813750    0  0                        00 00 
NWNW32803160   0    0  0                        00 00 
NWNW32803180   122121110                        00 00 
NWNW32811180   0    0  0                        00 00 
NWNW32824160   0    0  0                        00 00 
NWNW32824180   111110  0                        00 00 
NWNW32839181232124321350                        00 00 
NWNW32846160   112110  0                        00 00 
NWNW32846180   112110  0                        00 00 
NWNW32867160   0    0  0                        00 00 
NWNW32867180   122111110                        00 00 
NWNW32878160   0    0  0                        00 00 
NWNW32878180   0    0  0                        00 00 
NWNW32895160   122110  0                        00 00 
NWNW32895180   121110  0                        00 00 
NWNW32906160   0    0  0                        00 00 
NWNW32906180   0    0  0                        10 00 
NWNW32919161132124311210                        00 00 
NWNW32919181311124341210                        10 00 
NWNW32943160   0    0  0                        00 00 
NWNW32943181244112221130                        00 10 
NWNW32955160   0    0  0                        00 00 
NWNW32955180   0    0  0                        00 00 
NWNW32964160   0    0  0                        00 00 
NWNW3300616117 0    1110                        00 00 
NWNW33019160   0    0  0                        00 00 
NWNW33027160   0    0  0                        00 00 
NWNW33027180   0    0  0                        00 00 
NWNW330311611110    0  0                        00 00 
NWNW330311813740    1110                        00 00 
NWNW33043160   0    0  0                        00 00 
NWNW33043180   0    0  0                        00 00 
NWNW330551613540    0  0                        00 00 
NWNW33064161321112111210                        00 00 
NWNW33064181354123321361          1           2 111113
NWNW330701613340    0  0                        00 00 
NWNW33070181245132441331111   1     226   3     112112
NWNW33088160   0    0  0                        00 00 
NWNW33088180   0    0  0                        00 00 
NWNW33107161111133131120                        00 00 
NWNW33107180   0    0  0                        00 00 
NWNW33115160   0    0  0                        00 00 
NWNW331151813740    0  0                        00 00 
NWNW33128160   0    0  0                        00 00 
NWNW331301611110    0  0                        00 00 
NWNW33451160   0    0  0                        00 00 
NWNW33468160   0    0  0                        00 00 
NWNW33468180   0    0  0                        00 00 
NWNW344891611110    0  0                        00 00 
NWNW344891811530    0  0                        00 00 
NWNW34504160   0    0  0                        00 00 
NWNW34504180   0    0  0                        00 00 
SOSO10034160   0    0  0                        00 00 
SOSO10034180   112210  0                        00 00 
SOSO10041160   112121230                        00 00 
SOSO10041181234111111220                        00 00 
SOSO10125181376133321310                        00 00 
SOSO101331813771377612411     1     4     4     012012
SOSO10186160   111110  0                        00 00 
SOSO10201181374112221240                        014014
SOSO10222160   0    0  0                        00 00 
SOSO10222180   0    0  0                        00 00 
SOSO102361812440    1350                        113112
SOSO10248160   0    0  0                        00 00 
SOSO10248180   112111120                        00 00 
SOSO10250180   0    0  0                        00 00 
SOSO10275181111135420  0                        00 00 
SOSO10303160   121110  0                        00 00 
SOSO10303181375132221230                        00 00 
SOSO10311160   0    0  0                        00 00 
SOSO10311180   0    0  0                        00 00 
SOSO10346161264112210  1                        00 00 
SOSO103461813640    0  0                        00 00 
SOSO10367180   0    0  0                        00 00 
SOSO103781613740    0  0                        00 00 
SOSO10378181375134541340                        00 00 
SOSO10395180   0    0  0                        00 00 
SOSO10400160   0    0  0                        00 00 
SOSO10400180   0    0  0                        00 00 
SOSO10413160   122110  0                        00 00 
SOSO10413180   0    0  0                        00 00 
SOSO10421180   0    0  0                        00 00 
SOSO10437180   0    0  0                        00 00 
SOSO10449180   0    0  0                        00 00 
SOSO10454181344135651211 11 1     1  21 1     1 013013
SOSO10465160   0    0  0                        00 00 
SOSO10476180   0    0  0                        00 00 
SOSO10498160   111110  0                        00 00 
SOSO104981811111121211111         1 2         1 00 00 
SOSO10519161122112111120                        00 00 
SOSO105191812740    0  0                        00 00 
SOSO10527160   0    0  0                        00 00 
SOSO10531160   0    0  0                        00 00 
SOSO10531180   111110  0                        00 00 
SOSO10543161254111110  0                        00 00 
SOSO10543181374137671360                        00 00 
SOSO105551811110    0  0                        00 00 
SOSO10570160   0    0  0                        00 00 
SOSO10570181111112121220                        00 00 
SOSO10592180   0    0  0                        00 00 
SOSO10607180   0    0  0                        00 00 
SOSO10615180   0    0  0                        00 00 
SOSO10628160   0    0  0                        00 00 
SOSO10628180   0    0  0                        00 00 
SOSO10630161222122110  0                        00 00 
SOSO10630181144113121110                        00 00 
SOSO10642160   0    0  0                        00 00 
SOSO10642180   0    0  0                        00 00 
SOSO106561612220    0  0                        00 00 
SOSO10656180   0    0  0                        00 00 
SOSO106741612220    1110                        00 00 
SOSO10674180   0    0  0                        00 00 
SOSO10689160   0    0  0                        00 00 
SOSO10689180   0    0  0                        00 00 
SOSO10723181373112111120                        00 00 
SOSO10735161376112221351  1        1  3        3112113
SOSO10735181375135651361                        01300 
SOSO107791813770    0  0                        00 00 
SOSO10784160   0    0  0                        00 00 
SOSO10784181111111110  0                        00 00 
SOSO10796161144111110  0                        00 00 
SOSO107961811230    0  0                        00 00 
SOSO10804160   0    0  0                        00 00 
SOSO10804180   0    0  0                        00 00 
SOSO108381613750    0  0                        00 00 
SOSO108381813770    0  0                        00 00 
SOSO10845160   0    0  0                        00 00 
SOSO10845180   0    0  0                        00 00 
SOSO10853161252122421230                        113112
SOSO10853180   0    0  0                        00 00 
SOSO10881160   111111110                        00 00 
SOSO10881180   0    1110                        00 00 
SOSO10899160   121110  0                        00 00 
SOSO109051813750    1360                        00 00 
SOSO10918160   111111110                        00 00 
SOSO10918180   0    0  0                        00 00 
SOSO10959160   111110  0                        00 00 
SOSO10959180   122110  0                        012012
SOSO10993160   0    0  0                        00 00 
SOSO10993180   0    0  0                        00 00 
SOSO11001180   0    1110                        00 00 
SOSO11050181374122120  0                        00 00 
SOSO110691613740    1120                        00 00 
SOSO110751611210    0  1           1           100 00 
SOSO11102160   0    0  0                        10 00 
SOSO11102180   112120  0                        10 10 
SOSO11110180   124330  0                        00 00 
SOSO11123181173123730  1       1           3    114114
SOSO11135181121112111110                        00 00 
SOSO111471612110    0  0                        00 00 
SOSO11147181365112111110                        10 10 
SOSO11151161333111110  0                        00 00 
SOSO11151181374111110  0                        00 00 
SOSO11196181375112111251                        10 112
SOSO11208160   0    0  0                        00 00 
SOSO11208180   0    0  0                        00 00 
SOSO11216160   0    0  0                        00 00 
SOSO11216180   0    0  0                        00 00 
SOSO11229180   0    0  0                        00 00 
SOSO11234160   0    0  0                        00 00 
SOSO11234180   111111120                        00 00 
SOSO11241160   0    0  0                        00 00 
SOSO11241180   0    0  0                        00 00 
SOSO112571611220    0  0                        00 00 
SOSO11257180   112110  0                        00 00 
SOSO11262160   0    0  0                        00 00 
SOSO112621813240    0  0                        00 00 
SOSO11273160   122110  0                        00 00 
SOSO112731813740    0  0                        00 014
SOSO11290180   0    0  0                        00 00 
SOSO11305160   112121120                        10 10 
SOSO11305180   112221230                        10 10 
SOSO11318180   111111220                        00 00 
SOSO113261613640    1310                        00 00 
SOSO11326180   0    1360                        114014
SOSO11344160   0    0  0                        00 00 
SOSO11344181377112121360                        01400 
SOSO11359160   0    0  0                        00 00 
SOSO11359180   0    0  0                        00 00 
SOSO113871611220    1110                        00 00 
SOSO113871811240    1330                        00 00 
SOSO113931612110    0  0                        00 00 
SOSO11393181334123431231  1  0     1  2        210 113
SOSO11407160   0    0  0                        00 00 
SOSO114071813740    0  0                        00 00 
SOSO114151611110    0  0                        00 00 
SOSO114151813760    0  0                        00 00 
SOSO114301813750    0  0                        00 00 
SOSO11442180   0    0  0                        00 00 
SOSO11474160   0    0  0                        00 00 
SOSO11474180   112110  0                        00 00 
SOSO11491160   0    0  0                        00 00 
SOSO11491180   0    0  0                        00 00 
SOSO115041611110    0  0                        00 012
SOSO11504181111122220  0                        00 00 
SOSO11520160   0    0  0                        00 00 
SOSO11520180   0    0  0                        00 00 
SOSO11538181376111110  0                        00 00 
SOSO11553181376125541350                        10 10 
SOSO11577181374112210  0                        00 00 
SOSO11581180   0    0  0                        00 00 
SOSO11599180   0    0  0                        011011
SOSO116001612110    0  0                        00 00 
SOSO11600180   0    11211           5           10 10 
SOSO11613160   112110  0                        10 10 
SOSO11613181364133110  0                        00 00 
SOSO11621160   0    1340                        00 00 
SOSO11621181374126541360                        00 00 
SOSO11637160   111210  0                        00 00 
SOSO11637180   112211110                        00 00 
SOSO11649180   112111110                        00 00 
SOSO11654160   0    0  0                        00 00 
SOSO11654181122112110  0                        00 00 
SOSO11665160   0    0  0                        00 00 
SOSO11665180   0    0  0                        00 00 
SOSO11676161277131111360                        10 10 
SOSO116761813350    1120                        00 00 
SOSO116821611110    0  0                        00 00 
SOSO11682180   111111210                        00 00 
SOSO11717160   0    0  0                        00 00 
SOSO11717180   0    0  0                        00 00 
SOSO11733160   0    0  0                        00 00 
SOSO11758161354122110  0                        00 00 
SOSO11758180   132121110                        00 00 
SOSO11786161111121111310                        00 00 
SOSO11786181111111111110                        00 00 
SOSO11794161132112111230                        10 10 
SOSO11794181375122321220                        10 00 
SOSO11806180   133110  0                        00 00 
SOSO11819160   0    0  0                        00 00 
SOSO11819180   0    0  0                        00 00 
SOSO11870160   111110  0                        00 00 
SOSO11870180   0    0  0                        00 00 
SOSO11888160   0    0  0                        00 00 
SOSO11888180   111110  0                        00 00 
SOSO11892180   0    0  0                        00 00 
SOSO11903161234112111120                        00 00 
SOSO11903181376121111111 11 1        11 1       00 00 
SOSO119111612210    0  0                        00 00 
SOSO119111813760    0  0                        00 00 
SOSO11924160   0    0  0                        00 00 
SOSO11924180   0    0  0                        00 00 
SOSO119391813750    0  0                        00 00 
SOSO11946180   121110  0                        00 00 
SOSO11952160   0    0  0                        00 00 
SOSO11952180   131110  0                        00 00 
SOSO119671811340    0  0                        10 00 
SOSO11978161111112121110                        00 00 
SOSO119781813661344513411          12          100 111
SOSO11980161364125441231  1           4         00 00 
SOSO11980181376125521241111 1 1   1 225 3 6   3 113113
SOSO11995180   112110  0                        00 00 
SOSO12013160   0    0  0                        00 00 
SOSO12013180   0    0  0                        00 00 
SOSO12021161375133320  0                        00 00 
SOSO120371612220    0  0                        00 00 
SOSO120371811430    0  0                        00 00 
SOSO120491612740    0  0                        00 00 
SOSO12054180   1334313311 1       112 2       1300 00 
SOSO12076160   111110  0                        00 10 
SOSO12076181111125510  0                        00 00 
SOSO12082160   0    0  0                        00 00 
SOSO120821811110    0  0                        00 00 
SOSO12098160   0    0  0                        00 00 
SOSO12098180   0    0  0                        00 00 
SOSO12114180   0    0  0                        00 00 
SOSO12122160   0    0  0                        00 00 
SOSO12122180   0    0  0                        00 00 
SOSO121501611110    1210                        00 00 
SOSO12150181123112110  0                        00 00 
SOSO121691612550    1240                        00 00 
SOSO121691812340    1330                        00 00 
SOSO12175160   0    0  0                        00 00 
SOSO12175180   0    0  0                        00 00 
SOSO12197160   122111110                        00 00 
SOSO121971813760    1110                        00 00 
SOSO12209181376112110  0                        00 00 
SOSO12217180   0    0  0                        00 00 
SOSO12225180   0    0  0                        00 00 
SOSO12240181123112510  0                        00 00 
SOSO12261160   0    0  0                        00 00 
SOSO12261180   0    0  0                        00 00 
SOSO122721613750    0  0                        00 00 
SOSO12272181375111110  0                        00 00 
SOSO122941813340    1110                        00 00 
SOSO12306161376122121211 11       1  12       1 00 00 
SOSO123061813760    0  0                        00 00 
SOSO12319160   111110  0                        00 00 
SOSO12319181222112121120                        00 00 
SOSO123271813750    0  0                        00 00 
SOSO12331180   111110  0                        00 00 
SOSO12343160   0    0  0                        00 00 
SOSO12343180   0    0  0                        00 00 
SOSO12355161374132110  0                        00 00 
SOSO12355181375112110  0                        00 00 
SOSO12364160   0    0  0                        00 00 
SOSO12364181376112220  0                        00 00 
SOSO12370160   0    0  0                        00 00 
SOSO12370180   0    0  0                        00 00 
SOSO12392160   0    0  0                        00 00 
SOSO12392180   0    0  0                        00 00 
SOSO12416180   0    0  0                        00 00 
SOSO124341812320    0  0                        01400 
SOSO12441160   0    0  0                        00 00 
SOSO12441180   0    0  0                        00 00 
SOSO12462160   0    0  0                        00 00 
SOSO124621813220    0  0                        00 00 
SOSO12473160   0    1320                        00 00 
SOSO12473180   131111360                        10 114
SOSO12490160   0    0  0                        00 00 
SOSO12490180   132110  0                        00 00 
SOSO12503180   112110  0                        00 00 
SOSO12524160   112121210                        00 013
SOSO12524180   111111310                        00 00 
SOSO12539180   0    0  0                        00 00 
SOSO12552161353122110  0                        00 00 
SOSO12552180   0    0  0                        00 00 
SOSO125671611120    1110                        00 00 
SOSO125671812740    0  0                        00 00 
SOSO125781811540    0  0                        00 00 
SOSO12580180   122110  0                        00 00 
SOSO12595160   0    0  0                        00 00 
SOSO125951813640    0  0                        00 00 
SWSW20010160   0    0  0                        00 00 
SWSW200101811220    0  0                        00 00 
SWSW20035180   0    0  0                        00 00 
SWSW20051181377137770  0                        00 00 
SWSW200681813761345413211 1       1 1 3       1 10 113
SWSW200791813760    134111111     1115211     12011011
SWSW200961611221344413311           2           10 10 
SWSW20096181222134441331 111         221        00 112
SWSW20103181311124431211    1     11    1     21014014
SWSW20111180   0    0  0                        00 00 
SWSW20146160   0    0  0                        00 00 
SWSW20146180   123320  0                        00 00 
SWSW20167160   0    0  0                        00 00 
SWSW20178160   0    0  0                        00 00 
SWSW201781813330    0  0                        00 00 
SWSW201801813750    13611         1 1         5 11400 
SWSW20195160   0    0  0                        00 00 
SWSW20195180   0    0  0                        00 00 
SWSW202071611220    0  0                        10 00 
SWSW202281611230    0  0                        00 00 
SWSW20228181246112110  0                        00 00 
SWSW20230161223112231110                        00 00 
SWSW20230181324131111210                        113113
SWSW20242180   0    0  0                        10 00 
SWSW20263160   0    0  0                        00 00 
SWSW20263180   0    0  0                        00 00 
SWSW20274161111122220  0                        00 113
SWSW20274180   111110  0                        00 00 
SWSW20309181375134431130                        00 00 
SWSW20340181364122310  0                        00 00 
SWSW20361181334134441221                        014014
SWSW20372181111121111111  1        1  2        200 014
SWSW20394160   0    0  0                        00 00 
SWSW20419180   111110  0                        00 00 
SWSW20427161376122111311 11 11       11 11      114113
SWSW204271813760    0  0                        014114
SWSW20431160   0    0  0                        00 00 
SWSW20431181354124311361 10          5          113114
SWSW20443180   0    1310                        10 113
SWSW20455160   0    0  0                        00 00 
SWSW20464160   0    0  0                        00 00 
SWSW20464180   111110  0                        00 00 
SWSW20488180   0    0  0                        00 00 
SWSW20500161365136551110                        114114
SWSW20500180   0    0  0                        00 00 
SWSW20513180   132210  0                        10 00 
SWSW20521160   0    1110                        00 00 
SWSW20549161376112110  0                        00 00 
SWSW20576160   1345413611  1 1     02  2 2      112112
SWSW20582180   0    0  0                        10 10 
SWSW20598160   0    0  0                        00 00 
SWSW20598180   0    0  0                        10 00 
SWSW20614160   0    0  0                        00 00 
SWSW20614181253125320  0                        00 00 
SWSW20622160   0    0  0                        00 00 
SWSW20622180   0    0  0                        00 00 
SWSW20636160   112110  0                        00 00 
SWSW20636181311112220  0                        00 00 
SWSW20669160   112120  0                        10 112
SWSW20669180   112110  0                        10 114
SWSW20697181376122430  0                        00 00 
SWSW207081813770    1360                        00 00 
SWSW20716181377113211320                        00 00 
SWSW20729160   122110  0                        00 00 
SWSW20729180   0    0  0                        00 00 
SWSW20741160   0    0  0                        00 00 
SWSW20741180   111110  0                        00 00 
SWSW20757160   0    0  0                        00 00 
SWSW20757180   0    0  0                        00 00 
SWSW20762161111112110  0                        00 00 
SWSW20762181122122220  0                        00 00 
SWSW20773160   112110  0                        00 00 
SWSW20773180   122430  0                        00 00 
SWSW20790160   0    0  0                        00 00 
SWSW20790180   0    0  0                        00 00 
SWSW20805160   0    0  0                        00 00 
SWSW20818161366124420  1 1   1     1 2   1     1113112
SWSW208181813770    0  0                        00 00 
SWSW20826161363121111111                        00 013
SWSW20826181364111110  1 1           1          00 00 
SWSW208441611110    1110                        00 00 
SWSW20859160   0    1350                        10 00 
SWSW208591813750    0  0                        00 00 
SWSW20860160   0    1110                        00 00 
SWSW20860181222135341220                        00 00 
SWSW20871160   0    0  1 1 1      1  1 1      1 00 013
SWSW20887180   111110  0                        00 10 
SWSW20893161111111111110                        00 00 
SWSW20893180   122110  0                        00 00 
SWSW20904160   112110  0                        10 00 
SWSW20904180   121110  0                        00 00 
SWSW20920160   112210  0                        00 00 
SWSW20920181122112220  0                        00 00 
SWSW20938160   111110  0                        00 00 
SWSW20938180   111110  0                        00 00 
SWSW209451613640    0  0                        00 00 
SWSW20945181375122321340                        10 00 
SWSW20953160   111110  0                        00 00 
SWSW20953180   121110  0                        00 00 
SWSW20966161232135431240                        00 00 
SWSW20981161111111110  0                        00 00 
SWSW20981180   0    0  0                        00 00 
SWSW21007180   0    0  0                        00 00 
SWSW21015181211111111310                        00 014
SWSW21028160   0    0  0                        00 00 
SWSW21028180   111110  0                        00 00 
SWSW21030160   124341230                        00 00 
SWSW21042181374133311110                        114114
SWSW210741813750    0  0                        00 00 
SWSW21089160   0    0  0                        00 00 
SWSW210891811110    1110                        00 00 
SWSW21157181145113321121 1           2          00 00 
SWSW21162160   0    0  0                        00 00 
SWSW21162180   0    0  0                        00 00 
SWSW21185160   0    0  0                        00 00 
SWSW21185180   112110  0                        00 00 
SWSW21190181222112210  0                        01400 
SWSW21202161375112111110                        00 00 
SWSW21202181375111111310                        00 00 
SWSW21210160   0    1110                        00 00 
SWSW212101811230    0  0                        00 00 
SWSW21247160   0    0  0                        00 00 
SWSW21247180   0    0  0                        00 00 
SWSW21251160   0    0  0                        00 00 
SWSW21251180   111110  0                        00 00 
SWSW212681813740    0  0                        00 00 
SWSW2127916131113111131111111    11146443    231113113
SWSW212841813740    0  0                        00 00 
SWSW21296160   0    0  0                        00 00 
SWSW212961811220    1120                        00 00 
SWSW21304180   111111110                        00 00 
SWSW213121811210    1350                        00 113
SWSW21320161221113331340                        00 012
SWSW21345161374137771360                        00 014
SWSW213451813551311113111111     1 11111     1 1114113
SWSW21353161343131111320                        114014
SWSW21353181354132321320                        10 114
SWSW21366160   0    0  0                        00 00 
SWSW21366180   0    0  0                        00 00 
SWSW21377161233112320  0                        00 00 
SWSW21377180   0    0  0                        00 00 
SWSW21381160   111110  0                        00 00 
SWSW21381181364122311310                        00 00 
SWSW21401160   0    0  0                        00 00 
SWSW21401181111112110  0                        00 00 
SWSW21414160   0    0  0                        00 00 
SWSW21436160   0    0  0                        00 00 
SWSW21436180   0    0  0                        00 00 
SWSW21448181244134521110                        00 00 
SWSW21450160   0    0  0                        00 00 
SWSW21450180   0    0  0                        00 00 
SWSW21469160   112111340                        00 011
SWSW21469181321112110  0                        00 00 
SWSW21483160   0    0  0                        00 00 
SWSW21483180   121110  0                        00 00 
SWSW21526160   0    0  0                        00 00 
SWSW21526181333112220  0                        00 00 
SWSW21532160   0    0  0                        00 00 
SWSW215321811110    1110                        00 00 
SWSW21544160   111110  0                        00 00 
SWSW21544180   0    0  0                        00 00 
SWSW21559180   0    0  0                        00 00 
SWSW21571180   112110  0                        00 00 
SWSW21587160   0    0  0                        00 00 
SWSW21587180   111110  0                        00 00 
SWSW21606160   0    0  0                        00 00 
SWSW21606180   122321110                        00 00 
SWSW21619160   0    0  0                        00 00 
SWSW21619181344133430  0                        00 00 
SWSW21627180   111110  0                        00 00 
SWSW21643160   0    0  0                        00 00 
SWSW21643180   0    0  0                        00 00 
SWSW21655161243123521360                        00 00 
SWSW21655181364135121230                        11400 
SWSW21664160   0    0  0                        00 10 
SWSW21670160   0    0  0                        00 00 
SWSW21688181375122110  0                        00 00 
SWSW21724160   0    0  0                        00 00 
SWSW21724180   0    0  0                        00 00 
SWSW21739161122111111250                        00 00 
SWSW21739181222111111340                        014114
SWSW21746181374134131360                        00 00 
SWSW21752161121112220  0                        00 00 
SWSW21752181222122221350                        013011
SWSW21778160   0    0  0                        00 00 
SWSW217781813640    1360                        00 00 
SWSW21780160   0    0  0                        00 00 
SWSW21780180   122110  0                        00 00 
SWSW21795161122121111210                        114114
SWSW21800160   0    0  0                        00 00 
SWSW21800181222111110  0                        00 00 
SWSW21837180   0    0  0                        00 00 
SWSW21898160   0    0  0                        00 00 
SWSW21898180   111110  0                        00 00 
SWSW21909160   0    0  0                        00 00 
SWSW21909181364133121360                        014014
SWSW219171611210    0  0                        00 00 
SWSW21917180   0    0  0                        00 00 
SWSW21925160   0    0  0                        00 00 
SWSW21933181374112121230                        00 00 
SWSW21961181376135650  0                        00 00 
SWSW21986180   122110  0                        00 00 
SWSW22019160   122110  0                        00 00 
SWSW22019180   121110  0                        00 00 
SWSW22031161111122120  0                        00 00 
SWSW22031180   123131120                        00 00 
SWSW22043160   111110  0                        00 00 
SWSW22043180   0    0  0                        00 00 
SWSW220701813220    0  0                        00 00 
SWSW22128160   0    0  0                        00 00 
SWSW22128180   0    0  0                        00 00 
SWSW22142160   123231240                        00 10 
SWSW22142181374124541341  1 11    11  3 21    2100 00 
SWSW22189161364123111311           1           200 013
SWSW22189181376122221360                        00 014
SWSW22191180   125331120                        10 10 
SWSW22211180   0    0  0                        00 00 
SWSW22224160   0    0  0                        00 00 
SWSW22224180   0    0  0                        00 00 
SWSW22246160   0    0  0                        00 00 
SWSW22246180   0    0  0                        00 00 
SWSW22252160   121110  0                        00 00 
SWSW22252180   111110  0                        10 10 
SWSW22267161222111111230                        012012
SWSW22267181375122221210                        00 00 
SWSW222801613751221213611           3           112113
SWSW22295160   0    0  0                        00 00 
SWSW22295180   0    0  0                        00 00 
SWSW22300181255133331350                        114113
SWSW22313160   112211220                        00 00 
SWSW22313181274112110  0                        00 00 
SWSW22349161211111111310                        00 00 
SWSW22349181122112111340                        11110 
SWSW22376181354111110  0                        10 00 
SWSW22382180   0    0  0                        00 00 
SWSW22398161113111221110                        00 00 
SWSW22398181376111111360                        10 10 
SWSW22402160   0    0  0                        00 00 
SWSW22402180   0    0  0                        00 00 
SWSW22410160   0    0  0                        00 00 
SWSW22410181112111110  0                        00 00 
SWSW224471813770    13611           2           00 00 
SWSW22451160   0    0  0                        10 00 
SWSW22451180   0    0  0                        00 00 
SWSW22468160   111110  0                        01400 
SWSW224681813340    0  0                        00 00 
SWSW22479180   0    0  0                        00 00 
SWSW22484180   0    0  0                        00 00 
SWSW22509160   111110  0                        00 00 
SWSW225091812220    1350                        00 00 
SWSW22517160   0    0  0                        00 00 
SWSW22517180   0    0  0                        00 00 
SWSW225251813440    1220                        00 00 
SWSW22533160   111110  0                        00 00 
SWSW22533180   112220  0                        00 00 
SWSW22558160   0    0  0                        00 00 
SWSW22558180   0    0  0                        00 00 
SWSW225611613140    1210                        11410 
SWSW22561181377113421120                        10 10 
SWSW22586180   112121240                        014014
SWSW22594160   0    0  0                        00 00 
SWSW22594180   0    0  0                        00 00 
SWSW22605160   0    0  0                        00 00 
SWSW226051811240    0  0                        00 00 
SWSW22626161344134321210                        10 10 
SWSW22626181363122110  0                        10 00 
SWSW22644160   111111210                        00 013
SWSW22644181224112221341          1           2 00 012
SWSW22659180   0    0  0                        00 00 
SWSW22671161111112211360                        012011
SWSW22671180   111111110                        00 00 
SWSW22704180   0    0  0                        00 00 
SWSW22712180   0    0  0                        00 00 
SWSW22720160   0    0  0                        00 00 
SWSW22720180   111110  0                        00 00 
SWSW22745160   0    0  0                        00 00 
SWSW22745181374112210  0                        00 00 
SWSW22753161111111110  0                        01100 
SWSW22753180   0    0  0                        00 00 
SWSW22766160   0    0  0                        00 00 
SWSW22766180   0    0  0                        00 00 
SWSW22781161374121111330                        00 00 
SWSW22781181376124441361 111 1     1 111 3     100 00 
SWSW22799160   111111120                        00 00 
SWSW227991813420    0  0                        00 00 
SWSW22801180   0    0  0                        00 00 
SWSW22850160   0    0  0                        00 00 
SWSW22850181376112220  1  1           5         00 00 
SWSW22869160   0    0  0                        00 00 
SWSW22869180   0    0  0                        00 00 
SWSW228751613110    0  0                        10 10 
SWSW22875181354112221120                        10 00 
SWSW22897160   0    0  0                        00 00 
SWSW22897180   0    0  0                        10 10 
SWSW22934181122111111330                        00 00 
SWSW22957180   0    0  0                        00 00 
SWSW22962180                                          
SWSW22973160   0    0  0                        00 00 
SWSW22973180   0    0  0                        00 00 
SWSW22985180   0    0  0                        00 00 
SWSW22990161364122111220                        00 013
SWSW22990181375122111351          1           2 10 113
SWSW23008160   0    0  0                        00 00 
SWSW23016180   135651360                        013111
SWSW23029160   0    0  0                        00 00 
SWSW23029180   0    0  0                        00 00 
SWSW23034180   0    0  0                        00 00 
SWSW23041181375127651110                        10 10 
SWSW23057160   0    0  0                        00 00 
SWSW23062160   0    0  0                        00 00 
SWSW230621812111334312211  1        1  2        10 10 
SWSW230731813750    1210                        113013
SWSW23085160   0    0  0                        00 00 
SWSW23085180   0    0  0                        00 00 
SWSW230901611110    0  0                        00 00 
SWSW23090180   0    0  0                        00 00 
SWSW231091611110    0  0                        00 00 
SWSW231091813640    0  0                        00 00 
SWSW23125160   0    0  0                        00 00 
SWSW231251812210    0  0                        00 00 
SWSW231331611110    0  0                        114114
SWSW23133181377132111310                        114114
SWSW23140160   0    0  0                        00 00 
SWSW23140180   0    0  0                        00 00 
SWSW23158180   0    0  0                        00 00 
SWSW23172180   112110  0                        00 00 
SWSW23194161211111111120                        00 00 
SWSW23194181111122211211          1           1 10 113
SWSW23201180   121111210                        00 00 
SWSW23222160   0    0  0                        00 00 
SWSW23250160   0    0  0                        00 00 
SWSW23269181311122220  0                        00 00 
SWSW23303160   111111110                        00 00 
SWSW23303180   0    0  0                        00 00 
SWSW23339160   0    0  0                        00 00 
SWSW23339180   0    0  0                        00 00 
SWSW233461612110    1210                        00 013
SWSW23346181354113320  0                        00 00 
SWSW23352161316112221350                        014013
SWSW23367161355135251360                        10 114
SWSW23367180   0    0  0                        00 00 
SWSW23380160   0    0  0                        00 00 
SWSW233951812110    0  0                        00 00 
SWSW23400160   0    1240                        10 00 
SWSW23400180   0    0  0                        00 00 
SWSW23413180   0    0  0                        00 00 
SWSW23437180   131111320                        012012
SWSW23449160   112111120                        00 00 
SWSW23449180   113320  0                        00 00 
SWSW23454160   0    0  0                        00 00 
SWSW23454180   0    0  0                        00 00 
SWSW234651813751354513511         1 1         1 11200 
SWSW23476160   0    1110                        00 00 
SWSW23476180   0    0  0                        00 00 
SWSW23482161111112221120                        10 113
SWSW234821813750    1220                        00 114
SWSW23498180   111110  0                        00 00 
SWSW23519160   0    0  0                        00 00 
SWSW23519180   111110  0                        00 00 
SWSW235271612210    0  1                        00 00 
SWSW23531161111111111110                        10 00 
SWSW235311813540    0  0                        00 00 
SWSW23543161154135340  0                        00 00 
SWSW235431811110    1320                        00 00 
SWSW23555160   112110  0                        00 00 
SWSW23555180   112220  0                        00 00 
SWSW23564161122126261220                        00 00 
SWSW23564181123122121120                        00 00 
SWSW23570160   121111310                        113113
SWSW23588160   0    0  0                        00 00 
SWSW23588180   0    0  0                        10 10 
SWSW23607160   0    0  0                        00 00 
SWSW23630160   122210  0                        00 00 
SWSW23630180   122310  0                        00 00 
SWSW23642160   0    0  0                        00 00 
SWSW23642180   135550  0                        00 00 
SWSW23663160   0    0  0                        00 00 
SWSW23663180   0    1120                        00 00 
SWSW23689160   0    0  0                        00 00 
SWSW23689180   0    0  0                        00 00 
SWSW23691160   0    0  0                        00 00 
SWSW23691180   111110  0                        00 00 
SWSW23702161111112120  0                        00 00 
SWSW23702180   111110  0                        00 00 
SWSW23710160   0    0  0                        00 00 
SWSW237101811110    0  0                        00 00 
SWSW23735160   111110  0                        114114
SWSW23735180   122110  0                        014114
SWSW23747160   0    0  0                        11400 
SWSW2374718            0                        11400 
SWSW23751160   0    0  0                        00 00 
SWSW23751180   112111120                        00 00 
SWSW23768160   0    0  0                        00 00 
SWSW23768180   111110  0                        00 00 
SWSW23804180   0    0  0                        00 00 
SWSW23812160   0    0  0                        00 00 
SWSW23812180   0    0  0                        00 00 
SWSW23820181376135340  0                        00 014
SWSW23838160   0    0  0                        00 00 
SWSW23838180   0    0  0                        00 00 
SWSW23845160   111110  0                        00 00 
SWSW238451813640    0  0                        00 00 
