EAEA4001518 2 2 1 4 7 2 0 0 1 0 0 9 3 0 45844739423846504342 4439 4518215-Dec-2005
EAEA4005618 5 6 8 4 6 2 2 4 3 2 0 4 9 0 45577248525150514546 4948 5219115-Apr-2006
EAEA4010818 6 415 5 1 0 3 5 5 0 1 4 5 2 49575649486252434142 5250 5818115-Nov-2005
EAEA4012918 0 1 0 1 0 1 2 1 0 0 1 8 0 0 49743738433744414342 4943 4318115-Oct-2005
EAEA4014118 1 5 1 2 7 0 0 2 0 0 0 4 2 1 45604337473843503942 4442 4219215-Jun-2007
EAEA4015718 5 1 5 4 3 3 0 4 0 0 0 1 3 0 45464745404546434542 4446 4218215-Jul-2005
EAEA4018518 0 0 1 0 0 0 0 2 0 0 2 6 1 0 53664138413942414142 4445 4318115-Dec-2005
EAEA4023518 817122020 9 311 1 0 0 0 7 0 45416251665675715742 5258 4520215-Nov-2008
EAEA4024718 1 3 5 3 5 1 0 3 0 0 0 2 3 0 45514737434545474142 4444 4218215-Jul-2005
EAEA402511811 514161410 514 6 8 2 2 7 1 51516256475968615957 5763 6018215-Aug-2005
EAEA4030418 217 3 510 4 0 6 0 0 0 711 1 45747739664148554742 4449 4218215-Jul-2007
EAEA4031218 0 5 5 2 5 3 3 0 0 0 0 6 4 0 45665338504646494742 5241 4321115-Mar-2009
EAEA4035318 0 0 0 0 0 0 0 1 0 0 0 9 0 0 45783738413742414142 4443 4318115-Mar-2006
EAEA4039918 3 2 2 2 2 1 1 0 0 0 0 3 2 0 45534544454146444342 4741 4320115-Oct-2008
EAEA4041418 2 1 4 2 6 3 7 9 3 0 3 4 3 2 58574942434446514742 6157 5218115-May-2006
EAEA4042218 4 4131512 6 3 5 0 1 0 5 8 1 45616846485971605344 5250 4320115-Sep-2009
EAEA4043618 1 011 0 1 3 8 0 1 0 0 8 0 0 45743740415542434742 6441 4621115-Dec-2008
EAEA4045018 0 6 01824 0 0 0 0 0 0 8 0 0 45793535483772773942 4439 4218215-Oct-2006
EAEA4047518 0 1 9 2 7 5 4 6 3 0 3 5 3 2 58614938435246525142 5452 5221115-Dec-2009
EAEA4049718 0 3 3 0 1 116 2 8 9 0 6 5 1 45705435434139404159 8542 6620215-Jul-2008
EAEA4050518 4 5 7 2 5 0 0 4 0 0 0 1 4 0 45465143474843473942 4446 4220215-Apr-2008
EAEA4051818 5 2 6 1 2 4 0 2 0 0 0 3 1 0 45553945424641424742 4442 4222215-Feb-2010
EAEA40526181023 6 2 417 314 3 1 1 0 6 4 49416057814746477644 5266 5218115-Feb-2007
EAEA405601812 7171114111119 811 7 0 6 4 74416060536563636463 7175 6719115-Jul-2007
EAEA4061918 0 1 0 5 5 1 0 0 0 0 0 7 6 0 45745835403748474142 4439 4221215-Jun-2009
EAEA4063118 0 1 1 1 3 2 0 3 0 1 2 9 2 1 53784538433944464544 4446 4319115-May-2006
EAEA4064318 0 1 3 5 4 0 0 2 1 0 0 9 3 0 45784938434252474142 4445 4620115-Mar-2010
EAEA4065518 4 3 41216101114 1 5 2 4 5 4 53575646474465676251 7166 4620115-Jan-2009
EAEA4066418 1 1 4 2 5 0 0 1 0 1 1 7 1 0 48743937404343473944 4441 4219215-Jul-2007
EAEA4069218 1 0 2 1 0 3 3 0 0 1 0 4 1 0 45574140414144414744 5241 4321115-Mar-2009
EAEA4072418 5 111 8 317 3 5 2 4 3 1 3 4 58454948435558467649 5250 4919115-Feb-2009
EAEA4073918 8 7 9 7 811 013 2 0 2 1 6 1 53456053535256546442 4464 4920115-Mar-2009
EAEA4074618 0 0 0 0 0 1 2 0 0 0 0 9 0 0 45783738413742414342 4941 4318115-May-2007
EAEA4075218 0 5 1 312 0 6 7 3 0 0 610 0 45667638503948604142 5954 5220115-Apr-2009
EAEA4076718 3 0 0 0 1 1 0 1 0 0 0 5 1 0 45614144413742434342 4443 4320115-Feb-2009
EAEA40778182224272324272727212715 0 2 71004145798382877998941008910021115-Feb-2009
EAEA4078018 0 4 811 7 2 0 1 1 0 0 4 6 0 45576038485163524542 4443 4619115-Nov-2008
EAEA4082118 0 0 0 0 0 0 0 0 0 0 010 0 0 45893535383739383942 4439 4221215-Oct-2009
EAEA4084918 2 2 1 1 0 3 0 1 0 1 0 4 2 0 45604339423841384544 4441 4220215-Jan-2010
EAEA4086518131316101310 111 1 1 2 1 9 1 53457262646461626244 4761 4618115-Jul-2008
EAEA4087618 5 4 4 4 3 5 3 7 1 2 0 1 6 4 45456048484450465146 5254 4620115-Jan-2009
EAEA4088218 92116202315 313 3 1 6 0 8 5 70416855786481787244 5264 5221115-Oct-2009
EAEA4090918 9 821131610 0 8 4 0 4 2 6 5 58515853517063645942 4453 5420215-Sep-2009
EAEA4091718 1 1 1 2 0 1 0 0 0 0 0 7 1 0 45743937403843384142 4439 4218215-Nov-2008
EAEA4092518 1 1 2 1 1 0 0 0 0 1 0 6 1 0 45664140434144434144 4441 4320115-May-2009
EAEA4095818 0 0 1 0 0 1 0 0 0 0 0 6 1 0 45703935383839384142 4439 4219215-Sep-2009
EAEA4097218162116242423 015 023 5 0 5 5 66415668786489798986 4468 4319115-Feb-2009
EAEA4098618 0 0 0 0 0 0 0 0 0 0 010 0 0 45893535383739383942 4439 4219215-Apr-2009
EAEA4099418 0 0 7 0 0 0 2 0 2 0 0 8 1 0 45793935384839383942 4939 4819215-Jul-2009
EAEA4101018 2 0 3 3 9 0 1 2 1 1 5 4 5 2 61605439384145533944 4742 4520215-May-2009
EAEA4104718 0 2 4 0 0 0 0 0 0 0 0 5 1 0 45653935424339383942 4439 4219215-Mar-2009
EAEA4105118 0 2 0 0 0 0 3 0 0 0 0 8 0 0 45793535423739383942 5239 4220215-Feb-2009
EAEA4107918 71114 811 5 0 6 2 0 3 1 7 5 54466249565954564942 4449 4819215-Nov-2008
EAEA4108418 2 5 4 0 2 0 0 2 1 0 1 3 1 1 48553939474339423942 4442 4518215-Mar-2008
EAEA4109618 1 0 6 1 7 7 3 3 3 0 1 6 6 1 49666040414744525542 5246 5220115-Sep-2008
EAEA4111118 3 0 7 0 0 4 2 1 1 9 1 5 2 0 49614544414942414959 4943 4618115-Jun-2008
EAEA4112418 0 0 0 6 0 026 0 9 5 0 8 0 2 4574373841375441415110041 7019115-Apr-2009
EAEA4115218 0 2 6 1 0 4 0 0 0 0 0 5 2 0 45654335424641384742 4439 4219215-Sep-2009
EAEA4117818 1 1 0 0 0 0 0 0 0 3 0 8 1 0 45744140433742414148 4441 4319115-May-2009
EAEA4119518 310 0 113 1 0 6 1 0 0 6 3 0 45664944593744624342 4452 4620115-Feb-2010
EAEA4120718 0 0 0 0 0 0 0 0 0 0 010 0 0 45893535383739383942 4439 4218215-Oct-2008
EAEA4124218 0 0 0 0 1 0 0 0 0 0 010 0 0 45893535383739403942 4439 4218215-Oct-2008
EAEA4127418 3 011 5 7 6 0 0 6 0 3 9 6 0 58786044415552525342 4441 6118115-Jun-2008
EAEA4128918 1 1 1 1 2 0 0 1 1 0 0 7 2 0 45704540433944444142 4443 4619115-Apr-2009
EAEA4132518 1 0 0 0 2 0 0 0 0 0 0 9 0 0 45783740413742444142 4441 4318115-Jun-2008
EAEA4133318 0 0 0 0 0 0 0 0 0 0 0 8 0 0 45743738413742414142 4441 4319115-Jun-2009
EAEA4136118 2 2 1 1 4 3 0 2 0 0 0 7 2 2 45744339423841454542 4442 4218215-Dec-2008
EAEA4137218 0 9 2 1 3 0 0 3 0 3 0 5 3 0 45614938574144464148 4446 4318115-Oct-2008
EAEA4138618 3 0 2 0 2 4 4 2 4 1 0 8 2 0 45744544414142444944 5445 5518115-Aug-2008
EAEA4139418 0 0 0 0 0 0 0 0 0 0 010 0 0 45893535383739383942 4439 4218215-Jun-2009
EAEA4141918 31411 6 5 5 0 8 4 5 0 3 7 2 45556241615450474952 4453 5418215-Oct-2009
EAEA4143118 312 21021 618 9 915 2 610 2 53667644624161755371 8757 7018115-Aug-2008
EAEA4144318 2 5 7 216 3 1 4 1 2 0 3 3 0 45534942504946674746 4748 4618115-Feb-2009
EAEA4145518 0 1 1 1 2 2 0 0 0 0 0 5 1 0 45653935403841424342 4439 4219215-Mar-2009
EAEA4301118 2 1 5 6 3 1 0 0 0 1 0 4 6 0 45605839404550434144 4439 4220215-Mar-2009
EAEA4302418 0 0 0 2 0 5 0 1 0 0 010 0 0 45823738413746415142 4443 4318115-Sep-2007
EAEA4303918 3 6 2 6 8 315 3 4 3 2 5 6 4 51655841484050514548 8244 5419215-Jun-2008
EAEA4305218 3 3 3 1 7 1 2 1 1 0 0 4 6 0 45605841434141504142 4941 4518215-Jan-2006
EAEA4306718 1 2 3 0 1 0 2 2 2 2 0 3 3 0 45534940454242434146 4945 4919115-Jul-2008
EAEA4307818 92123111913 014 6 0 1 0 9 3 48417053737459696542 4463 6020215-Feb-2009
EAEA4309518 2 5 6 6 5 3 1 4 1 0 2 3 2 1 51554339474650474542 4746 4518215-Jul-2007
EAEA4313818 6 9 1 0 0 1 0 0 0 0 0 5 5 0 45655447533839384142 4439 4218215-Apr-2006
EAEA4314518 0 1 0 1 2 0 0 1 0 0 0 7 2 0 45704538433744444142 4443 4319115-Jan-2007
EAEA4315318 0 2 1 610 0 0 0 0 2 0 7 6 0 45706038453954574146 4441 4321115-Jul-2009
EAEA4316618 4 211 0 3 2 1 3 2 1 1 2 4 0 49495346455542464544 4746 4918115-Jun-2007
EAEA4317718 0 0 0 0 0 0 0 0 0 0 010 0 0 45823738413742414142 4441 4319115-Jan-2009
EAEA4318118 2 1 0 0 0 0 3 1 3 0 0 3 1 0 45534142433742414142 5243 5218115-Jun-2008
EAEA4320618 2 2 6 0 3 0 6 2 3 3 1 6 2 2 48704339424639433948 5942 5119215-Oct-2008
EAEA4323118242012211216 018 2 0 3 1 4 2 54465181715677587142 4469 4821215-Aug-2009
EAEA4325518 0 0 0 0 1 1 0 2 0 0 0 9 1 0 45784138413742434342 4445 4318115-Dec-2005
EAEA4327018 2 2 81013 4 4 6 4 3 0 2 2 0 45494542455161624948 5452 5519115-Aug-2008
EAEA4329218 3 2 9 1 412 2 7 5 1 2 3 4 2 53535344455244476644 4954 5820115-Jan-2009
EAEA4333418 1 0 1 0 0 0 0 1 0 0 0 5 0 0 45653537383839383942 4441 4218215-Sep-2006
EAEA4335718 5 4 9 922 5 9 7 4 3 2 4 9 3 53577248485259765148 6654 5519115-Jul-2007
EAEA4337318 2 0 6 3 6 0 3 0 0 0 1 7 5 1 48745439384645483942 5239 4220215-Jul-2009
EAEA4339018                                                         20115-Aug-2008
EAEA4342618 2 010 1 3 0 2 1 3 4 1 7 2 1 49704542415444464149 4943 5221115-Jan-2010
EAEA4345918 0 1 0 5 4 3 0 0 0 0 0 7 1 0 45704138433752474742 4441 4320115-Dec-2008
EAEA4354818 9 9 4 411 2 0 6 0 0 0 2 7 0 45516253534346564342 4449 4218215-Jun-2008
EAEA4355018 0 3 1 0 0 0 0 2 0 2 0 5 0 0 45653535433839383946 4442 4221215-Mar-2010
EAEA4358318 0 0 0 0 2 0 0 1 0 0 0 7 1 0 45704138413742444142 4443 4319115-Oct-2008
EAEA4360218 0 2 2 0 1 0 0 2 0 0 1 8 2 1 48794335424039403942 4442 4219215-May-2008
EAEA4362318 513211212 4 2 8 4 0 3 2 6 4 54515845607061584742 4953 5419215-Nov-2009
EAEA4363518 41510 3 9 6 814 4 8 1 2 6 4 49496046675448555357 6466 5519115-Oct-2008
EAEA4365118 1 1 2 4 8 1 0 0 0 0 0 2 5 0 45515437404046514142 4439 4219215-Aug-2009
EAEA4368418 0 2 4 1 1 0 0 0 1 0 0 4 2 0 45604335424341403942 4439 4518215-Oct-2008
EAEA4370718 3 7 4 2 6 2 0 2 0 0 1 2 5 0 48515441504343484342 4442 4219215-Mar-2008
EAEA4371518 2 0 2 0 0 0 0 1 0 0 0 6 0 0 45663742414142414142 4443 4318115-Mar-2008
EAEA4374218 2 111 8 8 2 0 3 1 0 0 1 4 1 45455342435558544542 4446 4619115-Sep-2008
EAEA4377418 4 2 3 2 2 0 0 3 0 0 1 2 1 0 48513943424143423942 4444 4219215-Apr-2008
EAEA4378918 2 1 1 2 6 6 1 3 0 3 0 6 4 0 45665342433946515348 4746 4319115-Apr-2009
EAEA4381718 514 7 916 5 0 8 3 1 2 3 8 3 51556645614855644944 4453 5119215-Nov-2008
EAEA4382518 1 2 3 0 1 1 0 1 1 0 0 5 0 0 45653537424139404142 4441 4520215-Jun-2009
EAEA4384018 3 3 0 0 0 0 0 4 0 0 0 7 0 0 45743541433739383942 4446 4218215-Nov-2008
EAEA4385818 0 3 4 4 2 711 2 0 0 3 4 1 3 58574138474450445542 7145 4321115-Mar-2009
EAEA4386118 0 0 0 0 3 0 0 0 0 0 0 9 0 0 45843535383739433942 4439 4218215-Nov-2008
EAEA4388618 0 1 1 1 1 6 0 2 0 3 1 5 1 1 49614138433944435348 4445 43  1           
EAEA4391318 5 611 5 9 3 0 4 0 0 1 1 3 0 48464745485448534542 4446 4220215-Mar-2009
EAEA4392118 3 0 5 0 0 0 0 0 0 0 0 6 0 0 45703541384539383942 4439 4220215-May-2009
EAEA4393718 0 1 2 1 1 1 3 0 3 2 0 8 2 1 45744538434144434346 5241 5220115-Jul-2009
EAEA43965181115141420181821 91513 0 6 7 87415856635964717571 9074 6919215-Mar-2009
EAEA4398218 71016 812 0 1 2 4 0 0 5 5 0 45655449556254583942 4742 5420215-Nov-2008
EAEA4399818 2 2 8 0 9 5 5 8 2 9 0 6 5 0 45665642455142555159 5655 4918115-Jul-2007
EAEA4401718 0 0 1 0 0 0 0 0 0 0 0 8 0 0 45743738413942414142 4441 4320115-Dec-2008
EAEA4402518 3 6 811 7 6 614 7 2 0 3 6 1 45536044525163525346 5966 6420115-Mar-2010
EAEA4403318 4 0 1 1 0 4 0 4 0 0 0 3 1 0 45553943383841384742 4446 4218215-Aug-2008
EAEA4404018 0 0 2 0 0 0 0 0 0 0 0 5 1 0 45653935384039383942 4439 4219215-Dec-2008
EAEA4405818 3 3 0 4 4 1 3 0 2 0 0 2 4 0 45495344473750474342 5241 4919115-May-2007
EAEA4407218 5 0 7 410 5 0 4 1 0 0 6 4 0 45705145384846554942 4446 4518215-Sep-2008
EAEA4408618 2 2 4 7 0 3 0 0 0 0 0 3 5 0 45555439424352384542 4439 4219215-Oct-2009
EAEA4409418 0 0 0 0 2 0 2 2 0 0 0 9 2 0 45784538413742444142 4945 4320115-Jan-2010
EAEA4412618 2 2 4 0 3 1 4 3 0 5 0 1 3 1 45464739424339434152 5444 4219215-Oct-2008
EAEA4414418 1 1 5 4 3 1 0 2 2 0 0 4 2 0 45604337404546434142 4442 4818215-May-2008
EAEA4416018 411121312 3 011 0 2 2 3 4 2 53535346605767604746 4461 4319115-Jul-2009
EAEA4417118 1 3 6 2 2 3 2 3 1 5 0 3 1 0 45553937434643424552 4944 4518215-Jul-2008
EAEA4420018 1 2 3 5 0 4 1 3 0 1 0 5 5 1 45615640454252414944 4746 4320115-Dec-2008
EAEA4421318 0 0 2 1 0 0 0 0 0 0 0 6 0 0 45703535384041383942 4439 4219215-Mar-2008
EAEA4422118 3 3 2 1 2 2 0 5 0 7 1 2 5 0 49495644474144444555 4450 4320115-Mar-2010
EAEA4424918 0 0 2 0 1 0 1 2 0 0 0 8 0 1 45793535384039403942 4742 4218215-May-2009
EAEA4425418 0 0 0 0 1 0 0 0 0 0 2 9 0 0 53783738413742434142 4441 4318115-Mar-2009
EAEA4426518 0 0 6 3 3 0 0 0 2 0 0 8 2 0 45794335384645433942 4439 4819215-May-2008
EAEA4429818 0 2 4 0 0 0 0 0 0 1 0 5 0 0 45613738454442414144 4441 4319115-Apr-2009
EAEA4430218 1 1 1 1 0 2 0 1 0 0 1 6 1 0 48703937403841384342 4441 4218215-Oct-2009
EAEA4431018 1 0 9 0 3 2 0 4 0 0 1 6 2 0 48704337385139434342 4446 4218215-Aug-2007
EAEA4434718111418101815 416 510 7 212 5 68518156616657686961 5466 5719215-Sep-2009
EAEA4435118 0 2 1 6 5 2 0 0 0 1 010 5 1 45895435423850474344 4439 4219215-Aug-2008
EAEA4436818                                                         18115-May-2008
EAEA4437918 4 4 9 6 7 5 4 4 3 3 1 1 5 0 49455646485254525148 5448 5219115-Aug-2008
EAEA4439618 0 1 0 0 1 1 0 2 0 0 2 7 2 1 51744335403739404142 4442 4219215-Mar-2009
EAEA4445318 3 9 612 5 5 3 4 1 1 0 3 5 3 45535644574765495144 5248 4618115-Dec-2008
EAEA4448118 5121719211712 9 916 0 2 2 4 45494548626579757673 7357 7019115-May-2009
EAEA4451518 0 0 1 2 9 0 4 2 3 1 0 7 2 0 45704538413946554144 5445 5218115-Jul-2008
EAEA4503418 3 1 3 0 0 3 0 3 0 0 0 7 2 0 45704544434242414742 4446 4318115-Jun-2008
EAEA4504118 1 0 3 412 0 5 2 4 5 0 7 4 1 45705340414250604151 5645 5518115-Jun-2008
EAEA4505718 4 7 8 3 4 4 0 2 2 0 4 4 6 3 58605843505045454742 4442 4818215-Sep-2006
EAEA4506218 0 2 1 1 3 1 0 0 0 0 0 2 5 0 45515435423841434142 4439 4219215-Jun-2008
EAEA4508518 1 0 0 1 0 0 0 0 0 0 0 9 0 0 45783740413744414142 4441 4318115-Nov-2008
EAEA4515818171520202422 015 6 010 1 4 2 78465168636975778342 4464 6019215-Aug-2008
EAEA4517218 0 3 4 0 1 1 0 1 0 0 0 6 2 0 45704335434339404142 4441 4218215-Aug-2007
EAEA4519418 0 0 0 1 2 1 0 0 0 0 0 8 2 0 45794335383741424142 4439 4220215-Jul-2008
EAEA4520118 811131412111110 9 9 6 0 510 70415653605969606459 7159 7020115-Mar-2009
EAEA4523618 2 0 5 6 0 0 3 0 2 1 0 6 2 2 45664542414654414144 5241 4919115-Jun-2007
EAEA4524818 4 5 2 0 6 5 4 9 512 4 3 0 0 58553543474039484965 5454 5718215-Mar-2008
EAEA4527518 3 0 4 3 6 5 4 2 6 1 0 5 8 0 45616844414448515144 5445 6119115-Jul-2007
EAEA4528318 1 314191718 1 7 0 411 5 5 3 91615640476079687949 4754 4320115-May-2008
EAEA4530318 0 0 0 1 0 0 0 1 0 0 0 9 1 0 45784138413744414142 4443 4318115-Mar-2008
EAEA4531118 3 6 3 0 0 0 0 0 0 2 0 2 2 0 45514341484139383946 4439 4218215-Jul-2008
EAEA4532418 0 4 1 0 2 1 0 0 0 0 0 7 1 0 45743935453839424142 4439 4218215-Sep-2008
EAEA4534618 0 0 2 1 1 1 0 0 0 0 0 7 1 0 45743935384041404142 4439 4218215-Mar-2009
EAEA4535218 2 612 414 7 1 7 1 0 4 4 5 1 62575642525750635542 4754 4618115-Jul-2008
EAEA4536718 0 0 0 0 0 0 0 0 0 0 010 0 0 45823738413742414142 4441 4319115-Sep-2009
EAEA4539518 51014 415 1 6 6 7 5 0 2 7 1 45516245555946634152 5949 6318215-Oct-2008
EAEA4540018 5 6 5 811 6 3 4 3 5 1 4 2 1 48604345484554565152 5246 5118215-Jun-2007
EAEA4543718 0 1 4 1 1 3 0 0 1 0 0 8 1 0 45793935404341404542 4439 4518215-Dec-2008
EAEA4545418 1 3 0 1 1 1 0 0 0 1 0 4 3 0 45604737433741404144 4439 4218215-Apr-2009
EAEA4547618 7 215 7 4 511 9 7 3 6 1 6 3 70456051456256475148 7157 6418115-May-2008
EAEA4549818 0 0 5 0 0 0 4 2 2 1 0 5 1 0 45614138414642414144 5445 4919115-Jan-2009
EAEA4550618 2 0 1 0 0 2 0 2 0 0 0 5 0 0 45653539383839384342 4442 4219215-Apr-2009
EAEA4552718 0 3 1 4 5 4 1 4 2 0 0 7 5 0 45745435433846474742 4746 4818215-Jul-2009
EAEA4553118 0 0 1 1 0 0 0 0 0 0 1 9 1 0 48843935383841383942 4439 4218215-Mar-2009
EAEA4555518 2 2 1 2 2 4 5 0 1 0 1 4 2 0 48604339423843424742 5739 4519215-Feb-2009
EAEA4557018 1 1 2 0 0 0 0 0 0 0 0 3 0 0 45553537404039383942 4439 4219215-Jun-2008
EAEA4558818 0 0 0 0 5 0 0 0 0 0 0 8 3 0 45744938413742494142 4441 4318115-Aug-2009
EAEA4559218 1 2 1 2 0 2 0 1 0 2 0 8 3 0 45794737423843384346 4441 4219215-Sep-2008
EAEA4562818 1 1 1 0 5 2 0 0 0 0 0 9 1 0 45843937403839474342 4439 4219215-Oct-2008
EAEA4563018 41114 614 3 0 3 2 0 0 2 4 3 45515143565950614542 4444 4818215-Jun-2008
EAEA4564218 2 7 4 719 311 8 711 7 4 5 1 68605439504352694563 7253 6318215-Apr-2008
EAEA4566318 1 2 2 1 4 1 0 1 0 0 0 4 2 0 45604337424041454142 4441 4218215-Jun-2008
EAEA4567418 2 3 2 0 1 0 0 3 0 0 0 4 0 0 45603539434039403942 4444 4218215-Oct-2008
EAEA4570218 2 0 5 0 0 2 7 2 5 0 8 8 0 7 71793539384539384342 6242 5719215-Jun-2009
EAEA4573518 3 5111517 6 1 4 1 0 0 110 0 45457644505571685342 4748 4619115-Aug-2009
EAEA4574718 0 0 1 0 2 0 0 0 0 0 0 9 0 0 45843535383839423942 4439 4218215-Oct-2008
EAEA4575118 3 7 913 8 0 0 2 0 0 0 5 2 0 45654341505163513942 4442 4218215-Nov-2008
EAEA4576818 9 613111611 1 7 2 0 1 2 8 2 49496855525963676442 4754 4918115-Jan-2009
EAEA4579618 911 8 515 4 210 0 0 0 113 1 45458755605152654942 4959 4320115-Mar-2010
EAEA4581218 1 0 0 0 0 0 0 1 0 0 0 8 0 0 45743740413742414142 4443 4318115-Aug-2009
EAEA4584518 3 3 4 1 3 0 1 4 0 0 0 5 1 0 45653941434341433942 4746 4219215-Jan-2010
EAEA4586618 3 5 6 413 3 0 8 2 0 0 7 9 0 45747041474646604542 4453 4818215-Nov-2009
EAEA4589918 6 9 3 812 8 412 5 3 3 1 8 3 54466647534154585548 5459 5718215-Nov-2008
EAEA4591818 0 0 0 0 1 0 0 0 0 0 010 0 0 45893535383739403942 4439 4218215-Nov-2008
EAEA4594418 2 2 4 5 3 1 3 4 2 1 0 5 5 0 45655439424348434144 5246 4818215-Jan-2010
MWMW0001318 61012 811 3 4 6 6 6 2 0 4 5 51415147555654564554 5449 6019215-Apr-2009
MWMW0015018 1 1 2 1 3 2 0 4 0 0 0 5 2 0 45614540434144464542 4448 4318115-May-2009
MWMW0017518 6 5 7 4 7 4 010 2 0 0 0 6 0 45415847474846504742 4456 4819215-Jun-2009
MWMW0018318 0 0 0 0 0 0 0 0 0 0 0 9 0 0 45843535383739383942 4439 4218215-Sep-2009
MWMW0019718 0 0 0 0 0 0 0 0 0 0 0 8 0 0 45793535383739383942 4439 4218215-Mar-2010
MWMW0021718 5 5 7 2 7 2 6 0 3 0 0 4 5 0 45575648504946524542 5941 5219115-May-2009
MWMW0022518 4 3 8 6 7 3 5 3 2 3 1 2 9 2 49497246475154524748 5646 4918115-Mar-2010
MWMW0025818 0 0 0 1 3 1 0 0 0 0 010 2 0 45824538413744464342 4441 4318115-Jul-2009
MWMW0027218 7 714 9141218101314 8 113 6 71468549505955616369 9056 8119215-Aug-2009
MWMW0028618 5 2 2 2 9 1 1 0 2 0 0 1 8 0 45456848454146554342 4741 4918115-Jul-2009
MWMW0030618 9 312 6 715 711 7 7 2 514 2 51658853435650506956 6258 6318215-Jul-2009
MWMW0031918 1 2 3 0 0 1 0 2 0 0 1 4 1 0 48603937424139384142 4442 4218215-Feb-2010
MWMW0032718 3 0 0 413 0 1 1 0 1 0 6 3 0 45664944413750624144 4743 4318115-Nov-2009
MWMW0033118 9 7 4 1 4 6 1 6 2 0 0 5 3 0 45614955534444475342 4752 4918115-Nov-2009
MWMW0035518 0 0 2 1 2 3 0 0 0 3 0 9 1 0 45784138414144444748 4441 4318115-Aug-2009
MWMW0036418 3 2 4 1 0 5 0 4 0 0 0 3 2 0 45554341424341384942 4446 4218215-Jan-2012
MWMW0039218 6 3 8 4 8 2 0 5 2 4 0 3 3 0 45554747435046514350 4448 4818215-Dec-2009
MWMW0040818 7 622 71214 011 6 0 0 1 5 0 45465449487252586742 4458 6018215-Mar-2010
MWMW0041618 0 0 3 0 0 0 0 0 0 0 010 0 0 45823738414242414142 4441 4318115-Feb-2010
MWMW0042918 0 2 0 0 0 1 1 1 1 0 0 5 1 0 45653935423739384142 4741 4518215-Apr-2009
MWMW0044118 915171520111011 6 8 0 1 4 6 45465153636466716157 7058 6018215-Apr-2010
MWMW0045718 0 0 2 0 0 0 1 2 0 0 0 9 0 0 45783738414142414142 4745 4318115-Feb-2010
MWMW0046218 91113 712 8 1 5 5 1 2 0 5 3 51415453565852585544 4748 5718215-Jul-2009
MWMW0047318 2 4 3 0 6 6 1 9 0 7 0 6 4 1 45705139454139485156 4754 4218215-Mar-2010
MWMW0048518 7 9141215 7 011 2 0 0 4 5 0 45605449535961635342 4458 4818215-Mar-2010
MWMW0053918 5 316 5 8 2 6 2 3 3 0 311 0 45557745436248514348 5942 5118215-Nov-2009
MWMW0054618 0 0 0 0 0 0 0 0 0 0 010 0 0 45893535383739383942 4439 4218215-Mar-2010
MWMW0055218 1 2 5 1 1 1 0 2 0 1 0 7 4 0 45745137424541404144 4442 4218215-Apr-2010
MWMW0056718 1 0 4 4 4 1 2 1 1 1 1 6 4 1 48705137384346454144 4941 4519215-Apr-2010
MWMW0057818 2 5 910 0 0 0 3 0 0 0 6 6 0 45666042505261414142 4446 4319115-Apr-2010
MWMW0058018 2 0 6 1 2 013 3 7 2 0 5 0 1 45613742414744444146 7546 6418115-Dec-2009
MWMW0059518 0 0 0 1 0 1 0 0 0 0 010 0 0 45893535383741384142 4439 4218215-Oct-2009
MWMW0060418 0 0 0 3 0 0 0 0 0 0 010 0 0 45893535383745383942 4439 4220215-Jul-2011
MWMW0061218 5 4 6 3 4 3 3 4 1 0 1 3 4 1 48555145454645454542 5246 4518215-Jan-2010
MWMW0063818 9 8121417 6 0 7 1 0 2 1 8 0 53456855555769685342 4454 4618115-May-2009
MWMW0064518 0 1 2 4 4 0 1 2 0 0 0 6 1 0 45664138434150474142 4745 4318115-Jan-2010
MWMW0065318 1 0 3 3 2 1 0 0 0 1 0 5 3 0 45654737384145424144 4439 4218215-Sep-2009
MWMW0067718 0 1 0 0 4 0 4 0 0 0 0 6 1 2 45664138433742474142 5441 4318115-Oct-2009
MWMW0069918 3 6 3 620 5 0 1 0 0 0 3 6 0 45555841484150714942 4441 4218215-Oct-2009
MWMW0071818 2 0 3 3 9 4 3 4 3 0 1 6 6 0 49666042414248554942 5248 5218115-Feb-2010
MWMW0072618 1 2 1 4 4 2 0 0 0 0 0 6 3 0 45704737423846454342 4439 4218215-Dec-2009
MWMW0077118 6 411 310 8 512 3 0 2 110 0 51467347455445555542 5759 5118215-Sep-2011
MWMW0082818 2 4 5 3 3 1 1 1 0 2 1 2 2 2 48514339454545434146 4741 4218215-Feb-2010
MWMW0083018 6 425 418 7 214 8 2 0 3 7 0 45536449487950705546 4966 6718115-Apr-2009
MWMW0085618 811141018 8 311 4 2 9 3 6 6 82536053606061705746 5261 5519115-Sep-2010
MWMW0086318 2 1 8 0 3 4 7 1 3 1 1 3 3 2 49534942435142464944 6143 5218115-Jan-2010
MWMW0087418 0 0 0 0 0 0 0 0 0 0 010 0 0 45893535383739383942 4439 4218215-May-2011
MWMW0088918 3 212 7 7 0 0 0 1 0 0 5 1 2 45614144455756524142 4441 4619115-May-2011
MWMW0089118 2 8 2 4 5 1 0 2 0 0 2 3 3 0 51554739514046474142 4442 4218215-Apr-2010
MWMW0094718 1 0 0 0 1 1 1 0 1 0 110 1 1 49824140413742434342 4741 4618115-Dec-2009
MWMW0095118 0 0 4 1 1 1 0 0 1 0 0 8 1 0 45793935384341404142 4439 4518215-Feb-2010
MWMW0096818 0 2 2 1 0 0 0 0 0 0 0 7 1 0 45743935424041383942 4439 4218215-Nov-2009
MWMW0101718 4 1 3 0 6 3 0 3 1 0 0 4 3 0 45604743404139484542 4444 4518215-Jan-2010
MWMW0103318 7 0191416 912 7 9 8 2 5 7 5 53616451416969676057 7354 7018115-May-2010
MWMW0108618 3 6 3 1 4 3 0 5 0 0 1 2 1 0 48513941484141454542 4448 4218215-Jan-2010
MWMW0109418 1 0 3 0 0 1 0 0 0 0 0 9 1 0 45784140414242414342 4441 4318115-Aug-2010
MWMW0111818 0 2 3 3 3 1 0 1 1 0 0 8 3 0 45744938454248464342 4443 4618115-Mar-2010
MWMW0114418 6 9 51113 4 2 9 2 1 2 5 8 1 53616849574663624944 4957 4918115-Aug-2010
MWMW0116018 0 1 0 1 0 1 0 0 0 0 010 1 0 45893935403741384142 4439 4218215-Jun-2010
MWMW0117118 9 41715 9151210 6 714 0 6 4100416055486571557255 7359 6118115-Jul-2009
MWMW0119318 9 415 4 6 3 3 5 1 5 0 3 5 0 45555453456146484552 5248 4518215-Oct-2010
MWMW0120018 0 1 4 4 5 0 1 2 1 0 0 5 5 0 45655435404346473942 4742 4518215-Jul-2009
MWMW01249181011 9 1 5 110 5 3 0 3 3 8 0 58536857605244494342 6850 5218115-Oct-2010
MWMW0127618 1 3 2 0 1 0 0 1 0 0 0 9 2 0 45844337434039403942 4441 4218215-Feb-2010
MWMW0130218                                                         18115-Jun-2010
MWMW0132318 3 0 3 6 7 0 0 3 0 0 0 4 4 0 45605141384150503942 4444 4218215-Sep-2010
MWMW0133518 5 2 4 3 3 8 611 1 0 0 1 3 2 45454948454448465742 5961 4618115-Sep-2010
MWMW0134718 0 0 1 1 0 1 1 1 1 0 0 8 2 0 45744538413944414342 4743 4618115-Dec-2010
MWMW0135118 1 0 0 1 2 1 0 0 0 0 0 7 0 0 45703740413744444342 4441 4318115-Feb-2010
MWMW013681811 4 2 917 3 0 0 0 0 0 3 7 0 45556256454055664542 4439 4219215-Jul-2011
MWMW0139618 1 2 1 4 1 7 2 3 0 0 0 4 4 0 45575340453950435542 4946 4319115-Jan-2011
MWMW0140418 3 0 3 012 6 0 6 0 0 0 5 9 0 45617244414242605342 4452 4318115-Nov-2010
MWMW0142018 3 9 8 1 3 1 2 4 3 0 0 3 4 1 45555141535041434142 4946 5118215-Apr-2010
MWMW0143818 2 1 5 4 5 3 3 3 0 1 0 5 1 1 45614142434650494744 5246 4318115-Sep-2010
MWMW0145318 6 2131415 8 7 6 4 7 5 2 6 3 61515847425864635556 6249 5419215-Oct-2010
MWMW0152818 2 9 3 0 3 3 0 2 0 2 0 3 1 0 45553939534139434546 4442 4218215-Mar-2011
MWMW0154218 0 2 0 0 0 0 0 4 0 1 0 4 1 0 45574138453742414144 4448 4319115-Nov-2011
MWMW0159118 0 2 0 1 1 0 1 0 1 0 0 7 2 0 45704538453744434142 4741 4618115-Oct-2011
MWMW0160818 4 2 0 1 1 1 2 2 2 0 0 8 3 0 45744946453744434342 4945 4918115-Dec-2010
MWMW0162918 0 0 1 3 0 0 9 0 3 0 0 9 0 0 45783738413948414142 6641 5218115-May-2010
MWMW0165718 6 917161714 8 6 5 4 5 313 4 66538749576573687049 6452 5818115-Jan-2011
MWMW0167318 6 0 4 013 3 0 6 0 0 0 3 6 0 45555847384339604542 4449 4218215-Aug-2009
MWMW0168518 0 0 0 0 0 0 0 0 0 0 010 0 0 45893535383739383942 4439 4218215-Feb-2010
MWMW0169018 2 0 7 2 0 0 1 3 0 1 1 3 3 3 49534942414946414144 4746 4318115-Jan-2011
MWMW0170118 5 5 6 2 2 1 0 2 1 1 1 3 5 0 48555445474643424144 4442 4518215-Sep-2010
MWMW0176918 0 2 1 0 1 0 0 0 0 0 0 6 2 0 45704335423839403942 4439 4218215-May-2010
MWMW0177518 0 0 0 0 0 0 0 0 0 0 010 0 0 45893535383739383942 4439 4219215-Aug-2010
MWMW0182418 1 2 1 0 0 0 0 0 0 0 0 7 0 0 45743537423839383942 4439 4219215-Dec-2011
MWMW0183918 3 3 3 2 5 5 0 7 1 3 1 1 6 2 48465841434143474948 4451 45  2           
MWMW0184618 3 3 5 312 3 3 9 3 1 0 0 3 2 45414944474648604744 5257 5218115-Aug-2010
MWMW0185218 0 5 8 6 8 6 2 7 0 1 2 4 4 2 53575338505154545344 4954 4318115-May-2011
MWMW0189518 3 0 1 0 2 0 0 0 0 0 0 6 1 0 45703941383839423942 4439 4218215-Jan-2011
MWMW0190618 1 2 0 0 1 3 0 1 0 0 0 6 0 0 45703537423739404542 4441 4218215-Dec-2010
MWMW0192718101019172014 121 7 5 5 0 4 6 61415154556770716752 4774 6318215-Aug-2010
MWMW0194318 2 3 6 0 3 0 0 3 0 0 0 2 2 0 45514339434639433942 4444 4218215-Jun-2011
MWMW0197018 0 2 0 1 2 2 0 0 0 0 010 2 0 45824538453744444542 4441 4318115-Dec-2010
MWMW0198818 51212 71710 0 8 0 0 2 212 0 51518145585652665942 4453 4218215-Nov-2010
MWMW0199218 3 3 4 4 5 3 0 4 0 0 1 2 5 2 48515441434346474542 4446 4218215-Dec-2010
MWMW0200818 0 3 2 0 2 0 1 2 1 2 1 6 2 1 49664538474142444146 4745 4618115-Jun-2010
MWMW0201618 0 0 0 1 0 0 0 0 0 0 010 0 0 45823738413744414142 4441 4318115-Feb-2011
MWMW0204118 0 0 0 0 0 0 0 2 0 0 0 9 0 0 45783738413742414142 4445 4318115-May-2010
MWMW0205718 7 712 5 9 4 0 6 3 2 1 2 8 3 48516649505648534746 4449 5118215-May-2011
MWMW0209018 1 4 1 3 5 0 0 2 0 0 0 5 6 0 45655837453845473942 4442 4218215-Jan-2011
MWMW0211718 1 2 2 1 5 1 6 5 2 2 0 7 3 3 45744737424041474146 5948 4818215-Jul-2011
MWMW0212518 7 0 5 5 6 1 0 4 1 0 1 1 2 1 49454551414652514342 4448 4619115-Sep-2011
MWMW0215818 0 2 2 1 2 0 0 0 0 0 0 8 1 0 45793935424041423942 4439 4218215-Feb-2011
MWMW0216118 1 1 3 410 2 0 0 0 0 0 3 4 0 45555137404146554342 4439 4218215-Apr-2010
MWMW0217218 1 3 4 111 3 2 6 2 2 1 4 4 1 49575340474444594746 4952 4918115-Nov-2011
MWMW021861818 6181821 6 91512 3 6 4 3 2 64604770486672735148 6764 7819215-Mar-2011
MWMW0222218 0 2 0 2 1 0 0 1 0 1 0 8 1 0 45793935423743403944 4441 4218215-Aug-2010
MWMW0223618 41519 616 7 511 9 4 2 211 6 51517743636750645350 5758 6918215-Oct-2011
MWMW0226918 0 0 0 0 0 0 0 0 0 0 010 0 0 45893535383739383942 4439 4218215-Jun-2010
MWMW0227518131619161823 516 0 311 0 8 4 81416660656768688548 5766 4218215-Aug-2011
MWMW0231118 41019 712 6 310 2 1 0 3 8 4 45556643556752585144 5256 4818215-Mar-2011
MWMW0233918 2 0 6 0 0 0 0 1 0 0 0 7 0 0 45743539384639383942 4441 4218215-Nov-2011
MWMW0236718 2 4 6 510 6 012 0 0 0 611 0 45707739454648555142 4459 4218215-Sep-2011
MWMW0237818 3 0 6 4 4 3 0 0 1 1 0 6 1 0 45664144414750474744 4441 4618115-Jul-2011
MWMW0238018 7 5 7 3 3 9 0 5 1 0 5 3 4 0 66535351504948466042 4450 4618115-Nov-2011
MWMW0240018 0 0 0 2 3 0 0 0 0 0 0 9 2 0 45784538413746464142 4441 4318115-Apr-2010
MWMW0247618 0 2 0 1 1 0 1 1 0 1 0 6 2 0 45664538453744434144 4743 4318115-Dec-2011
MWMW0253118 0 0 0 0 0 0 0 0 0 0 010 0 0 45823738413742414142 4441 4318115-Oct-2011
MWMW0254318 0 0 0 0 0 0 0 0 0 0 0 8 0 0 45743738413742414142 4441 4318115-Jul-2011
MWMW0257018 1 0 0 0 0 3 0 1 0 0 0 9 0 0 45843537383739384542 4441 4218215-Sep-2011
MWMW0258818 1 2 8 314 4 7 7 5 4 2 3 5 0 53535640455148634949 6154 5819115-Mar-2011
MWMW0259218 6 9 6 0 1 3 1 7 3 0 0 2 6 2 45515847534639404542 4751 5118215-Apr-2011
MWMW0261518111616101514 615 9 4 3 0 2 2 54414356656257636750 5964 6918215-May-2011
MWMW0266318 4 4 9 3 7 2 1 2 2 0 0 1 5 0 45465443455145504342 4742 4818215-May-2010
MWMW0267418121420 814 7 0 9 4 3 0 0 7 4 45416460667058635548 4457 5518115-Dec-2011
MWMW0268918 2 515 3 6 1 0 2 2 0 3 2 3 2 54514739476145484142 4442 4819215-Jan-2011
MWMW0271018 1 2 51517 4 1 6 1 3 1 6 4 2 48705137424566664748 4749 4518215-Jul-2011
MWMW0272318 0 114 2 6 0 1 3 0 5 0 7 4 0 45745135405943483952 4744 4218215-Mar-2011
MWMW0273518 0 0 1 0 2 0 2 0 0 0 0 7 0 0 45703738413942444142 4941 4318115-Oct-2011
MWMW0274718 1 0 0 0 0 6 4 0 2 0 0 7 4 1 45705340413742415342 5441 4918115-Jan-2011
MWMW0275118 1 2 2 0 1 1 0 0 0 0 0 5 0 0 45653537424039404142 4439 4218215-Aug-2010
MWMW0277918 3 2 9 1 310 1 6 3 0 0 3 2 0 45534544455244466242 4752 5218115-Sep-2011
MWMW0278418 2 2 4 3 5 0 9 4 4 2 3 7 3 4 58704942454448494146 6648 5518115-Nov-2011
MWMW0283818 4 1 2 0 2 0 1 4 1 1 1 6 3 1 48704743404039423944 4746 4518215-Sep-2010
MWMW028531814202623211213221910 8 1 8 8 71466662717881736361 7776 9918215-Jan-2012
MWMW0288118 4 4 9 816 7 7 7 2 5 6 3 3 4 70534946485258675551 6154 4918115-Dec-2011
MWMW0289918111614222314 811 711 6 1 7 7 64466256655979766763 6458 6318215-Nov-2011
MWMW0292618 0 3 1 0 0 0 0 3 0 0 0 8 1 0 45793935433839383942 4444 4218215-Nov-2011
MWMW0293218 1 710 718 1 0 6 0 2 0 2 6 0 45515837505352684146 4449 4218215-Nov-2010
MWMW0297118 0 0 3 0 0 0 0 0 0 0 0 9 0 0 45783738414242414142 4441 4318115-Aug-2011
MWMW0300518 0 6 9 2 0 3 4 2 3 0 0 5 0 1 45653535485143384542 5442 5118215-Dec-2010
MWMW0302618141016 918 7 211 4 3 6 1 6 2 70456064596459705548 4961 5518115-Apr-2011
MWMW0306018 5 4 9 2 610 2 4 1 2 0 2 3 0 45514745455143485946 4946 4518215-Mar-2011
MWMW0307118 3 4 3 5 9 5 0 9 1 2 0 110 0 45467341454148534946 4454 4518215-Nov-2011
MWMW0320418 2 4 4 612 0 0 2 0 0 0 3 4 0 45555139454350583942 4442 4216215-Sep-2011
NWNW3002018 4 6 9 5 4 5 3 4 5 5 3 5 5 5 58615646525252475151 5248 5818115-Jul-2007
NWNW3004518131513141612 110 6 110 0 710 78416260635864646344 4756 6018215-May-2009
NWNW3005318 5 810121314 611 4 7 3 0 7 1 54416245515361606756 5958 5418215-Jul-2007
NWNW3007718 4 6 6 2 311 1 6 2 1 1 0 5 3 48415443484643436144 4749 4818215-Dec-2006
NWNW3008118 0 0 0 0 0 0 0 0 0 0 010 0 0 45823738413742414142 4441 4318115-Jun-2008
NWNW3009918 91412 7 819 016 4 0 1 0 3 1 48414753615652517742 4466 5418215-Mar-2007
NWNW3011318201617121714 120 3 312 0 3 5 84414774656461666748 4773 5118215-Apr-2009
NWNW30121181819181824161420101511 0 3 9 81414770696672777171 8073 7218215-Dec-2007
NWNW3014918 7 3 5 0 2 2 0 1 1 0 0 1 4 0 45465149434539424342 4441 4518215-Apr-2009
NWNW3015418 0 2 3 1 2 1 3 1 1 1 0 6 3 2 45664938454244444344 5243 4618115-Aug-2007
NWNW3018218 0 0 2 0 0 0 0 0 0 0 0 9 0 0 45843535384039383942 4439 4219215-Oct-2008
NWNW3020518 6 018 2 0 0 0 3 0 0 3 2 8 1 58496849416746414142 4446 4318115-Jul-2007
NWNW3021818 0 0 1 0 0 0 0 0 0 0 2 7 0 0 51743535383839383942 4439 4218215-Dec-2009
NWNW3022618 0 0 0 0 1 0 2 0 1 0 0 9 0 1 45783738413742434142 4941 4619115-May-2007
NWNW3024418 1 1 9 1 1 2 0 1 1 1 0 1 2 0 45464337405141404344 4441 4518215-May-2007
NWNW3025918 110 4 3 9 0 1 4 0 0 0 3 3 0 45554737554345533942 4746 4219215-Oct-2009
NWNW3026018 2 4 1 3 3 8 011 1 6 3 2 4 2 54515139453845435554 4458 4518215-Aug-2007
NWNW3027118 3 3 3 1 0 0 2 0 3 1 0 5 2 0 45614544474244414144 4941 5218115-Dec-2007
NWNW3028718 3 5 9 3 5 311 4 515 2 3 2 2 53534544505248494771 7148 5818115-Jun-2007
NWNW3029318 4 1 3 5 7 5 4 2 0 2 0 6 3 0 45664946434252525146 5445 4319115-Jun-2007
NWNW3031518 0 0 2 2 1 1 0 0 0 0 0 8 4 0 45745338414146434342 4441 4318115-Nov-2009
NWNW303281810 713131411 117 2 1 5 0 4 3 61415154505863616144 4768 4818215-Aug-2008
NWNW3033018 3 3 7 2 5 3 6 8 2 1 2 2 5 1 53495644474946494744 5955 4918115-Jul-2006
NWNW3035618 9 82110 515 415 5 4 2 0 9 4 53417255557261497249 5468 5819115-May-2007
NWNW3036318 2 0 5 0 0 4 0 3 0 0 0 4 2 0 45574542414642414942 4446 4318115-Sep-2007
NWNW3037418 4 3 5 2 5 1 2 5 2 0 0 1 6 0 45456046474646494342 4950 4918115-Jul-2006
NWNW3038918 2 2 0 0 2 3 2 3 4 0 0 4 1 0 45574142453742444742 4946 5518115-Apr-2009
NWNW3039118 811 7 5 5 4 110 5 0 3 0 3 0 54414751564848474742 4756 5718215-Aug-2006
NWNW3040918 210 7 217 6 0 5 1 1 1 5 5 5 49615642594946685344 4450 4618115-Mar-2007
NWNW304171810 2 7 2 0 6 9 3 4 0 2 1 4 2 53455357454946415342 6646 5518115-Nov-2007
NWNW3042518 3 1 4 2 6 1 2 1 1 0 0 0 4 0 45415344434446514342 4943 4619115-Feb-2008
NWNW3043318 1 3 3 1 1 0 0 1 0 0 0 5 1 0 45653937434141403942 4441 4218215-Apr-2008
NWNW3048618 9 115 3 5 313 2 8 4 3 1 5 4 58455655436248494749 7545 6718115-Sep-2007
NWNW3049418 0 0 0 0 0 0 0 0 0 0 010 0 0 45823738413742414142 4441 4319115-Dec-2010
NWNW3050218 919 7131512 417 3 6 2 1 9 3 51467053694863636354 5468 5118215-Jun-2008
NWNW3052318 3 4 5 2 2 0 1 4 2 0 0 3 3 1 45534944484646444142 4748 4918115-Jul-2009
NWNW3053518 0 1 1 2 1 0 0 0 0 1 010 3 0 45824938433946434144 4441 4318115-Apr-2010
NWNW3054718 6 3 4 710 8 0 8 2 0 0 0 6 2 45415847434352555542 4453 4818215-Jan-2008
NWNW3055118 0 3 2 2 7 5 0 1 0 0 1 6 3 2 48704735434043504942 4441 4218215-Feb-2009
NWNW3056818 1 3 2 1 2 0 1 1 0 0 0 5 1 0 45653937434041423942 4741 4218215-Aug-2006
NWNW3057918 0 0 2 1 1 0 0 0 0 0 0 6 2 0 45664538414144434142 4441 4318115-Sep-2007
NWNW3058418 2 0 5 4 3 5 0 1 1 0 0 7 4 0 45705342414650465142 4443 4618115-Oct-2009
NWNW3060318 5 6 1 1 8 514 6 5 4 3 6 5 1 58665648523944545149 7852 5818115-May-2009
NWNW3061118 0 0 0 0 0 1 0 1 0 0 0 7 0 0 45703738413742414342 4443 4318115-May-2009
NWNW3062418 1 0 2 4 1 1 0 1 0 0 0 7 2 0 45744337384046404142 4441 4218215-May-2008
NWNW3063918 0 0 0 1 1 0 0 0 0 0 010 0 0 45893535383741403942 4439 4219215-Sep-2010
NWNW3064618 2 2 2 0 0 2 5 3 0 1 0 2 0 0 45493742454142414544 5646 4318115-Apr-2009
NWNW3065218 2 1 1 0 3 0 0 2 0 0 0 7 1 0 45704142433942464142 4445 4318115-Jan-2007
NWNW3066718 1 4 2 1 0 3 1 0 0 1 0 7 3 2 45704940484144414744 4741 4318115-Aug-2009
NWNW3067818 0 2 2 0 0 0 0 2 1 0 0 6 1 0 45664138454142414142 4445 4618115-Feb-2008
NWNW3068018121116161617 616 6 9 4 0 7 3 58416258566268647359 5966 6018215-Oct-2009
NWNW3070618 1 1 5 5 2 2 0 0 0 0 0 4 0 0 45573740434652444542 4441 4318115-May-2009
NWNW3071918 2 4 4 4 9 2 0 6 0 0 0 2 3 0 45514739454346534342 4449 4218215-May-2009
NWNW3072718 7 8101114 3 112 0 0 0 0 8 1 45416649515359614542 4759 4218215-Mar-2008
NWNW3074318 3 720 410 6 0 3 5 0 3 3 4 0 54555141506946555142 4444 5718215-Oct-2006
NWNW3076418 5 1 7 4 8 5 7 5 4 7 2 1 3 2 51464745404846514956 6248 5418215-Jun-2007
NWNW3077018 1 0 3 7 8 2 3 3 4 6 0 9 2 0 45784540414256544553 5246 5518115-Oct-2008
NWNW3078818 2 2 2 1 2 2 0 2 1 0 0 1 3 0 45464739424041424342 4442 4518215-Feb-2008
NWNW3080818 0 0 0 0 0 1 0 0 0 0 0 9 0 0 45783738413742414342 4441 4318115-Mar-2009
NWNW3081618 4 7 2 1 3 2 2 0 2 0 0 5 0 0 45653543504041434342 4939 4818215-Jun-2008
NWNW308291816 723101215172015 710 0 6 5 86416068537561607255 8577 8818115-Dec-2009
NWNW3083418 6 1 3 4 4 1 8 4 1 4 0 4 7 2 45576449434250474349 6448 4618115-May-2007
NWNW3087318 0 0 0 1 3 1 0 0 0 0 0 8 1 0 45744138413744464342 4441 4318115-Feb-2010
NWNW3088518 0 210 4 5 2 0 2 0 0 0 3 5 0 45555435425346474342 4442 4218215-Mar-2009
NWNW3089018 5 5 2 510 1 0 2 0 4 1 512 2 48658145474048554150 4442 4218215-Mar-2008
NWNW3090118161710 91112 816 6 8 4 0 5 7 58415466665355566357 6466 6018215-Oct-2006
NWNW3092218 2 5 6 4 3 7 2 6 1 3 1 4 9 0 48607039474646435348 4949 4519215-Aug-2009
NWNW3093618 0 1 2 0 1 3 0 4 0 0 0 7 1 0 45743935404039404542 4446 4219215-Jul-2009
NWNW3095018 2 4 0 2 0 3 5 0 3 2 0 6 1 0 45703939453743384546 5739 5118215-Mar-2009
NWNW3096918172227 9 4 614141018 0 0 7 6 45416268748055455176 8063 7218215-Jul-2008
NWNW3099718 2 4 6 916 0 0 0 0 0 1 3 3 0 48554739454655643942 4439 4218215-Mar-2009
NWNW3100518 4 4 5 2 3 2 2 4 1 0 1 2 5 1 48515443454543434342 4946 4518215-Aug-2006
NWNW3101818 7 4161215 617 912 2 5 213 4 66498751486465655346 8557 7918115-Dec-2006
NWNW3102618 4 8 71312141912112210 513 8 86618746554967607084 9062 7618115-Mar-2008
NWNW3103218 5 312121910 910 6 5 1 1 6 2 49456048475765716251 6659 6118115-Sep-2008
NWNW3104418 3 3 3 4 5 2 1 5 0 1 1 4 2 1 48604341434146474344 4748 4218215-Aug-2006
NWNW3106018 9 210 712 5 0 3 3 0 1 1 1 0 48463953425352584942 4444 5118215-Apr-2007
NWNW3107118 2 2 1 0 0 1 1 0 0 0 0 5 1 0 45653939423839384142 4739 4218215-Jan-2010
NWNW3108718 6 2 1 1 5 3 6 5 3 5 1 6 3 1 49664949453944494751 5950 5218115-Aug-2010
NWNW3110618 2 2 8 1 2 0 2 0 1 0 0 1 2 1 45464339425041423942 4939 4519215-Oct-2007
NWNW311191811 1 6 0 210 0 6 0 3 0 3 4 0 45535358434742446248 4452 4318115-Oct-2006
NWNW3112718182127242422 92312 410 0 4 4 86415371788289798749 6682 7919115-Oct-2010
NWNW3113118 71521 91611 215 5 2 1 0 8 3 48416649637055646146 4964 5719215-Dec-2009
NWNW3114318 4 7 81115 3 6 5 2 0 3 5 4 1 58615346535163654742 5950 4919115-Apr-2007
NWNW3115518 2 1 4 0 0 2 2 5 0 0 0 5 1 0 45653939404339384342 4948 4218215-May-2008
NWNW3116418 0 0 1 0 0 1 0 0 0 0 0 7 0 0 45703738413942414342 4441 4318115-Aug-2007
NWNW3117018 1 1 0 1 0 1 1 0 1 0 0 6 1 0 45664140433744414342 4741 4619115-Oct-2008
NWNW3118818 0 0 2 3 6 0 0 0 0 0 2 4 3 1 51604735384045483942 4439 4219215-Jan-2010
NWNW3119218 1 7 5 5 7 2 0 0 0 0 5 6 6 2 66666040534652524542 4441 4318115-Feb-2009
NWNW3121218 3 2 5 3 3 1 5 2 1 0 0 4 4 2 45605141424545434142 5742 4518215-Nov-2007
NWNW3122018 0 0 1 1 0 1 0 2 0 0 0 7 0 0 45703738413944414342 4445 4318115-Feb-2009
NWNW3124518 4 4 2 0 0 2 0 1 0 0 0 6 6 0 45666046484142414542 4443 4318115-Oct-2006
NWNW3125318 5 1 5 0 1 2 0 1 0 2 0 3 2 0 45534548434642434546 4443 4318115-May-2010
NWNW3127718 1 3 1 0 0 2 3 0 0 0 0 4 3 1 45604737433839384342 5239 4218215-Feb-2009
NWNW3129918 0 0 0 1 1 0 0 0 0 0 010 0 0 45893535383741403942 4439 4218215-Dec-2010
NWNW3130118 3 3 1 1 0 1 0 1 0 1 0 4 0 0 45603541433841384144 4441 4218215-May-2008
NWNW3132218 3 1 2 1 1 0 3 4 1 0 0 5 0 0 45613744434144434142 5248 4618115-Dec-2007
NWNW3133618 2 1 0 0 1 0 0 0 0 0 0 6 3 0 45704739403739403942 4439 4218215-Jun-2009
NWNW3134818 2 3 4 811 1 0 0 0 4 0 3 3 1 45554739434354564150 4439 4218215-Jul-2010
NWNW313501811111310 8 5 615 4 8 0 012 4 45418156565857514957 5964 5418215-Oct-2009
NWNW3136918201410201913 320 4 610 0 5 7 78415474615375696554 5273 5418215-Apr-2009
NWNW3137518 0 0 2 0 0 1 7 2 4 6 1 6 3 3 49664938414142414353 6145 5518115-Apr-2010
NWNW313971811 1 3 7 810 1 3 0 0 6 2 0 1 70493758434256546242 4746 4318115-Mar-2007
NWNW3140318222427241923231723 427 0 411100415379838289718949 997110018115-Jun-2009
NWNW3142418 3 515 712 3 210 5 1 0 2 8 0 45516641476152584544 4956 5718215-Aug-2007
NWNW3143918 3 0 3 0 1 3 0 2 1 1 0 3 2 1 45534544414242434744 4445 4618115-Nov-2009
NWNW3144618 2 7 5 7 5 1 2 4 2 3 0 3 7 1 45556239504552474148 4946 4818215-Mar-2009
NWNW3146718 6 1 4 1 0 1 0 6 0 1 0 4 3 0 45574949434444414344 4452 4318115-Jan-2008
NWNW3147818 0 0 1 1 0 4 2 2 1 3 0 8 1 1 45744138413944414948 4945 4618115-Oct-2007
NWNW3148018 3 213 7 9 7 0 2 3 0 0 4 4 0 45605141425852535342 4442 5118215-Jan-2008
NWNW3149518 2 5 0 818 4 110 3 0 0 5 4 0 45655139473754684742 4756 5120215-Dec-2009
NWNW3203318 0 0 0 0 0 0 0 0 0 0 0 9 0 0 45783738413742414142 4441 4319115-Aug-2010
NWNW3205818 1 2 2 0 1 0 0 1 0 4 0 6 0 0 45703537424039403950 4441 4218215-Jul-2009
NWNW3206118 0 1 5 3 5 0 2 1 2 1 0 4 2 0 45574538434648494144 4943 4918115-Mar-2009
NWNW3207218 0 1 3 2 3 0 2 0 1 0 0 6 1 0 45664138434246464142 4941 4618115-Aug-2008
NWNW3208618 4 116 2 3 3 1 2 3 0 1 0 1 0 49414146436446464742 4745 5218115-Mar-2009
NWNW3209418 7 810 3 5 3 7 7 5 9 0 0 5 2 45415449515345474559 6251 5718215-Jan-2008
NWNW3211818 0 1 4 0 0 2 3 2 2 1 0 3 1 0 45534138434442414544 5245 4918115-Apr-2008
NWNW3214418 5 2 3 0 1 4 0 0 0 0 0 2 3 0 45514745424139404742 4439 4218215-Mar-2009
NWNW3216018 2 4 2 1 4 1 0 1 0 1 0 2 1 0 45513939454041454144 4441 4218215-Feb-2009
NWNW321711817171620241714181120 7 0 7 9 68416268666275777380 8069 7518215-Nov-2007
NWNW3220018 2 0 0 0 1 1 0 1 0 0 0 7 2 0 45744339383739404142 4441 4218215-Sep-2009
NWNW3221318 2 1 1 0 0 1 0 1 0 0 0 4 0 0 45573742433942414342 4443 4318115-Jun-2009
NWNW3224918 0 0 1 1 2 0 0 0 0 0 0 8 2 0 45744538413944444142 4441 4319115-Oct-2010
NWNW3226518 9 214 4 711 012 3 0 1 4 3 0 49574955456050526442 4462 5218115-Nov-2007
NWNW3227618 0 0 2 0 0 0 0 0 0 0 0 3 2 0 45534538414142414142 4441 4318115-Oct-2007
NWNW3229818 1 0 0 0 0 0 0 0 0 0 0 6 1 0 45703937383739383942 4439 4218215-Nov-2007
NWNW3230218 1 1 0 8 9 1 0 0 0 1 0 7 1 0 45704140433758554344 4441 4318115-Jun-2007
NWNW3233518 0 2 1 7 5 0 0 0 0 0 0 6 2 0 45704335423852473942 4439 4218215-May-2009
NWNW3234718 6 8 9 8 8 91516 711 3 0 5 5 58415649555258546063 8070 6418115-Oct-2008
NWNW3236818 2 2 0 1 9 4 3 2 6 5 1 5 4 2 49615342453744554951 5245 6118115-Aug-2009
NWNW3238418 2 2 5 2 0 3 1 4 1 1 0 2 2 0 45514339424543384544 4746 4518215-Nov-2008
NWNW3241218 921131216 6 411 6 9 0 1 5 6 45465453735861645159 5458 6018215-Jan-2010
NWNW3243818 810101219 7 511 5 3 1 1 2 0 48464351555361695348 5758 5718215-Apr-2007
NWNW3244518 1 3 3 2 0 3 3 3 1 0 1 4 1 1 49574140474246414742 5246 4618115-Jun-2008
NWNW3245318 2 4 8 819 1 6 9 5 3 0 2 7 1 45496442485158714348 5957 5818115-Dec-2007
NWNW3246618171611131313 0 8 3 0 3 0 6 4 54415868655463606542 4453 5119215-Oct-2007
NWNW3248118 0 112 1 2 6 1 2 4 3 1 2 3 2 49494938435744445348 4745 5518115-Mar-2009
NWNW3250718152117152020 620 822 3 0 3 3 58414966786571738384 5977 6718115-Jan-2008
NWNW3251518 5 114 2 5 3 0 5 2 3 1 1 3 1 48464745405943474548 4448 4818215-May-2008
NWNW3252818 0 0 0 0 0 3 0 0 0 0 010 0 0 45823738413742414742 4441 4318115-Oct-2008
NWNW3253018 6 5 8 812 4 2 6 4 0 4 1 2 3 58464347475054584742 4949 5418215-Jun-2009
NWNW3255618111113 7 511 711 8 7 6 0 5 6 64415456565852476156 6258 6618215-Oct-2007
NWNW3259118 0 3 2 0 0 0 0 1 0 2 0 3 1 0 45534138474142414146 4443 4318115-Dec-2007
NWNW3260818 4 2 1 2 8 1 0 0 1 0 0 3 4 0 45555143423843514142 4439 4518215-Jan-2008
NWNW3262918132023161921 3221011 4 0 7 5 58416260717468698163 5276 7218215-Jun-2009
NWNW3264118 8 711 4 3 0 1 7 4 6 0 2 6 0 45515851505446433954 4751 5418215-Mar-2008
NWNW3267318 4 0 2 1 1 0 0 6 3 0 3 7 3 2 58704946414144434142 4452 5218115-Nov-2007
NWNW3268518 0 4 3 2 8 2 0 1 0 0 0 6 3 0 45704735454143514342 4441 4218215-Oct-2009
NWNW3270118 0 0 0 0 1 0 0 0 0 1 0 8 0 0 45743738413742434144 4441 4318115-Jan-2008
NWNW3275018 4 5 4 2 121 0 5 2 1 2 2 2 1 53494546504446438544 4450 4918115-Oct-2009
NWNW3276918 4 5 5 912 3 0 6 1 0 2 1 1 2 51463943474555584542 4449 4518215-Jul-2008
NWNW3277518 0 0 0 0 0 0 0 0 0 0 010 0 0 45893535383739383942 4439 4218215-May-2010
NWNW3278318171916121712 316 7 4 5 0 5 5 61415468696261666350 5266 6318215-Sep-2008
NWNW3279718 2 4 5 810 4 0 2 0 0 5 3 6 1 61555839454554554742 4442 4218215-Apr-2009
NWNW3280318 2 1 2 1 2 0 1 2 0 0 0 3 1 0 45553939404041423942 4742 4218215-Jun-2010
NWNW3281118 1 2 3 5 8 1 0 0 0 0 0 4 3 0 45574940454252544342 4441 4318115-Apr-2010
NWNW3282418 1 0 1 1 1 1 0 2 0 0 0 6 1 0 45664140413944434342 4445 4318115-Jun-2010
NWNW3283918 612 7 716 7 7 6 0 6 1 0 6 0 49416049624956675553 6152 4318115-May-2010
NWNW3284618 3 6 0 213 2 6 3 2 7 0 3 4 0 45555141483743604356 5944 4818215-Oct-2007
NWNW328671815 810151511 4 7 212 2 1 5 2 51465464515366636165 5451 4818215-Jun-2009
NWNW3287818 0 2 2 2 0 0 1 0 1 2 0 6 3 0 45664938454146414146 4741 4618115-Jul-2010
NWNW3289518 3 1 4 5 6 2 1 4 0 8 0 3 2 1 45534544434452514557 4748 4318115-May-2009
NWNW3290618 4 213 1 4 2 1 8 4 7 0 2 4 0 45495346455944474555 4755 5518115-Nov-2009
NWNW3291918 2 0 7 1 0 1 0 1 1 0 0 6 0 1 45663742414944414342 4443 4619115-Mar-2009
NWNW3294318 4 8 5 4 7 7 2 7 1 0 0 1 6 4 45465843514546505342 4951 4518215-May-2010
NWNW3295518 0 0 0 0 0 0 0 0 0 0 010 0 0 45893535383739383942 4439 4219215-Sep-2010
NWNW3300618 5 6 41414 2 0 5 0 2 0 5 6 0 45655845484364614346 4448 4218215-Jun-2010
NWNW3302718 3 4 0 0 0 2 4 1 1 5 0 2 1 1 45494144483742414551 5443 4618115-Jan-2010
NWNW3303118 1 0 3 1 3 1 1 2 0 0 0 7 0 0 45703740414244464342 4745 4319115-Mar-2010
NWNW3304318 0 0 0 0 0 0 0 0 0 0 010 0 0 45823738413742414142 4441 4318115-Aug-2009
NWNW3306418 6 818 210 2 2 6 4 5 1 1 6 4 48465847516643554352 4949 5418215-Apr-2009
NWNW33070181524261214 8122215 8 5 0 4 5 61415164787861615557 7576 8719215-May-2010
NWNW3308818111814191514 112 7 1 2 2 7 3 51516256685973636744 4759 6318215-Oct-2008
NWNW3310718 1 2 2 0 0 1 0 0 0 0 0 7 0 0 45743537424039384142 4439 4218215-Jul-2008
NWNW3311518 2 3 0 813 0 0 0 0 0 0 7 5 0 45705642473758624142 4441 4318115-Mar-2010
NWNW3346818 2 1 5 0 1 3 0 1 1 0 0 3 0 0 45553539404539404542 4441 4518215-Apr-2010
NWNW3448918 3 3 0 1 2 2 0 1 0 0 0 3 1 0 45553941433741424342 4441 4218215-Jan-2010
NWNW345041810 5 3 5 6 6 0 8 2 1 1 1 3 0 48464754474148485144 4453 4818215-Sep-2008
SOSO1003418 3 2 8 1 1 2 0 1 0 0 0 3 2 0 45554341425041404342 4441 4219215-Jul-2005
SOSO1004118151014 71214 814 3 6 1 1 6 2 48465864555952586754 6463 5119215-Jul-2005
SOSO1012518 1 0 0 0 0 0 1 0 1 1 0 5 2 0 45614540413742414144 4741 4620115-Feb-2006
SOSO101331817 919 2 2 717131722 5 0 4 4 61415168536743425384 8761 9319215-Feb-2005
SOSO1019418 6 0 0 6 6 0 912 618 0 812 0 45798147383750483976 6759 6018215-Mar-2005
SOSO1020118 4 2 7 1 3 6 7 9 010 0 0 5 3 45415646454944465361 6157 4318115-Mar-2005
SOSO10222181716181818 5 215 4 1 3 0 6 2 54415868656672684944 4964 5418215-Mar-2005
SOSO1023618 0 0 6 1 1 4 1 0 1 0 0 6 1 0 45664138414744434942 4741 4619115-Jun-2005
SOSO1024818 0 0 0 0 1 0 3 0 2 0 0 9 0 1 45783738413742434142 5241 4919115-Mar-2005
SOSO1025018201915191911 624 413 6 0 1 6 64413974696173696167 5980 5418215-Mar-2005
SOSO10275181510101417 9 514 5 8 0 1 2 6 45454566595469686057 5666 5820115-Feb-2006
SOSO1030318 51510 415 7 0 4 1 1 1 110 2 48467345635346635344 4446 4519215-Apr-2005
SOSO10311181015161720121416 710 6 010 6 64417354636270716361 8066 6319215-Feb-2005
SOSO1034618 3 8 6 0 3 1 8 3 3 0 0 3 5 0 45555441514639434142 6444 5119215-Mar-2005
SOSO1036718 3 4 7 3 7 2 3 5 2 5 1 5 3 1 48654741454845504352 5248 4819215-Jan-2005
SOSO1037818 2 2 3 0 0 1 2 3 0 1 0 3 1 0 45534142454242414344 4946 4319115-Jan-2005
SOSO1039518 3 910 513 2 1 6 2 0 3 311 2 58538044575452624542 4752 4919115-Mar-2005
SOSO1040018 1 2 2 1 0 1 0 1 0 1 0 5 1 0 45614140454144414344 4443 4319115-Jan-2005
SOSO1041318 0 1 1 1 4 0 0 3 0 0 0 6 3 0 45704735403841453942 4444 4219215-Apr-2005
SOSO1042118 0 6 0 5 6 4 0 0 0 0 0 7 9 0 45747035483748484742 4439 4219215-Jun-2005
SOSO1043718 2 4 6 3 5 0 0 4 2 0 0 2 4 0 45515139454645473942 4446 4819215-Jun-2005
SOSO1044918 2 2 0 3 5 3 0 3 0 1 0 7 2 0 45744339423745474544 4444 4219215-Jul-2005
SOSO1045418 3 612 617 2 2 5 4 2 1 2 3 2 48514741485650664346 4948 5419215-Sep-2005
SOSO1047618 2 0 1 1 5 0 0 3 0 0 0 6 2 0 45704339383841473942 4444 4219215-Jun-2005
SOSO1049818151717 4 9 3 010 4 0 1 3 4 1 48555164666446534542 4456 5418215-Jan-2005
SOSO1051918 3 3 4 5 8 2 0 7 0 0 0 5 7 1 45656241434348514342 4451 4218215-Jan-2005
SOSO1053118 0 3 1 2 2 0 0 0 1 0 0 7 1 0 45743935433843423942 4439 4519215-Jan-2005
SOSO1054318 0 0 5 0 2 213 0 4 4 010 0 1 45893535384539424350 7739 5418215-Dec-2004
SOSO1055518                                                         17215-Jan-2004
SOSO1057018 2 0 3 3 3 2 3 4 0 3 0 5 4 2 45615342414248464548 5248 4319115-May-2005
SOSO1059218 7 7 9 8 8 61010 7 7 4 0 4 4 62415351535258545355 6859 6419115-May-2005
SOSO1060718 0 2 1 1 2 1 0 0 0 0 0 7 2 0 45744335423841424142 4439 4219215-Feb-2005
SOSO1061518 1 0 0 0 0 2 0 0 0 0 010 0 0 45823740413742414542 4441 4319115-Feb-2005
SOSO106281810 3 2 5 0 9 0 5 1 2 0 1 1 0 45454157474152416046 4450 4618115-Jan-2004
SOSO1063018 411 6 211 8 213 5 0 1 4 5 2 48605443564643565542 4961 5719215-Mar-2005
SOSO1064218131521192310 617 7 5 2 1 4 0 53455362677279786251 5971 6419115-Dec-2004
SOSO1065618 7 9 9 6 5 710 5 7 7 6 514 5 64658849535150475356 7048 6319215-Feb-2005
SOSO1067418151014131410 210 5 1 3 2 5 2 54515464555963615944 4956 5719215-Jan-2005
SOSO1068918 2 2 0 6 0 2 0 1 0 0 0 8 0 0 45793539423750384342 4441 4219215-Feb-2005
SOSO1072318121215101310 915 8 7 1 0 7 2 48416258586157605956 6764 6619215-Dec-2005
SOSO1073518 8142010 616131511 8 6 1 2 7 70454553667061517457 7568 7619115-Sep-2005
SOSO1077918 0 1 0 1 0 1 0 0 0 0 0 7 1 0 45704138433744414342 4441 4319115-Feb-2005
SOSO1078418 3 5 3 5 3 1 1 8 1 1 0 5 6 0 45616044504252464344 4755 4619115-Aug-2005
SOSO1079618 0 0 0 0 0 0 0 0 0 0 010 0 0 45823738413742414142 4441 4319115-Feb-2005
SOSO1080418 0 1 0 0 3 0 0 1 0 0 0 5 3 0 45654735403739433942 4441 4219215-Dec-2005
SOSO1083818 613 51015 6 1 9 3 0 1 1 8 2 48466647604557635142 4754 5119215-Mar-2005
SOSO1084518 1 3 1 1 1 1 1 0 0 0 0 5 3 0 45654737433841404142 4739 4219215-Dec-2004
SOSO1085318 3 014 6 6 8 3 8 2 3 1 4 4 1 49575344416054515748 5255 4919115-Dec-2004
SOSO1088118 410 9 7 2 5 0 6 1 0 0 3 3 2 45554743555152424942 4449 4519215-Aug-2005
SOSO1090518 71012 814 7 911 6 9 2 2 3 1 51514749555654615359 6758 6018215-Feb-2005
SOSO1091818 0 0 0 0 0 0 0 0 0 0 010 0 0 45823738413742414142 4441 4319115-Apr-2005
SOSO1095918 9 6181221 6 321 311 3 315 3 58539555526765755363 5278 5219115-Feb-2005
SOSO1099318 5 0 0 2 4 2 0 0 0 0 0 6 2 0 45704345383743454342 4439 4218215-Jan-2005
SOSO1100118 1 0 5 0 0 0 0 0 1 0 0 6 1 0 45664140414642414142 4441 4619115-Mar-2006
SOSO1105018 4 5 5 312 4 0 4 0 1 0 1 2 0 45464343474545584744 4446 4219215-Feb-2005
SOSO1110218 6 0 4 2 4 2 9 5 3 5 0 3 8 2 45536849414446474551 6650 5219115-Sep-2005
SOSO1111018 3 7 3 2 6 2 5 6 4 2 0 2 4 2 45495344534246514546 5652 5519115-Mar-2005
SOSO111231810 9121122181418 915 3 5 9 2 58617257575763767971 7873 7019115-Apr-2005
SOSO1113518 1 1 1 0 1 0 0 2 0 0 0 6 1 0 45703937403839403942 4442 4220215-Nov-2005
SOSO1114718 6 3151722 6 5 8 5 4 3 2 5 1 58495649476275765349 5655 5818115-Feb-2005
SOSO1115118 8 813 7 9 4 1 3 3 1 0 0 5 2 45415451515852534744 4744 5119215-Mar-2005
SOSO1119618 8 6 82120182421 9 911 2 9 3 9149725352518373795910078 7019115-Apr-2005
SOSO1120818 4 2 0 1 0 3 0 1 0 0 0 4 2 0 45604343423741384542 4441 4219215-Mar-2005
SOSO1121618 0 1 1 2 1 1 0 2 0 0 0 7 2 0 45704538433946434342 4445 4319115-Mar-2005
SOSO1122918 2 9 5 1 4 6 0 6 0 2 3 5 5 0 54655439534541455146 4449 4218215-Jan-2005
SOSO1123418 1 115 2 4 1 1 2 1 0 0 7 4 0 45705340436246474342 4745 4619115-Nov-2005
SOSO1124118 0 8 21817 0 0 3 0 0 2 6 5 2 51705435514072663942 4444 4219215-Jul-2005
SOSO1125718131019171814 011 5 5 4 0 4 3 58415160556770686752 4458 5719215-Aug-2005
SOSO1126218 1 1 3 1 2 2 5 2 1 0 0 4 1 1 45574140434244444542 5645 4619115-Jul-2005
SOSO1127318 0 0 1 0 1 1 0 0 1 0 0 8 0 0 45793535383839404142 4439 4518215-Mar-2005
SOSO1129018 3 2 2 1 6 2 1 4 1 0 0 6 3 0 45664944454144514542 4748 4619115-Mar-2005
SOSO1130518 911232222 4 514 9 2 2 2 5 4 51515453567479744746 5763 6919215-Apr-2005
SOSO1131818 6 2 2 1 6 1 7 8 1 0 3 2 4 1 58495349454144514342 6155 4619115-Feb-2005
SOSO1132618 3 0 9 918 514 9 8 2 3 5 4 1 58615344415259705146 7857 6719115-Jul-2005
SOSO1134418 1 2 5 3 0 4 2 3 0 0 0 4 0 0 45573740454648414942 4946 4319115-Jan-2005
SOSO1135918 6 2 4 814 5 7 6 3 2 1 2 5 2 49495649454458635146 6152 5218115-Mar-2005
SOSO1138718 91311 914101112 6 7 2 0 7 1 51416253605455615956 7259 6018215-Mar-2005
SOSO1139318 2 0 5 1 1 2 3 4 4 9 1 6 1 3 49664142414644434559 5248 5518115-Mar-2005
SOSO1140718 1 2 7 2 7 4 0 4 1 0 0 3 4 0 45555137424843504742 4446 4518215-Jun-2005
SOSO1141518 1 3 1 1 3 2 0 0 0 0 0 2 1 0 45513937433841434342 4439 4218215-Mar-2005
SOSO1143018 0 0 0 0 0 1 0 2 0 0 0 8 0 0 45743738413742414342 4445 4319115-Sep-2005
SOSO1144218 2 1 2 1 1 1 0 2 0 0 0 3 1 0 45534142434144434342 4445 4319115-Jun-2005
SOSO1147418 2 4 5 1 8 1 0 1 0 0 0 4 3 0 45604739454541514142 4441 4219215-Feb-2005
SOSO114911816 6 8 817 3 1 9 2 0 3 110 1 54467366485054664542 4754 4818215-Jan-2005
SOSO11504181111261212 61115 811 0 1 6 3 45465856567861585163 7264 6618215-Jun-2005
SOSO1152018152125112325 822171014 0 510 91415464737759768961 6476 9318215-Jan-2005
SOSO1153818 0 1 2 1 2 1 3 0 1 0 1 4 3 1 49574938434144444342 5241 4618115-Jul-2005
SOSO1155318141416141215 81110 3 1 1 4 5 49455364666469607248 6461 7319115-Sep-2005
SOSO1157718 610 4 715 9 7 8 5 0 0 1 5 0 45465447554352635742 6253 5719215-Sep-2005
SOSO1158118 1 1 4 0 3 0 0 1 1 0 0 4 1 0 45603937404339433942 4441 4518215-Jun-2005
SOSO1159918 2 4 3 2 8 3 812 0 2 0 4 4 2 45575342484246544746 6462 4318115-Mar-2005
SOSO116001811 811 8 7 9 112 2 1 5 112 1 66458458555558526044 4762 4918115-Jun-2005
SOSO116131812 7241214111410 9 9 6 011 7 70418060537765636459 7859 7018115-Mar-2005
SOSO1162118 3 610 3 6 4 5 3 5 2 0 4 6 4 45605841485345484746 5744 5718215-Apr-2005
SOSO1163718 5 3 2 413 8 6 4 3 3 3 7 6 1 54745845434046605548 5946 5118215-Apr-2005
SOSO1164918 0 0 0 2 6 0 3 2 1 4 0 8 2 0 45794335383743483950 5242 4519215-Jan-2006
SOSO1165418 0 2 0 0 7 0 0 3 0 0 0 9 3 0 45784938453742524142 4446 4318115-May-2005
SOSO1166518 0 0 2 0 0 0 0 0 0 0 0 8 1 0 45793935384039383942 4439 4218215-Apr-2005
SOSO1167618151724131823 516141916 410 9100577666717767708978 5670 8519115-Apr-2005
SOSO1168218 0 0 2 0 1 1 3 4 1 0 0 9 0 0 45783738414142434342 5248 4618115-Mar-2005
SOSO1171718 1 715 513 3 011 6 0 2 4 5 1 53575640536252624742 4461 6118115-Jan-2005
SOSO1175818 816231614 719201515 2 213 3 51518551657468615371 9273 8718215-Apr-2005
SOSO1177218 9 215 610 4 3 3 4 2 1 3 8 1 48556653426150554746 5244 5419215-Nov-2005
SOSO1178618 1 0 1 1 3 0 1 3 0 1 2 7 2 1 51744337383841433944 4744 4219215-Dec-2005
SOSO1179418 613 3111412 410 7 1 3 2 9 4 58497249644263636644 5459 6418115-Aug-2005
SOSO1180618 0 0 1 0 0 1 0 0 0 0 0 7 0 0 45703738413942414342 4441 4320115-May-2006
SOSO1181918 3 1 2 1 3 1 0 0 1 0 0 5 0 0 45653541404041434142 4439 4518215-Jun-2005
SOSO1187018 2 0 0171110 0 3 0 5 2 4 4 1 51605139383770565952 4444 4218215-Apr-2005
SOSO1188818 7 5 4 718 3 2 7 0 6 0 210 0 45517349474352684554 4951 4218215-Sep-2005
SOSO118921810 5 11010 5 0 8 0 0 0 412 0 45608154473857554942 4453 4219215-Feb-2006
SOSO1190318102316192119 8141610 7 0 6 9 68415854766273737761 6463 9019215-Jul-2005
SOSO1191118 0 0 0 0 0 1 0 0 0 0 0 8 0 0 45793535383739384142 4439 4219215-May-2006
SOSO1192418 0 0 1 0 0 0 1 2 1 0 0 8 0 0 45743738413942414142 4745 4619115-Sep-2005
SOSO11939182424272424272727242727 0 0111004135817880827793941008510019215-Sep-2005
SOSO1194618 1 0 1 0 0 0 0 0 0 0 0 7 0 0 45743537383839383942 4439 4219215-Feb-2006
SOSO1195218 0 0 0 0 0 7 0 0 0 0 0 9 0 0 45783738413742415542 4441 4318115-May-2005
SOSO1196718 3 1 0 2 4 3 0 4 0 3 0 6 5 0 45665644433746474748 4448 4318115-May-2005
SOSO1197818 7 311 2 110 6 7 6 1 0 1 3 3 45464749435443405944 5951 6018215-Jan-2005
SOSO1198018 3 415 8 8 0 1 4 5 1 3 3 3 2 54554741456154513944 4746 5718215-Jul-2005
SOSO1199518 2 610 714 6 5 3 4 6 1 3 3 1 48554739485352615154 5744 5418215-Mar-2005
SOSO1201318 1 0 4 1 3 1 0 1 1 0 0 3 3 0 45554737384341434142 4441 4518215-Mar-2005
SOSO1203718 5 412 5 4 321 81019 6 4 4 6 64605145455648454578 9753 7218215-Mar-2005
SOSO12054181810211211101115 710 3 0 8 6 54416670557061565961 7264 6319215-Apr-2005
SOSO1207618 2 0 1 0 0 2 2 1 2 0 0 5 0 0 45613742413942414542 4943 4918115-Jan-2005
SOSO1208218 4 2 2 5 4 8 2 5 2 1 0 2 2 0 45514343424048455544 4948 4818215-Sep-2005
SOSO1209818 9 511 910 7 7 4 0 7 0 210 1 45497655505559575555 6148 4318115-Jan-2005
SOSO1211418 1 0 0 0 0 0 0 0 0 0 0 7 0 0 45703740413742414142 4441 4319115-May-2006
SOSO121221810 813 813 9 118 6 0 4 010 1 58417354515854605742 4769 6019215-Nov-2005
SOSO1215018 0 0 1 0 0 0 3 0 0 0 0 9 0 0 45783738413942414142 5241 4318115-Aug-2005
SOSO1216918 1 416 0 3 214 310 2 3 5 9 1 54657037456239434346 8044 7218215-Mar-2005
SOSO1217518 0 0 0 1 1 214 0 6 0 0 9 2 2 45784538413744434542 7841 6118115-Jun-2005
SOSO1219718 2 2 7 713 0 4 5 3 0 2 4 3 0 53574942454956624142 5450 5218115-Feb-2005
SOSO1220918 7 4 7 1 0 3 2 1 2 4 0 2 4 0 45495351484944414749 4943 4919115-Jul-2005
SOSO1221718 2 3 3 1 6 1 0 1 0 1 0 5 2 0 45654339434141484144 4441 4218215-Apr-2005
SOSO1222518 4 3 2 3 9 3 0 6 0 0 0 3 3 0 45554743434045534542 4449 4218215-Apr-2005
SOSO122401810 8111219 8 112 5 9 0 010 1 45417354515461695559 4759 5718215-Apr-2005
SOSO1226118 314 913 9 3 011 0 8 0 211 2 45517741615163534557 4458 4218215-Mar-2005
SOSO1227218212224202117 21814 2 8 0 2 7 71414376747575737346 4969 8419215-Aug-2005
SOSO1229418 2 0 6 1 8 5 3 6 2 4 2 1 8 0 53456842414744545149 5252 4918115-Apr-2005
SOSO1230618 4 2 8 3 1 2 0 1 1 0 0 2 2 0 45514343425045404342 4441 4519215-Sep-2005
SOSO1231918 918 8 81616 018 2 7 2 1 4 4 51465153685054647156 4469 4819215-Dec-2005
SOSO1232718 3 0 1 2 0 0 0 0 0 0 0 5 0 0 45613744413946414142 4441 4319115-Feb-2006
SOSO1233118 2 5 3 8 8 0 0 0 0 0 0 5 6 0 45655839474154513942 4439 4218215-Jun-2005
SOSO1234318 2 1 2 3 2 1 0 0 1 0 0 6 3 0 45704739404045424142 4439 4519215-Mar-2006
SOSO1235518 6 513 920 1 0 5 3 0 0 1 4 0 45465147475855714142 4448 5118215-Jul-2005
SOSO1236418 8 3 3 1 5 4 2 2 4 0 3 1 2 2 54464351434141474742 4942 5418215-Sep-2005
SOSO1237018 4 0 1 0 0 2 0 0 0 0 0 7 1 0 45704146413942414542 4441 4318115-Jun-2005
SOSO1239218 0 0 2 0 0 1 0 0 0 0 0 7 1 0 45743935384039384142 4439 4218215-Aug-2005
SOSO1241618 2 2 4 2 6 2 0 2 0 1 0 5 4 0 45655139424343484344 4442 4218215-Jul-2005
SOSO1243418 0 1 1 1 0 0 5 2 0 2 0 9 0 0 45783738433944414146 5645 4318115-Feb-2005
SOSO1244118 0 1 0 2 0 0 0 0 0 0 0 9 0 0 45783738433746414142 4441 4318115-Mar-2005
SOSO1246218 4 6 7 916 5 4 8 2 7 2 2 9 3 51517043484855644956 5453 4818215-Mar-2005
SOSO1247318101522 4 5 6 4 6 4 4 1 0 2 4 49414557677450495349 5452 5518115-Jul-2005
SOSO1249018 1 0 1 1 0 1 0 0 0 0 0 6 1 0 45703937383841384142 4439 4219215-Nov-2005
SOSO125031810 7 61618 5 0 6 0 1 0 1 8 0 45466654504668684944 4449 4218215-Jun-2005
SOSO1252418 1 4 0 3 4 2 5 7 2 7 0 6 8 1 45666840483748474555 5654 4918115-Sep-2005
SOSO1253918 0 4 0 2 4 0 0 0 0 0 0 8 3 0 45794735453743453942 4439 4219215-Feb-2006
SOSO1255218 5 3 6 210 6 4 1 1 2 1 0 8 0 48416645434643555146 5441 4518215-Jul-2005
SOSO1256718 921 3 61418 213 0 0 5 1 6 2 61465853734150617542 4961 4218215-Sep-2005
SOSO1257818 5 714 512 3 1 6 4 2 4 0 5 1 58415445505948584546 4749 5418215-Sep-2005
SOSO1258018 1 0 3 2 2 3 0 4 0 0 0 6 3 0 45704737384143424542 4446 4219215-Jan-2006
SOSO1259518 0 0 0 0 0 1 0 0 0 0 0 6 1 0 45664138413742414342 4441 4319115-May-2006
SWSW2001018 11311 411 6 2 8 5 0 0 3 4 2 45555137605446565142 4953 5719215-Sep-2006
SWSW2003518 1 2 410 7 2 0 0 0 1 0 4 3 0 45604737424357504344 4439 4218215-May-2005
SWSW2005118 0 0 1 0 0 0 3 0 0 0 2 9 0 1 53783738413942414142 5241 4319115-Sep-2006
SWSW2006818151520202012 014 9 2 4 0 4 8 58415164636975716346 4463 6919215-Jul-2006
SWSW2007918181417242116 4 9 5 9 6 0 2 7 64414370616482737159 5454 5719215-Jan-2006
SWSW2009618212216222013 519 9 5 4 0 3 7 58414776746279716552 5771 6919215-May-2006
SWSW201031817 51413 811 210 6 4 2 0 5 1 51415468475963516150 4956 6019215-Jan-2007
SWSW2011118 0 0 0 0 0 0 0 0 0 0 0 8 2 0 45794335383739383942 4439 4220215-Feb-2007
SWSW2014618 0 0 0 0 0 1 0 0 0 0 0 7 0 0 45703738413742414342 4441 4320115-Oct-2007
SWSW2017818 2 1 1 9 4 2 1 2 2 1 0 9 5 0 45845439403855454344 4742 4819215-Jun-2007
SWSW2018018 1 4 0 0 0 0 2 0 0 0 0 4 2 0 45604337453739383942 4939 4219215-Oct-2006
SWSW2019518 6 0 8 0 0 0 0 4 0 0 0 5 6 0 45655847385039383942 4446 4218215-Aug-2006
SWSW2022818172117181818 222 6 712 1 4 7 84465168736472687556 4976 6019215-Jan-2007
SWSW202301811 5 9 8 613 211 1 9 1 0 6 0 49416058505258516859 4961 4619115-Dec-2007
SWSW2024218 0 0 0 0 5 1 2 0 2 2 0 8 1 0 45744138413742494346 4941 4919115-Apr-2007
SWSW2026318 71115 5 0 4 0 4 1 0 1 3 2 5 48554349566148384742 4446 4519215-Oct-2006
SWSW2027418 3 9 6 2 5 2 0 0 2 2 3 4 5 0 54605441534643474346 4439 4818215-Dec-2005
SWSW2030918 0 3 4 2 1 0 6 0 3 2 1 4 4 1 48605135434343403946 5939 5119215-Sep-2006
SWSW2034018 3 4 2 1 0 2 0 0 0 0 0 3 1 0 45553941454041384342 4439 4219215-Mar-2006
SWSW2036118 2 1 5 1 0 2 3 2 0 0 0 4 1 1 45574142434644414542 5245 4319115-Oct-2006
SWSW2037218 3 1 9 0 4 4 3 2 2 0 3 2 4 3 54515141405139454742 5242 4819215-May-2007
SWSW2041918 4 0 1 2 2 0 0 2 0 0 0 3 3 0 45554743383843423942 4442 4219215-Sep-2007
SWSW2042718 3 1 2 1 1 0 2 2 1 0 0 5 3 0 45614944434144434142 4945 4619115-Nov-2006
SWSW2043118172420202019 014 4 710 0 2 5 86414569837081738155 4466 5519115-Dec-2006
SWSW2044318                                                         19215-Apr-2007
SWSW2046418 2 2 2 0 7 0 0 1 0 0 0 4 2 0 45604339424039503942 4441 4219215-Jul-2007
SWSW2048818 1 4 3 8 6 3 0 3 0 0 0 2 3 0 45514737454154484542 4444 4219215-May-2008
SWSW2050018 4 915122011 0 7 3 9 0 210 1 45517343536161716159 4451 5119215-Feb-2007
SWSW2051318 4 0 3 0 0 0 4 0 2 5 0 5 1 1 45614146414242414151 5441 4920115-Mar-2008
SWSW2059818 1 1 1 0 0 2 0 0 0 0 0 5 1 0 45653937403839384342 4439 4218215-May-2007
SWSW2061418 5 4 7 3 3 4 110 3 3 0 2 5 2 45495648484948464948 4759 5218115-Jun-2007
SWSW2062218 3 2 1 1 3 8 0 2 0 0 0 5 1 0 45614144453944465742 4445 4319115-Apr-2007
SWSW2066918 4 11314 9 7 4 6 6 0 0 6 8 0 45666846435969555542 5452 6119115-Sep-2007
SWSW2069718 5 4 3 5 4 014 1 6 7 0 2 7 3 45516245454148453956 8041 6020215-Aug-2008
SWSW2070818201315191417 011 3 3 6 0 6 4 64415874606173617348 4458 5119215-Feb-2008
SWSW207161815212424242519241512 9 1 9 6 74467064737582778965 9280 8720215-May-2008
SWSW2072918 1 1 4 1 3 3 0 1 0 0 0 5 1 0 45653937404341434542 4441 4219215-May-2007
SWSW2074118 1 3 2 1 4 2 0 0 0 0 0 5 3 0 45654737434041454342 4439 4218215-Jul-2007
SWSW2075718 6 2 7 014 6 2 2 0 3 0 2 7 0 45516247424839615148 4942 4218215-Jul-2007
SWSW2076218 2 6 2 0 3 1 0 3 0 0 0 4 4 1 45605139484039434142 4444 4218215-Nov-2007
SWSW2077318 0 0 0 0 0 0 0 0 0 0 0 8 0 0 45743738413742414142 4441 4318115-Dec-2006
SWSW2079018 0 1 1 0 0 1 1 0 1 0 0 7 0 0 45743535403839384142 4739 4519215-Feb-2007
SWSW2081818 5 515 5 5 0 7 5 515 0 3 3 1 45534948506252494171 6150 5818115-Jun-2006
SWSW2082618 0 1 1 2 0 1 1 1 0 0 0 6 2 1 45704335403843384142 4741 4219215-Dec-2006
SWSW208591815151918 8 81016 611 8 210 6 78497666676977545763 6870 6118115-Jul-2007
SWSW208601810 611131011 912 5 7 7 0 7 4 68416254485463556156 6759 5719215-May-2007
SWSW2088718 811 71512 5 7 7 2 1 3 0 9 3 54417051564866584944 6251 4819215-Nov-2007
SWSW208931810 5 8 0 5 3 5 4 4 0 1 3 6 0 48555854475039474542 5746 5418215-Nov-2006
SWSW2092018 0 0 0 0 0 0 1 0 0 0 0 9 1 0 45784138413742414142 4741 4318115-May-2007
SWSW2093818191815161314 512 71515 0 4 8 94415172686168606771 5759 6318215-Mar-2007
SWSW2094518                                                         19115-Sep-2008
SWSW2096618 1 4 5 0 0 6 0 1 0 0 0 7 6 0 45706040484642415342 4443 4318115-Jun-2007
SWSW2098118 2 2 1 0 2 6 0 4 3 5 0 5 3 0 45614942453942445351 4448 5218115-Jun-2007
SWSW2100718 7 012 1 2 9 0 2 1 0 5 6 3 2 66664951415744446042 4445 4619115-Jun-2008
SWSW2101518 0 2 1 2 1 0 0 0 0 0 0 4 1 0 45574138453946434142 4441 4319115-Sep-2006
SWSW2102818 5 1 7 6 7 2 0 8 2 0 0 3 6 0 45555845404850504342 4453 4818215-Sep-2007
SWSW2107418 1 8101017 6 3 6 3 2 3 3 6 1 58536040555461685346 5252 5218115-Feb-2008
SWSW21089181118 92123 9 1 7 9 6 8 0 7 6 71416256685177765754 4751 6918215-Feb-2008
SWSW2115718                                                         18215-Feb-2007
SWSW2116218 3 2 1 6 6 1 0 3 1 3 0 4 4 0 45605141423850484148 4444 4519215-May-2007
SWSW2118518 3 7 5 0 2 4 2 4 2 2 0 3 4 1 45555141504539424746 4946 4818215-Sep-2007
SWSW2119018111618162012 016 5 0 1 1 5 0 48465456656668716342 4466 5718215-Jul-2007
SWSW212021810 3 41310 8 5 6 2 6 3 2 3 4 58494957474467575753 5652 4918115-Aug-2007
SWSW2121018 0 2 1 2 3 0 0 0 0 0 0 7 3 0 45704938453946464142 4441 4318115-Feb-2008
SWSW2124718 1 5 2 411 6 0 6 0 0 0 4 3 1 45604737474046565142 4449 4218215-Nov-2007
SWSW2125118 2 2 3 0 1 1 0 0 0 2 0 2 3 0 45514739424139404146 4439 4218215-Feb-2008
SWSW2126818 2 3 3 5 9 4 1 2 1 4 3 5 3 1 54654739434148534750 4742 4518215-Nov-2007
SWSW2128418 1 0 0 1 0 3 0 1 0 0 0 9 0 0 45783740413744414742 4443 4319115-Oct-2008
SWSW2129618 1 5 2 1 2 0 0 2 0 1 0 4 3 0 45604737474041423944 4442 4218215-Jan-2008
SWSW21312181310162421191317 91711 0 4 5 91415362596489758174 7571 7019115-Jul-2008
SWSW21345181216242022222119151814 0 8 8100416860697781768776 9475 8818115-Jul-2008
SWSW2135318 3 2 3 2 6 0 0 1 0 1 0 1 5 1 45455644454246514144 4443 4318115-May-2008
SWSW2136618 0 3 0 0 5 1 0 0 0 0 0 9 0 0 45843535433739474142 4439 4218215-May-2008
SWSW2137718 4 0 1 2 0 5 0 1 1 0 0 5 4 0 45615346413946415142 4443 4619115-Feb-2009
SWSW2138118 0 0 3 2 0 1 0 2 0 0 0 6 1 0 45664138414246414342 4445 4318115-Apr-2009
SWSW2140118 3 8 6 9 8 4 0 6 4 1 3 3 2 5 58534544554759544944 4452 5518115-Jan-2009
SWSW21436181214261011 1 9211214 0 110 1 45467358617857564169 6774 7818215-Nov-2008
SWSW2144818 719 910 717 617 5 7 2 1 9 9 51467049695157507356 5968 5719215-Mar-2010
SWSW2145018 0 2 6 0 0 2 0 1 0 0 0 6 5 0 45665638454742414542 4443 4319115-May-2009
SWSW2146918111417101413 813 616 9 0 8 8 82416858666561636873 6464 6118115-Feb-2009
SWSW2148318 2 3 3 1 3 5 1 3 1 0 0 4 2 0 45604339434141434942 4744 4519215-Aug-2009
SWSW2152618 1 0 3 1 0 1 0 0 0 0 0 8 0 0 45793537384141384142 4439 4218215-Apr-2009
SWSW2153218192225212120 22210 119 0 8 8100416672747777737944 4976 7218215-Mar-2009
SWSW215441810 524 5 2 5 1 510 2 0 0 4 1 45415154477548424946 4748 7218215-Apr-2009
SWSW2155918 3 0 2 1 1 2 7 2 3 1 0 7 3 0 45704944414144434544 6145 5218115-Feb-2009
SWSW2157118 5 9101220 3 516 6 0 1 511 0 48657745535361714542 5766 6019215-Oct-2009
SWSW2158718 0 0 1 0 0 0 0 0 0 0 010 0 0 45893535383839383942 4439 4219215-Aug-2009
SWSW2160618121212151712 615 4 7 1 0 8 5 49416860625771686655 5968 5518115-Feb-2009
SWSW2161918 0 0 1 0 0 2 0 0 0 0 0 8 0 1 45743738413942414542 4441 4318115-Feb-2009
SWSW2162718 0 0 0 0 0 010 0 4 2 010 0 1 45823738413742414146 6841 5518115-Nov-2008
SWSW2173918192413232222 52512 511 0 610 81415872785881748352 5781 7818215-Sep-2008
SWSW2174618 713 6 713 3 2 4 2 0 4 3 5 3 62535651644756624742 4948 4919115-Sep-2009
SWSW2175218 8 7 6 410 4 013 1 2 1 0 5 4 49415653534750574946 4464 4618115-Oct-2008
SWSW2177818 1 216 311 4 0 2 3 0 0 3 5 0 45555437426245564742 4442 5119215-Feb-2010
SWSW2178018 2 1 1 1 0 1 0 0 0 0 0 6 0 0 45703539403841384142 4439 4220215-Jun-2010
SWSW2180018 0 2 5 1 0 3 0 0 1 0 0 3 1 0 45553935424541384542 4439 4518215-May-2008
SWSW2183718 6 5 6 3 9 4 2 9 5 6 6 0 4 1 70415349504748554953 4957 5819115-Jul-2008
SWSW2189818 3 1 5 3 2 2 4 2 1 0 0 3 5 2 45535644434648444542 5445 4618115-Jul-2008
SWSW21917181616181616181818161820 0 012100413566656668647576 9069 9018215-Aug-2008
SWSW2193318 3 1 5 0 2 5 3 6 1 1 1 1 2 0 48464341404539424944 5249 4518215-Mar-2007
SWSW2198618                                                         18215-Sep-2008
SWSW2201918 0 0 2 1 2 1 1 0 1 1 0 5 2 0 45654335384041424144 4739 4518215-Jan-2008
SWSW2203118 6 5 5 1 9 2 3 5 0 0 0 1 4 0 45465147474541534342 5248 4219215-Nov-2008
SWSW2204318 1 2 3 3 1 3 5 3 1 9 0 6 3 0 45704737424145404559 5744 4518215-Dec-2007
SWSW2207018 2 0 0 0 1 0 1 2 0 0 0 9 0 0 45783742413742434142 4745 4319115-Aug-2007
SWSW2212818 1 0 0 1 2 0 0 0 0 0 0 9 0 0 45783740413744444142 4441 4318115-Jan-2008
SWSW22189181221201215 9 51912 6 1 0 5 8 48415458736961635754 5771 7818215-Dec-2008
SWSW2219118 81111 6 7111510 6 3 0 4 9 3 45577253605554526448 8059 6118115-May-2008
SWSW2221118 71714 8 9 5 0 7 4 0 1 0 8 1 48416649665954534942 4451 5418215-Feb-2009
SWSW2222418 1 1 1 1 3 4 0 0 0 0 0 5 2 0 45654337403841434742 4439 4218215-Jul-2009
SWSW2224618 2 5 6 1 1 2 0 3 0 0 0 1 5 0 45465439474641404342 4444 4218215-Jul-2009
SWSW2225218                                                         18115-May-2008
SWSW2226718 5 512 6 110 6 5 7 814 4 4 5100575348505754436257 5950 6418115-May-2009
SWSW2229518 0 0 0 0 0 0 0 0 0 0 010 0 0 45823738413742414142 4441 4318115-Jun-2009
SWSW2230018 3 3 9 4 0 2 4 3 2 1 1 1 3 2 49454944475250414544 5446 4918115-Feb-2009
SWSW2231318 3 3 0 3 0 2 4 1 1 1 0 5 0 1 45653541433745384344 5441 4518215-May-2009
SWSW2234918 1 3 9 313 6 4 3 2 2 0 6 5 1 45665640475248625346 5446 4918115-May-2009
SWSW2239818 3 1 5 1 1 3 5 3 3 3 1 2 3 1 49494944434644434748 5646 5218115-Feb-2009
SWSW2240218 0 0 1 1 1 0 0 0 0 0 010 1 0 45893935383841403942 4439 4218215-Jul-2009
SWSW2241018 0 2 0 1 2 0 0 1 0 0 0 4 2 0 45604335423741423942 4441 4218215-Apr-2009
SWSW2244718 1 3 4 2 5 4 0 4 2 0 0 4 2 1 45604337434343474742 4446 4818215-Apr-2009
SWSW2245118                                                         18215-Apr-2009
SWSW2246818 2 2 2 310 2 2 2 0 0 0 7 2 0 45704542454148574542 4945 4318115-Jun-2009
SWSW2248418 7 4 52015 4 1 3 0 1 1 1 6 0 48465849454575634744 4744 4218215-Jun-2009
SWSW2250918 0 0 4 0 0 0 0 0 1 0 0 6 0 0 45663738414442414142 4441 4618115-Jul-2009
SWSW2251718 1 2 2 0 3 2 0 0 0 1 0 9 1 0 45784140454142464544 4441 4318115-Jun-2009
SWSW2252518 2 4 9 5 2 0 0 0 2 0 1 5 5 1 48655439455148423942 4439 4819215-Mar-2010
SWSW2253318 3 012 6 5 1 1 4 2 0 2 3 4 0 53535344415754494342 4748 4918115-Aug-2009
SWSW2255818 3 1 1 2 5 1 0 0 0 0 0 5 3 0 45614944433946494342 4441 4318115-Jun-2009
SWSW2256118 3 6 8 3 8 218 8 8 6 1 311 2 49538044525148544553 8755 6718115-Jun-2009
SWSW2259418 8 4 4 5 9 6 014 0 0 2 3 8 0 53536853484452555342 4466 4318115-May-2009
SWSW2260518 610101315 7 3 5 1 0 0 2 8 3 45516647555363635342 5248 4518215-Nov-2007
SWSW2262618121724242213 021 8 0 8 2 5 5 71515458667582746542 4474 6618215-Aug-2008
SWSW2264418 2 6 8 1 6 4 1 5 2 4 1 2 3 2 48514739485041484750 4748 4818215-Jul-2009
SWSW2265918 8 8 3 0 4 9 2 8 4 2 2 1 3 1 53454953554242476046 4955 5518115-Sep-2009
SWSW2267118 5 414 811 6 410 1 0 0 0 7 0 45416245455954565142 5456 4518215-Jul-2009
SWSW2271218 0 0 0 0 0 0 0 0 0 0 0 9 0 0 45783738413742414142 4441 4318115-Jan-2006
SWSW2272018 0 1 1 1 1 5 4 0 1 4 0 7 0 0 45743535403841404950 5439 4518215-Apr-2009
SWSW2274518 0 2 2 0 1 2 0 0 0 0 0 5 1 0 45653935424039404342 4439 4218215-Aug-2008
SWSW2275318 0 0 3 0 0 0 0 3 0 2 0 9 1 0 45784138414242414146 4446 4318115-Jul-2008
SWSW2276618 0 0 0 0 0 0 0 0 0 0 010 0 0 45893535383739383942 4439 4218215-Jul-2009
SWSW2278118 81721102010191514 5 0 1 9 6 45467051667057715952 9264 8418215-Jun-2009
SWSW2279918 2 814 0 2 3 3 3 5 2 0 3 2 0 45554339515939424546 5244 5719215-Oct-2009
SWSW228011811 7 6111310 0 7 2 010 1 6 3 78465856504659605942 4451 4819215-Mar-2010
SWSW2285018 82421141016 01211 1 8 2 4 8 78495353837269577444 4462 7619115-Sep-2009
SWSW2286918 910 9 7 51019141219 3 1 8 3 54466653555152475978 9263 7818215-Feb-2009
SWSW22875181111 218151815151013 7 1 8 5 68466656564072637567 8264 7218215-Nov-2008
SWSW2289718 8 5 9 2 7 6 4 7 6 9 0 2 5 1 45495653505246525359 5454 6118115-Aug-2009
SWSW2293418 713171519 5 0 8 3 0 2 2 4 5 53495351646571715142 4455 5218115-Jun-2009
SWSW22962182023242221162224162521 1 4 810046517476757973719010080 9018215-Sep-2009
SWSW2297318 2 4 4 5 0 4 0 1 1 0 3 3 3 0 58534942484452414942 4443 4619115-Mar-2010
SWSW2299018111923 3 6 6 015 7 2 0 0 5 3 45415456697445485146 4464 6319215-Apr-2010
SWSW2301618 0 3 1 4 3 1 7 3 2 2 0 5 4 2 45615338473950464346 6146 4918115-May-2008
SWSW2302918 0 0 0 0 0 0 0 0 0 0 0 9 0 0 45843535383739383942 4439 4218215-Feb-2009
SWSW2303418 0 0 2 1 0 0 2 0 2 0 0 8 0 0 45743738414144414142 4941 4919115-Jun-2008
SWSW23041181714181312 817181218 6 210 7 70497669666767605776 8573 7919115-Mar-2007
SWSW2306218111020 7 210 913 812 1 0 4 5 49415358597056446265 6664 6719115-Dec-2006
SWSW2308518 2 4 5 8 4 3 0 2 1 0 0 5 7 0 45656239454554454542 4442 4518215-Feb-2009
SWSW2309018 0 2 1 3 0 0 0 0 0 0 0 6 1 0 45703935423845383942 4439 4218215-Aug-2009
SWSW2310918 31318121411 91310 7 0 2 5 3 45515441606661616156 6761 7218215-Aug-2009
SWSW2312518 0 7 3 4 5 2 1 7 0 1 0 4 4 0 45575338534250494544 4754 4318115-Oct-2009
SWSW2313318 812 5101712 512 1 8 0 1 4 2 45465151584557666357 5759 4518215-Sep-2009
SWSW2314018 4 1 0 6 6 2 0 0 0 0 3 6 3 1 54704743403750484342 4439 4218215-Nov-2009
SWSW2317218 7 6 6131612 0 6 1 4 0 3 5 3 45555449484663646350 4449 4518215-Apr-2009
SWSW2319418 5 510 6 3 2 3 8 5 5 1 1 4 2 49455348505454464551 5255 5818115-Apr-2009
SWSW2320118 3 6 1 6 1 3 0 5 0 0 0 4 5 0 45605441483850404542 4448 4219215-Apr-2010
SWSW2330318 4 5 6 710 5 0 1 0 0 1 1 2 0 48464343474652554942 4441 4218215-Aug-2009
SWSW2333918 2 4 3 2 3 7 2 3 1 1 1 4 3 3 48604739454143435344 4944 4518215-Aug-2009
SWSW2334618 3 0 9 0 0 2 0 4 4 1 0 6 1 2 45664144415242414544 4448 5518115-Jul-2008
SWSW2336718 0 2 4 0 0 0 0 1 1 0 0 5 2 0 45654335424339383942 4441 4518215-Feb-2008
SWSW2340018 0 0 0 2 0 0 0 0 0 0 0 8 3 0 45794735383743383942 4439 4218215-Mar-2010
SWSW2344918131212151710 010 2 0 0 2 4 2 45515160585666665942 4456 4818215-Sep-2009
SWSW2345418 0 0 0 0 0 1 0 0 0 0 0 8 0 0 45793535383739384142 4439 4218215-Apr-2009
SWSW2347618 1 7 6 4 2 1 3 0 1 0 0 5 6 0 45655837504646424142 5239 4518215-Feb-2010
SWSW2348218 3 3 2 4 2 7 5 5 012 0 6 6 2 45666044474150445565 5650 4318115-Jan-2010
SWSW2349818 5 010 2 913 010 0 7 3 210 1 58497648415446556855 4459 4318115-Nov-2007
SWSW2351918 0 1 1 0 3 2 1 1 1 0 0 4 1 0 45574138433942464542 4743 4618115-Nov-2009
SWSW2353118 5 6 6 4 1 4 0 4 0 2 0 1 3 3 45454948524750434946 4448 4318115-Oct-2009
SWSW2354318 2 1 9 2 3 7 3 5 2 1 0 5 3 2 45614942435246465544 5250 4918115-Mar-2010
SWSW2355518 2 3 2 3 7 3 1 1 0 3 0 6 4 0 45665342474148524748 4743 4318115-Feb-2010
SWSW2356418 7 813 2 3 81812 811 3 4 7 5 58576451555946465763 8762 6718115-Mar-2010
SWSW2363018 1 0 2 3 6 5 4 4 1 7 1 6 3 1 49664940414148515155 5448 4618115-May-2009
SWSW2364218 2 5 1 711 1 1 2 1 0 0 2 4 0 45515139473852564142 4742 4518215-Dec-2007
SWSW2366318 5 3 0 1 9 3 0 3 0 0 0 7 3 0 45744745433741534542 4444 4218215-Jun-2009
SWSW2368918 8 3 510 917 015 0 6 6 2 5 4 64515451434557537354 4464 4218215-Nov-2009
SWSW2369118 6 717 5 410 0 7 1 0 0 1 2 0 45464347506448455942 4451 4518215-Oct-2009
SWSW2370218 2 2 2 5 4 5 1 3 1 1 0 5 5 0 45615642454152475144 4746 4619115-Apr-2010
SWSW2371018 1 2 2 2 4 1 0 2 0 0 0 4 4 0 45605137424043454142 4442 4219215-Mar-2010
SWSW2374718 2 5 1 5 5 3 6 1 1 4 1 3 2 0 49534542503952494749 5943 4619115-May-2010
SWSW2375118 2 1 3 1 3 2 1 2 2 0 0 4 1 0 45603939404141434342 4742 4818215-Jan-2010
SWSW2376818 2 5 4 3 9 3 0 0 1 0 0 4 3 0 45604739474345534542 4439 4518215-Jan-2010
SWSW2381218 3 2 2 1 2 1 1 0 2 0 0 5 2 0 45614544454144444342 4741 4919115-May-2010
SWSW2383818 311 9 2 3 2 0 1 2 0 0 3 3 2 45554741565143434342 4441 4818215-Mar-2010
SWSW2384518 1 0 0 3 2 0 0 0 0 0 0 9 2 0 45784540413748444142 4441 4318115-Jan-2010
