EA40015EA1215-Jan-20001214529291528163150122127120117129 97
EA40056EA1215-Jan-20001215226271618151152110105 96 95 87 96
EA40091EA1215-Mar-20001215016241115140141 81 99 56 79 78 81
EA40108EA1215-Jan-200012145142112 8131143 76 84 54 68 61 86
EA40129EA1215-Mar-20001214925261325147146106119 90 90113 89
EA40157EA1215-Nov-19991214826241323140146110115 98 79106 89
EA40185EA1215-Feb-20001214622262217147167 97103 77 92 87123
EA40247EA1215-Dec-19991215321211618131152 94105 69 65 87 96
EA40251EA1215-Feb-20001215530291729163155127129127114131101
EA40304EA1215-Aug-20011214923241022140138100113 80 79103 76
EA40401EA1215-Mar-2000121531316 6 7116128 74 82 51 51 56 62
EA40414EA1215-Mar-20001214428221425134148117119111 72114 94
EA40422EA1215-Aug-20011214826261723147155110115 98 90106103
EA40436EA1215-Feb-20001214521271614151152 94 97 72 99 77100
EA40450EA1215-Aug-20011315721302713173178 94 95 67128 69135
EA40526EA1215-Jan-2001121451621 920131136 81109 58 68 97 75
EA40560EA1215-Apr-20011214829281626156152122122118105118 98
EA40593EA1215-Feb-20011214523241021140138100111 82 81101 78
EA40627EA1215-Jul-2001121492718 617123128113103103 59 85 64
EA40631EA1215-Mar-20001214725272021151162106111 92 99101116
EA40643EA1215-Mar-20021214823272619151176100107 80 97 92135
EA40655EA1215-Oct-20011215214241110140141 76 89 52 77 63 78
EA40739EA1215-Jan-20021215014221011134138 76 91 53 70 67 76
EA40746EA1215-Jan-200112144 610 510 96124 57 89 45 33 66 61
EA40752EA1215-Apr-2002131561323 913137136 74 95 50 70 69 69
EA40767EA1215-Feb-20021215529301828173157122127117129127104
EA40780EA1215-Nov-20011214515241210140143 78 89 55 81 66 86
EA40795EA1215-May-20011214830291630163152127131128115135 98
EA40800EA1215-Dec-20001215228291920163160117109108114 94109
EA40813EA1215-Aug-20001214618282414156172 86 97 63107 77130
EA40837EA1215-Jun-20021215422252015144162 97 99 73 83 76112
EA40865EA1215-Nov-20021215216261517147150 81103 55 88 83 93
EA40876EA1215-Dec-20001214824251120144141103109 85 86 96 81
EA40917EA1215-Sep-20021214530261626147152127122129 92120100
EA40958EA1215-Nov-20021214930302230173167127131128130135121
EA40986EA1215-May-20031215128251124144141117117109 86109 81
EA40994EA1215-Apr-20021214524281619156152103107 87107 94100
EA41002EA1215-Dec-20021215228272126151164117122108 95117115
EA41010EA1215-Nov-20021215530271926151160127122127 95117109
EA41068EA1215-Jan-2003121522421 917131136103103 83 65 83 71
EA41084EA1215-Jan-20031315919271414151148 89 97 62 93 71 88
EA41096EA1215-May-20011214630292128163164127127129117129118
EA41111EA1215-Mar-20021214723261319147146100107 82 92 94 91
EA41124EA1215-Jan-20031215226251119144141110107 96 83 90 78
EA41139EA1215-Jul-2003131561214 510110124 71 89 49 43 62 57
EA41152EA1215-Sep-20021214623241018140138100105 82 81 90 78
EA41195EA1215-Jun-20031215422251114144141 97 97 73 83 73 78
EA41207EA1215-Nov-2002121462619 818126133110105 99 63 90 71
EA41230EA1215-Feb-20031214513 5 0 6 75 83 74 79 53 19 56 19
EA41242EA1215-Dec-20021214622272317151169 97103 77 99 87126
EA41274EA1215-Jan-2002121442622 922134136110113 99 72104 75
EA41289EA1215-Jan-20031214720231111137141 91 91 68 77 68 83
EA41325EA1215-Nov-2002121512122 916134136 94101 71 70 82 73
EA41333EA1215-Nov-2002121482223 918137136 97105 75 74 89 73
EA41361EA1215-Feb-20031214626281628156152110127 99107129100
EA41372EA1215-Apr-200312150192514 9144148 89 86 65 86 61 92
EA41386EA1215-Sep-2002121462223 916137136 97101 77 77 84 75
EA41394EA1215-Jun-20031114326261221147143110111100 95102 88
EA41427EA1215-Oct-20041316222191122126141 97113 70 58 98 75
EA41443EA1215-Mar-2003121451621 616131128 81101 58 68 84 65
EA43011EA1215-Sep-20011215125211418131148106105 90 67 89 92
EA43024EA1215-Aug-20011214723221021134138100111 82 72101 78
EA43039EA1215-Feb-20031315925281619156152106107 87101 89 94
EA43052EA1215-Jul-20001215027291920163160113109103115 96111
EA43067EA1215-Jul-20021215216211914131160 81 97 55 65 73109
EA43078EA1215-Sep-20011215127241423140148113115103 79106 92
EA43095EA1215-May-20011214727271523151150113115104 99107 97
EA43112EA1215-Aug-20011215122211020131138 97109 75 67 96 76
EA43138EA1215-Jun-20011315821241019140138 94107 67 75 89 72
EA43153EA1215-Dec-20011215524262220147167103109 83 88 94120
EA43166EA1215-Mar-20011114125281617156152106103 94109 89103
EA43181EA1215-Jan-20031315625251021144138106111 87 81 96 72
EA43255EA1215-Feb-20001214622251217144143 97103 77 88 87 86
EA43264EA1215-Oct-20011214627261422147148113113104 92104 94
EA43270EA1215-Feb-2002121462923 927137136122124120 77123 75
EA43334EA1215-Jul-20001214726191021126138110111 99 63101 78
EA43357EA1215-Mar-20011215121271421151148 94111 71 97 99 92
EA43390EA1215-May-20011215428241524140150117117108 77108 93
EA43459EA1215-Aug-20011215027261625147152113119103 90113 98
EA43493EA1215-Dec-200112154132513 7144146 74 82 51 83 56 87
EA43522EA1215-Sep-2001121502323 817137133100103 80 74 85 69
EA43548EA1215-Apr-20021214525261216147143106101 92 92 84 86
EA43550EA1215-Nov-20011214625241023140138106115 92 81107 78
EA43569EA1215-Apr-20011215124282525156174103119 85105113132
EA43575EA1215-Nov-20011215419231417137148 89103 63 72 83 90
EA43583EA1215-Feb-20021214717241015140138 84 99 61 81 80 78
EA43623EA1215-May-20031215318261716147155 86101 59 88 80101
EA43635EA1215-Sep-20021215227251217144143113103101 83 83 82
EA43651EA1215-Nov-20031215524251121144141103111 83 83 98 78
EA43684EA1215-Dec-20021215030302028173162127127128130128114
EA43696EA1215-Jan-20031214827291626163152113122103115118 98
EA43707EA1215-Sep-20011215224262315147169103 99 83 88 76123
EA43715EA1215-Jan-20011113323261319147146100107 87 99 99 98
EA43730EA1215-Oct-20011215022201020128138 97109 75 64 96 76
EA43742EA1215-Mar-20021214724261226147143103122 87 92120 86
EA43756EA1215-Jan-20041315920241320140146 91109 64 75 92 85
EA43789EA1215-Aug-2002121451520 614128128 78 97 55 65 77 65
EA43791EA1215-Jun-20021215326292519163174110107 96114 90131
EA43809EA1215-Dec-20031215425272515151174106 99 89 95 76131
EA43817EA1215-Mar-20031316129271626151152122122115 91115 93
EA43825EA1215-Jun-20021214927271220151143113109103 97 96 84
EA43840EA1215-Nov-20021214624241219140143103107 87 81 94 86
EA43858EA1215-Jul-20001214528251922144160117113111 88104113
EA43861EA1215-Apr-20041316125211224131143106117 85 62105 78
EA43886EA1215-Aug-20001214725261223147143106115 92 92107 86
EA43913EA1215-Jun-2001121491723 916137136 84101 59 74 82 73
EA43921EA1215-Oct-20011215226241219140143110107 96 77 90 82
EA43937EA1215-Nov-20011214727282225156167113119104107114123
EA43965EA1215-Jul-2003121552221 815131133 97 99 73 65 76 67
EA43998EA1215-Oct-20011214823261219147143100107 80 90 92 84
EA44033EA1215-Nov-2002121471718 510123124 84 89 61 60 66 61
EA44040EA1215-Oct-20021215221251115144141 94 99 69 83 76 78
EA44058EA1215-Dec-20001214823271421151148100111 80 97 99 92
EA44072EA1215-Oct-20021214726241521140150110111 99 81101 97
EA44086EA1215-May-20021214528261624147152117117111 92111100
EA44126EA1215-Nov-20021215324261223147143103115 83 88105 82
EA44144EA1215-Dec-20021215524271321151146103111 83 95 98 87
EA44159EA1215-Nov-20021315930302028173162127127126128126111
EA44160EA1215-May-20021214727281922156160113113104107104113
EA44171EA1215-Dec-20021215023251120144141100109 80 86 96 81
EA44193EA1215-Jan-20031215428261222147143117113108 88101 82
EA44237EA1215-Apr-2003121441820 821128133 86111 63 65101 71
EA44249EA1215-May-20031214528211024131138117117111 68111 78
EA44254EA1215-Dec-2002121441922 920134136 89109 66 72 97 75
EA44282EA1215-Jun-20021214527221023134138113115104 72107 78
EA44298EA1215-Jun-20031215125251120144141106109 90 86 96 81
EA44302EA1215-Oct-20031214523252023144162100115 82 88107116
EA44310EA1215-Mar-20021215121231118137141 94105 71 74 89 81
EA44347EA1215-Jun-20031214817261214147143 84 97 59 90 75 84
EA44351EA1215-May-20021214722252416144172 97101 77 88 84130
EA44368EA1215-Mar-200212144 7 6 4 7 79121 59 82 46 19 59 59
EA44379EA1215-Oct-2001121452419 819126133103107 87 63 94 71
EA44396EA1215-Feb-20031214825291620163152106109 90115 96 98
EA44404EA1215-Mar-20021113717271611151152 84 91 64103 72105
EA44412EA1215-Mar-20031215222271420151148 97109 73 95 94 90
EA44453EA1215-Jun-20031215327241022140138113113101 77101 74
EA44481EA1215-Dec-20021214523271324151146100117 82 99111 91
EA44515EA1215-Sep-20021214726241121140141110111 99 81101 83
EA44528EA1215-Oct-2002121472220 813128133 97 95 77 65 74 71
EA45034EA1215-Apr-20021214728281523156150117115111107107 97
EA45041EA1215-Jan-20021214411221211134143 69 91 51 72 68 86
EA45057EA1215-Nov-20001214727241024140138113117104 81111 78
EA45062EA1215-Mar-20021214926281823156157110115 98105106106
EA45085EA1215-Dec-20021215129262227147167122124118 90122121
EA45158EA1215-Feb-20021215225211122131141106113 89 65101 78
EA45214EA1215-Jan-20011214621261819147157 94107 72 92 94108
EA45236EA1215-Jun-20011215029291928163160122127118115128111
EA45248EA1215-May-20031316028251124144141117117105 80105 75
EA45269EA1215-Oct-20001214519211016131138 89101 66 68 84 78
EA45275EA1215-Dec-20001214725261420147148106109 92 92 97 94
EA45283EA1215-Oct-2000121452122 816134133 94101 72 72 84 71
EA45303EA1215-Sep-20021215225241618140152106105 89 77 87 96
EA45311EA1215-Dec-20021215223251019144138100107 78 83 90 74
EA45324EA1215-Sep-20021214523251523144150100115 82 88107 97
EA45352EA1215-Jul-200313161172311 8137141 84 84 55 69 55 75
EA45395EA1215-Nov-20021214625251220144143106109 92 88 97 86
EA45400EA1215-Sep-20011215219241115140141 89 99 63 77 76 78
EA45437EA1215-Mar-20031214722272219151167 97107 77 99 94123
EA45454EA1215-Jul-2003121492222 918134136 97105 75 70 89 73
EA45476EA1215-Jul-20021214629302230173167122131120132136123
EA45498EA1215-Jun-20031315830231126137141127122126 70116 76
EA45506EA1215-Jan-20031214826271523151150110115 98 97106 95
EA45527EA1215-May-2003121451519 511126124 78 91 55 63 68 61
EA45531EA1215-Jan-20031114314251212144143 76 93 55 90 73 88
EA45570EA1215-Jan-20021214725261218147143106105 92 92 90 86
EA45588EA1215-Jun-20031214528221025134138117119111 72114 78
EA45592EA1215-Oct-2002121522020 710128131 91 89 66 62 63 65
EA45607EA1215-Mar-20031215023261216147143100101 80 90 82 84
EA45628EA1215-May-20021214530261426147148127122129 92120 94
EA45630EA1215-Aug-2002121472823 921137136117111111 77101 75
EA45663EA1215-Mar-20031315830281626156152127122126101116 94
EA45674EA1215-Oct-20031215427302824173180113117101129108139
EA45689EA1215-Sep-20031214624231218137143103105 87 77 90 86
EA45735EA1215-Sep-20031315823272017151162100103 76 93 81111
EA45747EA1215-Nov-20021214627261424147148113117104 92111 94
EA45751EA1215-Apr-20041316228271723151155117115105 91102 98
EA45768EA1215-Apr-20031215119261315147146 89 99 65 90 78 89
EA45804EA1215-Feb-20031215119262118147164 89105 65 90 89117
EA45812EA1215-Sep-20031214521241120140141 94109 72 81 97 83
EA45845EA1215-Feb-20031114228281426156148117122112109121 96
EA45866EA1215-Nov-20031214627251322144146113113104 88104 91
EA45881EA1215-Jun-2003121511920 817128133 89103 65 64 85 69
EA45899EA1215-Nov-2003131561921 914131136 89 97 62 63 71 69
EA45918EA1215-Jan-20031214627282223156167113115104107107123
EA45932EA1215-Jun-20031214821251319144146 94107 71 86 92 89
EA45987EA1215-Jun-20041215027281621156152113111103105 99 98
EA45993EA1215-Aug-20031215423231422137148100113 78 72101 90
MW00013MW1215-Aug-20031315725282221156167106111 87101 96118
MW00136MW1215-Mar-20071114330301822173157127113130133105110
MW00148MW1215-May-20061114217231113137141 84 95 62 79 76 85
MW00150MW1215-Jan-20041215429301924173160122117117129108109
MW00169MW1215-Apr-20061214429281418156148122105120107 90 94
MW00175MW1215-Jan-20041315827302224173167113117100128107118
MW00197MW1215-Jan-20041114323261418147148100105 84 95 92 96
MW00217MW1215-Aug-20031316030271328151146127127125 91125 83
MW00225MW1215-Mar-2004121442123 915137136 94 99 72 77 80 75
MW00258MW1215-Aug-20031214523241313140146100 95 82 81 74 91
MW00286MW1215-Aug-20031214522231219137143 97107 77 77 94 86
MW00306MW1215-Feb-200412154  2411  140141          77    78
MW00319MW1215-Nov-20031114227281919156160113107105109 96114
MW00327MW1215-Apr-20041214825231121137141106111 90 74 99 81
MW00355MW1215-Aug-20031214428271324151146117117111 99111 91
MW00364MW1215-Apr-20061214722251318144146 97105 77 88 90 91
MW00370MW1215-Apr-20061114327261120147141113109105 95 99 85
MW00388MW1215-Jul-20041215130282424156172127117128105109129
MW00408MW1215-Jun-20041214717251213144143 84 95 61 88 74 86
MW00416MW1215-Jan-20041114327251623144152113115105 90109103
MW00429MW1215-Dec-20031215124271919151160103107 85 97 92111
MW00441MW1215-Feb-20041114326281920156160110109100109 99114
MW00457MW1215-Aug-20041215127281819156157113107103105 92106
MW00462MW1215-Jan-20041215528261221147143117111108 88 98 82
MW00473MW1215-Jul-200412149  2715  151150          97    95
MW00485MW1215-Aug-20041215018251317144146 86103 61 86 85 89
MW00511MW1215-Dec-20061114326271322151146110113100101105 93
MW00546MW1215-Feb-20041114323271319151146100107 84101 96 93
MW00552MW1215-Mar-20041114222221122134141 97113 79 74105 85
MW00567MW1215-Aug-20031214925241018140138106105 90 79 89 76
MW00578MW1215-Jul-20041316023271319151146100107 74 91 87 83
MW00580MW1215-Nov-20031214423271613151152100 95 82 99 74100
MW00604MW1215-Dec-20041316027282222156167113113 98 99 98117
MW00612MW1215-Jan-20041214422271319151146 97107 77 99 94 91
MW00645MW1215-Nov-200311142192311 8137141 89 84 68 79 62 85
MW00653MW1215-Aug-20031214419291717163155 89103 66117 87105
MW00677MW1215-Sep-20031114222282312156169 97 93 79109 73128
MW00681MW1215-Dec-2003121482414 419110121103107 85 47 92 58
MW00718MW1215-Jan-2003101312722 821134133113111            
MW00726MW1215-Jan-20041214425281419156148106107 92107 94 94
MW00771MW1215-Jul-20051114225301619173152106107 94133 96103
MW00828MW1215-May-20041214723281423156148100115 82107107 94
MW00830MW1215-Aug-20031215224271814151157103 97 83 95 73104
MW00856MW1215-Jan-20041114226281620156152110109100109 99103
MW00863MW1215-Nov-20031114226281421156148110111100109102 96
MW00874MW1215-Mar-20051114121221319134146 94107 74 74 96 93
MW00889MW1215-May-20041114118251312144146 86 93 64 90 73 93
MW00891MW1215-Mar-20041114224251222144143103113 89 90105 88
MW00947MW1215-Nov-20031114328271523151150117115112101109 99
MW00951MW1215-Jan-20041114324241117140141103103 89 84 89 85
MW00968MW1215-Nov-20031114327231321137146113111105 79102 93
MW00979MW1215-Mar-20071114128291519163150117107112119 96 99
MW01033MW1215-Oct-20041214921211413131148 94 95 71 67 72 92
MW01040MW1215-Oct-20061214525251322144146106113 92 88104 91
MW01061MW1215-Nov-20061214928302021173162117111109130 99114
MW01086MW1215-Oct-20041215330291922163160127113127114101109
MW01094MW1215-Jun-2004111422324 918140136100105 84 84 92 78
MW01105MW1215-May-20041114128261622147152117113112 95105103
MW01118MW1215-Jan-20041214429292128163164122127120117129118
MW01126MW1215-Apr-20061114321271512151150 94 93 74101 73 99
MW01144MW1215-Jul-20041114227302623173176113115105133109137
MW01160MW1215-Apr-20041114221231511137150 94 91 74 79 70 99
MW01171MW1215-Jan-20041215023231118137141100105 80 74 89 81
MW01193MW1215-Sep-2004111422025 914144136 91 97 70 90 79 78
MW01200MW1215-Aug-20031214520281819156157 91107 68107 94108
MW01249MW1215-Jun-20041114230281624156152127117130109112103
MW01254MW1215-Apr-20041214723231318137146100105 82 77 90 91
MW01276MW1215-Nov-20031114223271118151141100105 84101 92 85
MW01302MW1215-Apr-2004111411922 910134136 89 89 68 74 68 78
MW01323MW1215-Nov-20041214625251422144148106113 92 88104 94
MW01335MW1215-Jun-20041214424231019137138103107 87 77 94 78
MW01347MW1215-Sep-20041114127261322147146113113105 95105 93
MW01351MW1215-Feb-2004121441517 611120128 78 91 55 58 68 65
MW01368MW1215-Jan-20051214828251226144143117122109 86118 84
MW01396MW1215-Oct-20041214829261222147143122113118 90103 84
MW01420MW1215-Jun-20041114224251112144141103 93 89 90 73 85
MW01438MW1215-Jun-20041114124231115137141103 99 89 79 82 85
MW01481MW1215-Jul-20041114317241015140138 84 99 62 84 82 81
MW01528MW1215-Dec-20051215423302022173162100113 78129101112
MW01542MW1215-Apr-20051214526191020126138110109 99 63 97 78
MW01591MW1215-Aug-20051114221261414147148 94 97 74 95 79 96
MW01629MW1215-Jun-20041214624261421147148103111 87 92101 94
MW01657MW1215-Oct-20041114122261521147150 97111 79 95102 99
MW01673MW1215-Oct-20041315815221016134138 78101 52 66 78 72
MW01685MW1215-Jan-20041114222251221144143 97111 79 90102 88
MW01736MW1215-Sep-20061114325271620151152106109 94101 99103
MW01750MW1215-May-20071114225271722151155106113 94101105107
MW01775MW1215-Oct-20041215325282117156164106103 89103 83115
MW01803MW1215-Feb-20061215412251113144141 71 95 50 83 70 78
MW01839MW1215-Jun-20041114325281623156152106115 94109109103
MW01846MW1215-Aug-20041214524281420156148103109 87107 97 94
MW01852MW1215-Feb-2005111412023 913137136 91 95 70 79 76 78
MW01867MW1215-Mar-20061214427261418147148113105104 92 90 94
MW01895MW1215-Nov-20041114224231217137143103103 89 79 89 88
MW01906MW1215-Nov-20041114224281521156150103111 89109102 99
MW01943MW1215-Apr-20051114229281420156148122109121109 99 96
MW01970MW1215-Nov-20041114222181016123138 97101 79 62 85 81
MW01988MW1215-Nov-20041114329281426156148122122121109121 96
MW01992MW1215-Sep-20041114128281424156148117117112109112 96
MW02008MW1215-Apr-20041114024241216140143103101 89 84 85 88
MW02041MW1215-Apr-20041114327221821134157113111105 74102110
MW02057MW1215-Mar-20051114125271319151146106107 94101 96 93
MW02073MW1215-Apr-20071215429302023173162122115117129105112
MW02090MW1215-Aug-200411140192511 9144141 89 86 68 90 64 85
MW02117MW1215-Jul-20051214414271312151146 76 93 54 99 71 91
MW02125MW1215-Feb-20051114322241514140150 97 97 79 84 79 99
MW02140MW1215-Apr-20051114115 7 3 6 84116 78 79 56 21 57 56
MW02158MW1215-Dec-20041114228291827163157117124112119124110
MW02161MW1215-Apr-200412145152111 9131141 78 86 55 68 63 83
MW02172MW1215-Feb-20061214823261520147150100109 80 90 96 95
MW02186MW1215-Jul-2004111421618 913123136 81 95 59 62 76 78
MW02222MW1215-Jul-20041214524271420151148103109 87 99 97 94
MW02248MW1215-Aug-20051114227271422151148113113105101105 96
MW02269MW1215-Apr-20041114126271718151155110105100101 92107
MW02275MW1215-Jun-20051114121251513144150 94 95 74 90 76 99
MW02283MW1215-Jun-20061215422271318151146 97105 73 95 87 87
MW02311MW1215-Jan-20051114227281624156152113117105109112103
MW02324MW1215-Aug-20051214622261222147143 97113 77 92104 86
MW02339MW1215-Dec-20051214530281525156150127119129107114 97
MW02367MW1215-Jul-20051114120201418128148 91105 70 67 92 96
MW02378MW1215-May-20051114228251524144150117117112 90112 99
MW02380MW1215-Nov-20051114330261826147157127122130 95121110
MW02400MW1215-Mar-20041114218231112137141 86 93 64 79 73 85
MW02465MW1215-Mar-20051114225271716151155106101 94101 85107
MW02476MW1215-Feb-20061214627241121140141113111104 81101 83
MW02482MW1215-Mar-20061214530261628147152127127129 92129100
MW02531MW1215-Jul-20051114124262021147162103111 89 95102117
MW02543MW1215-Mar-20051114226271822151157110113100101105110
MW02570MW1215-Aug-20061215526291924163160110117 96114108109
MW02588MW1215-Jul-20041114224261316147146103101 89 95 85 93
MW02592MW1215-Feb-20051114321261414147148 94 97 74 95 79 96
MW02615MW1215-Mar-2005111411821 911131136 86 91 64 70 70 78
MW02663MW1215-Mar-20041114114261213147143 76 95 55 95 76 88
MW02674MW1215-Feb-20061214519241515140150 89 99 66 81 80 97
MW02689MW1215-Nov-20031114224221018134138103105 89 74 92 81
MW02691MW1215-Dec-20051114327231318137146113105105 79 92 93
MW02702MW1215-Apr-20051114123281516156150100101 84109 85 99
MW02710MW1215-May-20051114323231311137146100 91 84 79 70 93
MW02723MW1215-Nov-20041114223291823163157100115 84119109110
MW02751MW1215-Jun-20041114224241218140143103105 89 84 92 88
MW02768MW1215-May-20061214628291924163160117117111117111113
MW02779MW1215-Jul-20051114224261219147143103107 89 95 96 88
MW02784MW1215-Dec-2005121451620 814128133 81 97 58 65 77 71
MW02796MW1215-Apr-20061114328251323144146117115112 90109 93
MW02804MW1215-Jun-20061114230291824163157127117130119112110
MW02838MW1215-Aug-20041114223281818156157100105 84109 92110
MW02845MW1215-May-20061114328302026173162117122112133121117
MW02853MW1215-Feb-20061214525241022140138106113 92 81104 78
MW02866MW1215-Dec-20061215018221016134138 86101 61 70 82 76
MW02881MW1215-Apr-200612149112216 8134152 69 84 50 70 59 98
MW02899MW1215-Feb-20061214925271517151150106103 90 97 85 95
MW02905MW1215-Apr-20061214430241224140143127117129 81111 86
MW02932MW1215-Oct-20041114327241124140141113117105 84112 85
MW02944MW1215-Mar-20061214528281620156152117109111107 97100
MW02971MW1215-May-20051114226271420151148110109100101 99 96
MW02987MW1215-Jun-20061114222281419156148 97107 79109 96 96
MW02993MW1215-Feb-20061114324302022173162103113 89133105117
MW03005MW1215-Nov-2004111431817 810120133 86 89 64 59 68 73
MW03026MW1215-May-20051214528241322140146117113111 81104 91
MW03032MW1215-Oct-20061215126291618163152110105 98115 89 98
MW03044MW1215-Jun-20061114225281719156155106107 94109 96107
MW03071MW1215-Nov-20051214426291723163155110115 99117107105
MW03093MW1215-Apr-20071114330302824173180127117130133112143
MW03119MW1215-Mar-20071114326301820173157110109100133 99110
MW03127MW1215-Apr-2007121472723 920137136113109104 77 97 75
MW03131MW1215-Jan-20071214424261320147146103109 87 92 97 91
MW03155MW1215-Jun-20071215018251113144141 86 95 61 86 72 81
MW03170MW1215-Jun-20071114330281526156150127122130109121 99
MW03188MW1215-Apr-20071114325291719163155106107 94119 96107
MW03192MW1215-Apr-20071215126261416147148110101 98 90 82 92
MW03204MW1215-Aug-20071114124281716156155103101 89109 85107
MW03212MW1215-Jun-2007111422520 719128131106107 94 67 96 70
MW03220MW1215-Feb-2006121441314 6 7110128 74 82 53 49 59 65
MW03245MW1215-Jul-2007121501612 512103124 81 93 56 39 70 60
MW03253MW1215-Oct-20071214628271523151150117115111 99107 97
NW30020NW1215-May-20011114320221317134146 91103 70 74 89 93
NW30045NW1215-May-200312146 918 9 3123136 64 69 48 60 51 75
NW30053NW1215-Jul-2001121451717 6 7120128 84 82 61 58 59 65
NW30066NW1215-Feb-20011114323231013137138100 95 84 79 76 81
NW30077NW1215-Oct-20001214425251221144143106111 92 88101 86
NW30099NW1215-Feb-20011214523251318144146100105 82 88 90 91
NW30121NW1215-Nov-20011214620261412147148 91 93 68 92 71 94
NW30137NW1215-May-20031114322241015140138 97 99 79 84 82 81
NW30149NW1215-Mar-2003121442417 618120128103105 87 58 90 65
NW30154NW1215-Jun-20011114223271516151150100101 84101 85 99
NW30182NW1215-Dec-200111143 52213 4134146 54 73 44 74 53 93
NW30198NW1215-Feb-20031214521231214137143 94 97 72 77 77 86
NW30205NW1215-Apr-2001111422020 814128133 91 97 70 67 79 73
NW30218NW1215-Oct-20031214723261618147152100105 82 92 90100
NW30226NW1215-Jan-200112146 62512 4144143 57 73 45 88 52 86
NW30232NW1215-Dec-20031214720281518156150 91105 68107 90 97
NW30244NW1215-May-20011214427291519163150113107104117 94 97
NW30259NW1215-Mar-20031214622261516147150 97101 77 92 84 97
NW30260NW1215-May-20011214429261723147155122115120 92107105
NW30271NW1215-Oct-20011114321211013131138 94 95 74 70 76 81
NW30293NW1215-Sep-20001114317251111144141 84 91 62 90 70 85
NW30307NW1215-Aug-20021114214241112140141 76 93 55 84 73 85
NW30315NW1215-Aug-20031114312251211144143 71 91 52 90 70 88
NW30330NW1215-Jun-20001114320251513144150 91 95 70 90 76 99
NW30342NW1215-Oct-20031114316261415147148 81 99 59 95 82 96
NW30363NW1215-Jul-20011214519251512144150 89 93 66 88 71 97
NW30374NW1215-Jul-200012145142411 9140141 76 86 54 81 63 83
NW30389NW1215-Feb-200312145 9231011137138 64 91 48 77 68 78
NW30391NW1215-Jul-20001114319241114140141 89 97 68 84 79 85
NW30409NW1215-Mar-2001121461818 5 6123124 86 79 63 60 56 61
NW30417NW1215-Jan-20021214725261518147150106105 92 92 90 97
NW30425NW1215-Jun-200111142152314 7137148 78 82 56 79 60 96
NW30433NW1215-Jan-20021214422261417147148 97103 77 92 87 94
NW30440NW1215-Mar-20011114121261412147148 94 93 74 95 73 96
NW30458NW1215-Mar-20001214523271713151155100 95 82 99 74105
NW30461NW1215-Feb-20041214523241016140138100101 82 81 84 78
NW30486NW1215-Jul-2001121461021 9 7131136 66 82 49 68 59 75
NW30494NW1215-Oct-20031214521231017137138 94103 72 77 87 78
NW30502NW1215-Apr-20021114221201011128138 94 91 74 67 70 81
NW30523NW1215-Feb-20031214527271420151148113109104 99 97 94
NW30535NW1215-Feb-200412145152513 8144146 78 84 55 88 61 91
NW30547NW1215-Nov-2001111431313 6 7107128 74 82 54 48 60 67
NW30551NW1215-Jan-20031114324251219144143103107 89 90 96 88
NW30568NW1215-Aug-20001114325261217147143106103 94 95 89 88
NW30584NW1215-Mar-20031114217261516147150 84101 62 95 85 99
NW30596NW1215-Aug-2002111432021 813131133 91 95 70 70 76 73
NW30603NW1215-Feb-200312145152411 7140141 78 82 55 81 59 83
NW30611NW1215-Jan-20031114323241014140138100 97 84 84 79 81
NW30624NW1215-Feb-20021214522261519147150 97107 77 92 94 97
NW30646NW1215-Mar-20031114318261215147143 86 99 64 95 82 88
NW30652NW1215-Nov-20001214518271312151146 86 93 63 99 71 91
NW30680NW1215-Jun-20031114320261315147146 91 99 70 95 82 93
NW30695NW1215-Feb-20011114322241312140146 97 93 79 84 73 93
NW30706NW1215-Mar-20031114221231217137143 94103 74 79 89 88
NW30719NW1215-May-20031214522271615151152 97 99 77 99 80100
NW30727NW1215-Mar-20021214624241218140143103105 87 81 90 86
NW30743NW1215-Sep-20001214422241213140143 97 95 77 81 74 86
NW30764NW1215-Jan-20011214416221111134141 81 91 58 72 68 83
NW30770NW1215-May-20021114219241112140141 89 93 68 84 73 85
NW30788NW1215-Jan-20021114324251514144150103 97 89 90 79 99
NW30808NW1215-Feb-20031214519241112140141 89 93 66 81 71 83
NW30816NW1215-Mar-20021114321261216147143 94101 74 95 85 88
NW30834NW1215-Jan-20011114219251213144143 89 95 68 90 76 88
NW30873NW1215-Jan-20031113216251511144150 81 91 62 95 74104
NW30922NW1215-Nov-20021114320261214147143 91 97 70 95 79 88
NW30936NW1215-Feb-20031214523211016131138100101 82 68 84 78
NW30948NW1215-Sep-20041214817251116144141 84101 59 86 82 81
NW30950NW1215-Mar-200312146152613 8147146 78 84 55 92 61 91
NW30969NW1215-Jun-200211143182613 8147146 86 84 64 95 62 93
NW31005NW1215-Aug-20001214518261311147146 86 91 63 92 68 91
NW31018NW1215-Aug-20001114319291811163157 89 91 68119 70110
NW31026NW1215-Dec-20011214721211115131141 94 99 72 68 80 83
NW31032NW1215-Jul-20021114319271415151148 89 99 68101 82 96
NW31044NW1215-May-20001114325251217144143106103 94 90 89 88
NW31060NW1215-Apr-20011214425251722144155106113 92 88104105
NW31071NW1215-Jul-20041215026261424147148110117 98 90109 92
NW31087NW1215-May-20041114320251312144146 91 93 70 90 73 93
NW31106NW1215-Apr-20011214420241213140143 91 95 68 81 74 86
NW31119NW1215-Oct-2000121452022 913134136 91 95 68 72 74 75
NW31127NW1215-May-20041214820261817147157 91103 67 90 85106
NW31131NW1215-Feb-20031114223251916144160100101 84 90 85114
NW31155NW1215-Oct-20011114220241212140143 91 93 70 84 73 88
NW31164NW1215-Sep-20011214515241411140148 78 91 55 81 68 94
NW31170NW1215-Jul-20021214822231017137138 97103 75 74 85 76
NW31192NW1215-Dec-200211143 920 8 6128133 64 79 49 67 57 73
NW31204NW1215-Jun-20011214923272014151162100 97 80 97 75114
NW31212NW1215-Sep-20011114226261320147146110109100 95 99 93
NW31220NW1215-Jan-20031214725251116144141106101 92 88 84 83
NW31238NW1215-Nov-20021114222271515151150 97 99 79101 82 99
NW31245NW1215-Aug-2000121442423 817137133103103 87 77 87 71
NW31253NW1215-Mar-20041114324261221147143103111 89 95102 88
NW31266NW1215-Oct-2002111431718 713123131 84 95 62 62 76 70
NW31277NW1215-Nov-2002121441922 914134136 89 97 66 72 77 75
NW31281NW1215-Oct-20031114218251113144141 86 95 64 90 76 85
NW31299NW1215-Oct-20041214422251113144141 97 95 77 88 74 83
NW31301NW1215-Mar-20011013020271615151152 91 99            
NW31322NW1215-Sep-200111143132413 8140146 74 84 54 84 62 93
NW31336NW1215-Apr-20031114321261416147148 94101 74 95 85 96
NW31369NW1215-Mar-2003121471718 8 8123133 84 84 61 60 61 71
NW31375NW1215-Aug-20041215319211010131138 89 89 63 65 63 74
NW31397NW1215-Jan-20011114322241313140146 97 95 79 84 76 93
NW31403NW1215-Jun-20031114324231218137143103105 89 79 92 88
NW31424NW1215-Jun-20011114328241322140146117113112 84105 93
NW31439NW1215-Jul-20031214520251212144143 91 93 68 88 71 86
NW31446NW1215-Nov-200211142112012 8128143 69 84 51 67 62 88
NW31478NW1215-Aug-20011114317271310151146 84 89 62101 68 93
NW31480NW1215-Feb-20021214514231011137138 76 91 54 77 68 78
NW32033NW1215-Feb-20041214523231216137143100101 82 77 84 86
NW32058NW1215-Jan-20031114327281519156150113107105109 96 99
NW32061NW1215-Dec-20021214522231015137138 97 99 77 77 80 78
NW32072NW1215-Apr-20021114225231019137138106107 94 79 96 81
NW32086NW1215-Dec-20021114322231118137141 97105 79 79 92 85
NW32094NW1215-Nov-2001121441619 610126128 81 89 58 63 66 65
NW32118NW1215-Feb-20021114222261516147150 97101 79 95 85 99
NW32126NW1215-Dec-200312147112511 7144141 69 82 51 88 59 83
NW32132NW1215-Jan-20021114325261317147146106103 94 95 89 93
NW32144NW1215-Nov-20021114219231112137141 89 93 68 79 73 85
NW32159NW1215-Apr-20011214421261313147146 94 95 72 92 74 91
NW32160NW1215-Oct-2002111421721 8 8131133 84 84 62 70 62 73
NW32171NW1215-Jun-20011214420251112144141 91 93 68 88 71 83
NW32193NW1215-Oct-20021114325271519151150106107 94101 96 99
NW32200NW1215-Dec-200312147172613 8147146 84 84 61 92 61 91
NW32213NW1215-Jan-20031114325252017144162106103 94 90 89117
NW32221NW1215-Feb-20041214721251214144143 94 97 72 88 77 86
NW32237NW1215-Aug-20031214526261319147146110107 99 92 94 91
NW32249NW1215-Jul-20031214418241213140143 86 95 63 81 74 86
NW32265NW1215-Dec-20011214719251315144146 89 99 66 88 80 91
NW32276NW1215-Aug-20011114227301720173155113109105133 99107
NW32298NW1215-Aug-20011114227281721156155113111105109102107
NW32302NW1215-Jun-20011114321251415144148 94 99 74 90 82 96
NW32310NW1215-Dec-200111143 3 1 0 2 50 83 48 64 40 19 49 20
NW32335NW1215-Nov-20021114319231216137143 89101 68 79 85 88
NW32347NW1215-Oct-20021114320231016137138 91101 70 79 85 81
NW32368NW1215-Aug-2003121452024 916140136 91101 68 81 84 75
NW32379NW1215-Mar-20041214617231010137138 84 89 61 77 66 78
NW32384NW1215-Nov-20021214620261216147143 91101 68 92 84 86
NW32412NW1215-Mar-20041214622251417144148 97103 77 88 87 94
NW32420NW1215-Oct-200212147192313 9137146 89 86 66 77 63 91
NW32477NW1215-Mar-20031114327271517151150113103105101 89 99
NW32481NW1215-Sep-20021114227291621163152113111105119102103
NW32507NW1215-Nov-20011214615261613147152 78 95 55 92 74100
NW32528NW1215-Sep-2002121471921 817131133 89103 66 68 87 71
NW32530NW1215-May-20031114313231010137138 74 89 54 79 68 81
NW32542NW1215-Sep-20021214623261317147146100103 82 92 87 91
NW32556NW1215-Jul-2001111421025 9 5144136 66 76 50 90 55 78
NW32589NW1215-Oct-200211142 4 1 0 1 50 83 51 57 42 19 46 20
NW32591NW1215-Jan-20021214518251410144148 86 89 63 88 66 94
NW32608NW1215-Oct-20011114321261516147150 94101 74 95 85 99
NW32629NW1215-Oct-2003121491920 813128133 89 95 65 64 72 69
NW32634NW1215-Mar-20041214615211210131143 78 89 55 68 66 86
NW32641NW1215-Mar-20021214523271620151152100109 82 99 97100
NW32662NW1215-Jun-20011214521221114134141 94 97 72 72 77 83
NW32673NW1215-Oct-2001111431917 510120124 89 89 68 59 68 63
NW32685NW1215-Oct-20031214522241015140138 97 99 77 81 80 78
NW32701NW1215-Nov-20011114222251119144141 97107 79 90 96 85
NW32736NW1215-Aug-20041214920261414147148 91 97 67 90 75 92
NW32748NW1215-Jan-20021214422241715140155 97 99 77 81 80105
NW32750NW1215-Dec-20031214618271613151152 86 95 63 99 74100
NW32769NW1215-May-2002111431015 8 4113133 66 73 50 54 53 73
NW32783NW1215-Jul-20021114320241016140138 91101 70 84 85 81
NW32803NW1215-Apr-20041114216281413156148 81 95 59109 76 96
NW32811NW1215-May-20041214519251213144143 89 95 66 88 74 86
NW32824NW1215-Aug-20041214618261315147146 86 99 63 92 80 91
NW32839NW1215-Apr-20041114316261212147143 81 93 59 95 73 88
NW32846NW1215-Jul-2001111421822 813134133 86 95 64 74 76 73
NW32867NW1215-Apr-20031114322241315140146 97 99 79 84 82 93
NW32878NW1215-Jul-2004121452724 922140136113113104 81104 75
NW32895NW1215-Sep-20031215020261417147148 91103 67 90 85 92
NW32906NW1215-Dec-20031214620271417151148 91103 68 99 87 94
NW32919NW1215-Jul-20021214523291618163152100105 82117 90100
NW32927NW1215-Mar-20031214519241014140138 89 97 66 81 77 78
NW32943NW1215-Apr-20041114324201018128138103105 89 67 92 81
NW32955NW1215-Jan-20041214418241313140146 86 95 63 81 74 91
NW32964NW1215-Apr-20041114216282114156164 81 97 59109 79120
NW32970NW1215-Apr-200311143162613 9147146 81 86 59 95 64 93
NW32988NW1215-Dec-200312146 2 0 0 0 38 83 45 47 36 19 38 19
NW33019NW1215-Aug-20021114212 8 2 5 88110 71 76 52 26 55 51
NW33027NW1215-Jul-20041215022251214144143 97 97 75 86 75 84
NW33031NW1215-Aug-20031114324251218144143103105 89 90 92 88
NW33043NW1215-Dec-20031214915251214144143 78 97 54 86 75 84
NW33055NW1215-Sep-20021214522251218144143 97105 77 88 90 86
NW33064NW1215-Feb-20031214420281417156148 91103 68107 87 94
NW33070NW1215-Dec-20031214825292623163176106115 90115106135
NW33092NW1215-Sep-20031214524271621151152103111 87 99101100
NW33115NW1215-Aug-20041215023251017144138100103 80 86 85 76
NW33128NW1215-Feb-20041214519251316144146 89101 66 88 84 91
NW33130NW1215-Dec-20031214715261312147146 78 93 55 92 71 91
NW33451NW1215-Dec-2003121451123 9 9137136 69 86 51 77 63 75
NW33468NW1215-Apr-20041214625251316144146106101 92 88 84 91
NW34504NW1215-Oct-20021214724201015128138103 99 87 65 80 78
SO10029SO1215-Apr-19991215413221110134141 74 89 51 68 63 78
SO10034SO1215-Nov-19981215023251521144150100111 80 86 99 95
SO10041SO1215-Dec-19981215027281522156150113113103105103 95
SO10117SO1215-Sep-19981214527261421147148113111104 92101 94
SO10125SO1215-Jul-19991315927242124140164113117100 75107114
SO10133SO1215-Nov-199812150 816 8 8116133 62 84 46 53 59 69
SO10140SO1215-Dec-19981215119271515151150 89 99 65 97 78 95
SO10158SO1215-May-19991215524231416137148103101 83 72 80 90
SO10186SO1215-Nov-19991315923261518147150100105 76 86 85 91
SO10194SO1215-Nov-1999131581420 910128136 76 89 51 61 62 69
SO10201SO1215-Oct-19991315714221114134141 76 97 51 66 71 76
SO10222SO1215-Oct-19991215528301727173155117124108129121101
SO10236SO1215-May-19991215123251222144143100113 80 86103 84
SO10248SO1215-Sep-19981214727231123137141113115104 77107 83
SO10269SO1215-Aug-19991316123281418156148100105 74 99 83 86
SO10275SO1215-Dec-19981215118261414147148 86 97 61 90 75 92
SO10303SO1215-Aug-19991215421211217131143 94103 69 65 83 82
SO10311SO1215-Jan-20001316324281720156155103109 80 99 91 98
SO10324SO1215-Dec-19981214928271528151150117127109 97128 95
SO10339SO1215-Dec-19991315920261418147148 91105 64 86 85 88
SO10346SO1215-Dec-19991315925291822163157106113 87112100103
SO10367SO1215-Nov-19991316426281818156157110105 91 98 81 99
SO10395SO1215-Mar-19991214924281621156152103111 85105 99 98
SO10400SO1215-Nov-19981215325211119131141106107 89 65 90 78
SO10413SO1215-Nov-199812149132512 5144143 74 76 52 86 53 84
SO10421SO1215-Oct-19981215223221321134146100111 78 68 98 87
SO10437SO1215-Oct-19981215130291723163155127115128115106103
SO10476SO1215-Oct-19981214918261520147150 86109 61 90 96 95
SO10482SO1215-Dec-1998121482614 322110116110113 98 47103 53
SO10519SO1215-Feb-19991214824271922151160103113 85 97103111
SO10527SO1215-Sep-19981215026231222137143110113 98 74103 84
SO10531SO1215-Nov-19981215228271522151150117113108 95101 93
SO10543SO1215-Sep-19981214529271522151150122113120 99104 97
SO10564SO1215-Feb-20001316025221223134143106115 85 65102 78
SO10570SO1215-Jan-19991215126281620156152110109 98105 96 98
SO10588SO1215-Jan-19991214822261419147148 97107 75 90 92 92
SO10592SO1215-Feb-199912149 115 7 2113131 40 64 30 50 48 67
SO10607SO1215-Nov-199812150 919 7 5126131 64 76 48 62 53 67
SO10615SO1215-Oct-19981215122271519151150 97107 75 97 92 95
SO10628SO1215-Aug-19981214925272121151164106111 90 97 99117
SO10630SO1215-Aug-19981214920241118140141 91105 67 79 89 81
SO10642SO1215-Nov-19981215217241118140141 84105 57 77 87 78
SO10656SO1215-Oct-19981215020221015134138 91 99 67 70 78 76
SO10674SO1215-Sep-19981214822301819173157 97107 75130 92106
SO10689SO1215-Jun-19991315813251316144146 74101 50 81 78 85
SO10702SO1215-Dec-199812148 0 0 0 0 38 83 35 47 25 19 36 19
SO10723SO1215-Feb-19991214929291726163155122122118115118103
SO10735SO1215-Mar-19991214922251317144146 97103 75 86 85 89
SO10768SO1215-Dec-19981214617261315147146 84 99 61 92 80 91
SO10779SO1215-Dec-19981214815201011128138 78 91 54 64 67 76
SO10784SO1215-Oct-1998121461021 8 9131133 66 86 49 68 63 71
SO10796SO1215-Dec-1998121531224 9 7140136 71 82 50 77 56 71
SO10804SO1215-Jun-19991215317241111140141 84 91 57 77 66 78
SO10812SO1215-Oct-1998121511314 410110121 74 89 52 47 65 58
SO10820SO1215-Nov-199812150 0 0 0 0 38 83 35 47 25 19 36 19
SO10845SO1215-Nov-19981214930301928173160127127128130128111
SO10853SO1215-Sep-1998121501919 410126121 89 89 65 62 65 58
SO10866SO1215-Apr-19991215423251323144146100115 78 83105 87
SO10899SO1215-Dec-19981215017211013131138 84 95 59 67 72 76
SO10918SO1215-Nov-19981215230251730144155127131127 83135101
SO10926SO1215-Nov-19981214726251220144143110109 99 88 97 86
SO10944SO1215-Nov-199812150 5 7 0 2 84 83 54 64 41 19 48 19
SO10960SO1215-Dec-19981215422261722147155 97113 73 88101101
SO10993SO1215-Sep-19981214516201313128146 81 95 58 65 74 91
SO11001SO1215-Dec-19991315820201011128138 91 91 64 61 64 72
SO11050SO1215-Dec-19981215321291920163160 94109 69114 94109
SO11069SO1215-Mar-19991315725302021173162106111 87128 96111
SO11083SO1215-Nov-199812152 3 4 0 1 70 83 48 57 35 19 42 19
SO11102SO1215-Nov-19981214821221217134143 94103 71 70 85 84
SO11110SO1215-Dec-19981214826301822173157110113 98130103106
SO11135SO1215-Aug-19991315922251516144150 97101 71 81 78 91
SO11147SO1215-Aug-19991215418271814151157 86 97 59 95 73104
SO11151SO1215-Dec-19981215127271322151146113113103 97103 89
SO11196SO1215-Dec-199812149 9221210134143 64 89 48 70 65 84
SO11208SO1215-Sep-19981214723241319140146100107 82 81 94 91
SO11216SO1215-Dec-19981214830281828156157127127128105128106
SO11229SO1215-Jul-19991215325231322137146106113 89 72101 87
SO11234SO1215-Aug-19991215418221615134152 86 99 59 68 76 96
SO11241SO1215-Nov-1998121492019 611126128 91 91 67 62 67 64
SO11257SO1215-Mar-19991215020241215140143 91 99 67 79 78 84
SO11262SO1215-Jan-19991215123271416151148100101 80 97 82 92
SO11273SO1215-Jun-19991215325291824163157106117 89114108104
SO11290SO1215-Mar-1999121531821 5 9131124 86 86 59 65 59 59
SO11305SO1215-Feb-19991215215201814128157 78 97 53 62 73104
SO11318SO1215-Dec-19981215223251218144143100105 78 83 87 82
SO11326SO1215-Oct-19981214924271720151155103109 85 97 96103
SO11332SO1215-Feb-19991214819251119144141 89107 65 86 92 81
SO11344SO1215-Oct-19981215020211112131141 91 93 67 67 70 81
SO11359SO1215-Apr-19991214529301826173157122122120132120108
SO11360SO1215-Jan-20001315730302430173172127131126128134126
SO11387SO1215-Feb-19991114323291719163155100107 84119 96107
SO11393SO1215-Dec-19981114324281620156152103109 89109 99103
SO11407SO1215-Apr-19991214626271523151150110115 99 99107 97
SO11415SO1215-Dec-19981214526271524151150110117 99 99111 97
SO11430SO1215-Jul-19991214924271520151150103109 85 97 96 95
SO11442SO1215-Jan-19991214524221514134150103 97 87 72 77 97
SO11456SO1215-Jan-19991214918221318134146 86105 61 70 89 89
SO11463SO1215-Nov-19981214925262021147162106111 90 90 99114
SO11474SO1215-Oct-19981214825261516147150106101 90 90 82 95
SO11491SO1215-Mar-19991214530291725163155127119129117114105
SO11504SO1215-Nov-19991215427271520151150113109101 95 94 93
SO11520SO1215-May-199912146 615 6 2113128 57 64 45 52 48 65
SO11538SO1215-Mar-199912144 821 9 7131136 62 82 47 68 59 75
SO11577SO1215-Dec-19991215330302030173162127131127129135112
SO11581SO1215-May-19991214619291512163150 89 93 66117 71 97
SO11613SO1215-Dec-19991215423281520156150100109 78103 94 93
SO11621SO1215-Jan-19991114321291811163157 94 91 74119 70110
SO11637SO1215-Jan-19991114326271519151150110107100101 96 99
SO11649SO1215-Jun-19991214923261214147143100 97 80 90 75 84
SO11654SO1215-Jan-19991214524241218140143103105 87 81 90 86
SO11665SO1215-Jun-19991214819251213144143 89 95 65 86 72 84
SO11676SO1215-Sep-199912154132210 8134138 74 84 51 68 57 74
SO11682SO1215-Mar-199912148192212 8134143 89 84 65 70 59 84
SO11717SO1215-Feb-19991214629301925173160122119120132114113
SO11740SO1215-Jan-19991214920271612151152 91 93 67 97 70 98
SO11758SO1215-Aug-19991215120271515151150 91 99 67 97 78 95
SO11772SO1215-Jan-1999121451020 9 9128136 66 86 49 65 63 75
SO11786SO1215-Mar-19991114323281618156152100105 84109 92103
SO11794SO1215-Mar-19991114321271620151152 94109 74101 99103
SO11819SO1215-Apr-20001315929281927156160122124116101120108
SO11864SO1215-Aug-19991214720241013140138 91 95 68 81 74 78
SO11888SO1215-Aug-19991214824251117144141103103 85 86 85 81
SO11892SO1215-May-20001316017231111137141 84 91 55 69 62 75
SO11903SO1215-Mar-19991214721251413144148 94 95 72 88 74 94
SO11911SO1215-May-19991214528271723151155117115111 99107105
SO11924SO1215-Mar-199912144152713 9151146 78 86 55 99 63 91
SO11952SO1215-Jan-20001215426291616163152110101 96114 80 96
SO11967SO1215-Jan-19991214521181016123138 94101 72 60 84 78
SO11978SO1215-Jan-19991214530291828163157127127129117129108
SO11980SO1215-Oct-19991215126251222144143110113 98 86103 84
SO12000SO1215-Apr-19991214526271523151150110115 99 99107 97
SO12021SO1215-Oct-199912150 923 9 7137136 64 82 48 74 57 73
SO12037SO1215-Jul-199912151 619 8 5126133 57 76 43 62 53 69
SO12049SO1215-Nov-1999121552123 911137136 94 91 69 72 66 71
SO12054SO1215-Jun-19991215127271523151150113115103 97106 95
SO12065SO1215-Dec-19991215528302023173162117115108129105112
SO12076SO1215-Mar-19991214630261828147157127127129 92129108
SO12082SO1215-May-19991214527301720173155113109104132 97105
SO12098SO1215-Jan-19991214618262013147162 86 95 63 92 74116
SO12114SO1215-Jan-19991214518221014134138 86 97 63 72 77 78
SO12122SO1215-Dec-19991215322251417144148 97103 73 83 83 90
SO12150SO1215-Mar-1999111431422 810134133 76 89 55 74 68 73
SO12175SO1215-Mar-19991214519231010137138 89 89 66 77 66 78
SO12183SO1215-Feb-20001215522281917156160 97103 73103 83109
SO12197SO1215-Jan-19991214419271311151146 89 91 66 99 68 91
SO12209SO1215-Oct-19991215523201015128138100 99 78 62 76 74
SO12225SO1215-Sep-1999121502220 716128131 97101 75 64 82 67
SO12240SO1215-Sep-1999121511217 4 7120121 71 82 51 57 57 58
SO12272SO1215-Apr-19991214818231613137152 86 95 61 74 72 98
SO12286SO1215-Jul-199912147 52410 0140138 54 47 43 81 38 78
SO12306SO1215-May-19991214719241214140143 89 97 66 81 77 86
SO12319SO1215-Jul-19991214627241222140143113113104 81104 86
SO12327SO1215-Aug-199912149 618 7 5123131 57 76 43 59 53 67
SO12331SO1215-Nov-19991215027271323151146113115103 97106 89
SO12355SO1215-Jul-19991214819261213147143 89 95 65 90 72 84
SO12364SO1215-Jul-19991214627291626163152113122104117120100
SO12370SO1215-Mar-20001315726271319151146110107 94 93 89 85
SO12388SO1215-Aug-1999121511417 6 9120128 76 86 53 57 61 64
SO12392SO1215-Feb-19991114320261211147143 91 91 70 95 70 88
SO12434SO1215-Feb-19991214527291526163150113122104117120 97
SO12441SO1215-Nov-19981214429232127137164122124120 77123118
SO12457SO1215-Aug-19991214723271717151155100103 82 99 87105
SO12462SO1215-May-19991214426271721151155110111 99 99101105
SO12473SO1215-May-19991214521272219151167 94107 72 99 94123
SO12490SO1215-Nov-19991215115251513144150 78 95 54 86 72 95
SO12524SO1215-Jul-19991214621251318144146 94105 72 88 90 91
SO12539SO1215-Jul-1999121462320 716128131100101 82 65 84 68
SO12546SO1215-Jul-19991214622251317144146 97103 77 88 87 91
SO12552SO1215-Jul-19991214621211118131141 94105 72 68 90 83
SO12567SO1215-Jul-19991214722231018137138 97105 77 77 90 78
SO12578SO1215-Jul-19991214627261625147152113119104 92114100
SO12580SO1215-Jul-19991214626231021137138110111 99 77101 78
SO12595SO1215-Aug-19991214821251215144143 94 99 71 86 78 84
SW20010SW1215-Apr-20001214520241117140141 91103 68 81 87 83
SW20051SW1215-Jun-20001215316221114134141 81 97 55 68 73 78
SW20068SW1215-Jul-20001316125251319144146106107 85 80 87 83
SW20079SW1215-Feb-200013156181810 7123138 86 82 58 57 54 72
SW20084SW1215-Apr-2000121511720 814128133 84 97 59 64 75 69
SW20096SW1215-Oct-20001315821241219140143 94107 67 75 89 80
SW20103SW1215-Mar-20001214821271614151152 94 97 71 97 75 98
SW20111SW1215-Jan-20011316127281520156150113109 98 99 91 89
SW20124SW1215-Mar-20001214915201013128138 78 95 54 64 72 76
SW20139SW1215-Oct-20001215416241112140141 81 93 55 77 68 78
SW20146SW1215-Mar-20001214921281813156157 94 95 71105 72106
SW20152SW1215-May-20011316617261512147150 84 93 54 83 63 88
SW20178SW1215-Apr-200012145132313 9137146 74 86 53 77 63 91
SW20180SW1215-Nov-200012154162712 9151143 81 86 55 95 59 82
SW20195SW1215-Aug-20001214926201022128138110113 98 64103 76
SW20207SW1215-Nov-2000121511721 712131131 84 93 59 67 70 67
SW20215SW1215-Oct-20001215217221213134143 84 95 57 68 70 82
SW20228SW1215-Jun-20001214423221312134146100 93 82 72 71 91
SW20230SW1215-Sep-200012145162715 8151150 81 84 58 99 61 97
SW20242SW1215-Sep-20001214521281618156152 94105 72107 90100
SW20256SW1215-Apr-20001214518231611137152 86 91 63 77 68100
SW20263SW1215-Mar-200012146 8 8 0 6 88 83 62 79 47 24 56 19
SW20274SW1215-Nov-2000131571623 912137136 81 93 54 70 66 69
SW20289SW1215-Jan-20011214820261514147150 91 97 67 90 75 95
SW20291SW1215-Oct-20001215019221012134138 89 93 65 70 70 76
SW20309SW1215-Feb-20001214522231014137138 97 97 77 77 77 78
SW20325SW1215-Aug-20001316015241410140148 78 89 52 73 60 86
SW20333SW1215-Aug-20001214823251315144146100 99 80 86 78 89
SW20340SW1215-Oct-20001316318271713151155 86 95 57 91 67 98
SW20358SW1215-Nov-20001215318241010140138 86 89 59 77 63 74
SW20419SW1215-Oct-20001214821271415151148 94 99 71 97 78 92
SW20427SW1215-Sep-200012153101910 9126138 66 86 48 60 59 74
SW20431SW1215-Mar-20011215520291712163155 91 93 66114 68101
SW20443SW1215-Oct-20001214817271211151143 84 91 59 97 67 84
SW20455SW1215-Feb-2000121482116 415116121 94 99 71 53 78 58
SW20464SW1215-Oct-20001214627261421147148113111104 92101 94
SW20470SW1215-Jul-20011315825291619163152106107 87112 89 94
SW20492SW1215-Apr-20001215118261512147150 86 93 61 90 70 95
SW20521SW1215-Mar-2001121532022 814134133 91 97 66 68 73 67
SW20549SW1215-Mar-20001215119201214128143 89 97 65 64 75 84
SW20554SW1215-May-20011214821231211137143 94 91 71 74 67 84
SW20565SW1215-Nov-200012152 810 2 7 96110 62 82 46 28 56 45
SW20576SW1215-Aug-20011215016221314134146 81 97 56 70 75 89
SW20582SW1215-Sep-20001215028281421156148117111109105 99 92
SW20598SW1215-Feb-20011214524251418144148103105 87 88 90 94
SW20614SW1215-Feb-20011214420241014140138 91 97 68 81 77 78
SW20622SW1215-Nov-20001214716231112137141 81 93 58 77 71 83
SW20636SW1215-Feb-2001121441417 6 6120128 76 79 54 58 56 65
SW20650SW1215-Jun-2001131581417 7 8120131 76 84 51 54 56 63
SW20697SW1215-Sep-20001114020261413147148 91 95 70 95 76 96
SW20708SW1215-Aug-20001214418241110140141 86 89 63 81 66 83
SW20716SW1215-Aug-2000121441922 912134136 89 93 66 72 71 75
SW20729SW1215-Apr-2001121512020 912128136 91 93 67 64 70 73
SW20734SW1215-Feb-2001121451318 410123121 74 89 53 60 66 59
SW20741SW1215-May-2001121441823 910137136 86 89 63 77 66 75
SW20757SW1215-May-20011214422231013137138 97 95 77 77 74 78
SW20762SW1215-Jun-20021315721231215137143 94 99 67 70 74 80
SW20773SW1215-Mar-20011214717201212128143 84 93 61 65 71 86
SW20785SW1215-Sep-2001121501620 710128131 81 89 56 64 65 67
SW20790SW1215-Oct-20001214619271710151155 89 89 66 99 66105
SW20805SW1215-May-20001215121241115140141 94 99 71 79 78 81
SW20818SW1215-Apr-200012145102511 8144141 66 84 49 88 61 83
SW20826SW1215-Jun-20001214526251322144146110113 99 88104 91
SW20844SW1215-Mar-20001214920261617147152 91103 67 90 85 98
SW20859SW1215-Jul-20011214626291922163160110113 99117104113
SW20860SW1215-Sep-20001214825251219144143106107 90 86 92 84
SW20893SW1215-Nov-20001214424251316144146103101 87 88 84 91
SW20904SW1215-Sep-2000121442522 915134136106 99 92 72 80 75
SW20920SW1215-Jun-20011214623241316140146100101 82 81 84 91
SW20938SW1215-Feb-20011214422261316147146 97101 77 92 84 91
SW20945SW1215-Nov-200112147 92413 6140146 64 79 48 81 56 91
SW20953SW1215-Jan-20021214926281419156148110107 98105 92 92
SW20966SW1215-Jun-20011214525261518147150106105 92 92 90 97
SW20981SW1215-May-2001111431720 913128136 84 95 62 67 76 78
SW21007SW1215-Nov-20011214521241016140138 94101 72 81 84 78
SW21015SW1215-Dec-20001316124281818156157103105 80 99 83101
SW21028SW1215-Sep-20011214524251316144146103101 87 88 84 91
SW21030SW1215-Jun-20011215324261421147148103111 83 88 98 90
SW21042SW1215-Oct-20001214720221018134138 91105 68 72 90 78
SW21074SW1215-Feb-20021214524291621163152103111 87117101100
SW21089SW1215-Sep-2001121452419 816126133103101 87 63 84 71
SW21157SW1215-Nov-20001214723251216144143100101 82 88 84 86
SW21162SW1215-Dec-200012145 822 8 3134133 62 69 47 72 51 71
SW21173SW1215-Nov-2001111432621 918131136110105100 70 92 78
SW21185SW1215-Jul-20011214418251113144141 86 95 63 88 74 83
SW21190SW1215-Dec-20011215317201013128138 84 95 57 62 70 74
SW21202SW1215-Aug-20011214526251017144138110103 99 88 87 78
SW21210SW1215-Nov-20011214622261316147146 97101 77 92 84 91
SW21223SW1215-Jun-2001121461517 713120131 78 95 55 58 74 68
SW21247SW1215-Aug-2001111431822 810134133 86 89 64 74 68 73
SW21251SW1215-Jan-20021214525261220147143106109 92 92 97 86
SW21268SW1215-Jun-20011114320301717173155 91103 70133 89107
SW21296SW1215-Mar-2002121462215 714113131 97 97 77 52 77 68
SW21304SW1215-Nov-200112144152414 6140148 78 79 55 81 56 94
SW21338SW1215-Mar-20021214624271420151148103109 87 99 97 94
SW21345SW1215-Mar-200312153 82210 7134138 62 82 46 68 56 74
SW21353SW1215-Jul-20021214720251312144146 91 93 68 88 71 91
SW21366SW1215-Sep-20021214920231218137143 91105 67 74 89 84
SW21377SW1215-Jun-20021214427272026151162113122104 99120116
SW21381SW1215-Jan-20031214522261516147150 97101 77 92 84 97
SW21401SW1215-Jan-20031214414241010140138 76 89 54 81 66 78
SW21436SW1215-Apr-2003121491721 913131136 84 95 59 67 72 73
SW21450SW1215-Oct-2003121551025 910144136 66 89 48 83 63 71
SW21469SW1215-Jun-20031214828261423147148117115109 90106 92
SW21483SW1215-Sep-20031215121241315140146 94 99 71 79 78 89
SW21497SW1215-Jan-20031214419261417147148 89103 66 92 87 94
SW21532SW1215-Mar-2003121461317 6 7120128 74 82 53 58 59 65
SW21559SW1215-Feb-20041315622291915163160 97 99 71112 74108
SW21587SW1215-Jul-2003121501821 916131136 86101 61 67 82 73
SW21606SW1215-Jul-20031215023281626156152100122 80105118 98
SW21619SW1215-Apr-20031214722261215147143 97 99 77 92 80 86
SW21627SW1215-Nov-2002121451719 811126133 84 91 61 63 68 71
SW21643SW1215-Jul-2003121501819 716126131 86101 61 62 82 67
SW21655SW1215-Mar-20031214627251223144143113115104 88107 86
SW21670SW1215-Feb-20031214522241215140143 97 99 77 81 80 86
SW21703SW1215-Nov-200212145 514 5 1110124 54 57 43 49 45 61
SW21724SW1215-Jul-20031214927281424156148113117103105109 92
SW21739SW1215-Jul-2003121541518 513123124 78 95 53 58 70 59
SW21746SW1215-Jan-20031214722241216140143 97101 77 81 84 86
SW21752SW1215-Jul-20031215325271319151146106107 89 95 90 87
SW21778SW1215-Jun-20031214923221313134146100 95 80 70 72 89
SW21795SW1215-Mar-2000121461617 7 8120131 81 84 58 58 61 68
SW21800SW1215-Apr-20021214525271420151148106109 92 99 97 94
SW21821SW1215-Dec-20011214518231613137152 86 95 63 77 74100
SW21898SW1215-Sep-20021214722221120134141 97109 77 72 97 83
SW21909SW1215-Apr-20031215227261524147150113117101 88108 93
SW21917SW1215-Aug-20021214420241214140143 91 97 68 81 77 86
SW21933SW1215-Dec-20001214517261315147146 84 99 61 92 80 91
SW21986SW1215-Nov-2002121512515 417113121106103 90 50 85 58
SW22006SW1215-Sep-20011114117251511144150 84 91 62 90 70 99
SW22019SW1215-Feb-20021214623281516156150100101 82107 84 97
SW22031SW1215-Mar-2002121451817 710120131 86 89 63 58 66 68
SW22043SW1215-Feb-20021214818271311151146 86 91 61 97 67 89
SW22070SW1215-Nov-2000121441314 5 8110124 74 84 53 49 61 61
SW22128SW1215-Feb-2002111432018 917123136 91103 70 62 89 78
SW22142SW1215-Sep-20031215028261320147146117109109 90 96 89
SW22163SW1215-Jan-200312146192514 9144148 89 86 66 88 63 94
SW22189SW1215-Dec-20031315820261517147150 91103 64 86 81 91
SW22191SW1215-Sep-20021214920241015140138 91 99 67 79 78 76
SW22203SW1215-Jan-200412155 7 8 1 3 88100 59 69 44 19 49 33
SW22211SW1215-Dec-2002121451918 9 9123136 89 86 66 60 63 75
SW22224SW1215-May-20031214626251319144146110107 99 88 94 91
SW22252SW1215-Apr-20021214426261225147143110119 99 92114 86
SW22267SW1215-Feb-20041315620241111140141 91 91 64 75 64 76
SW22280SW1215-Apr-2003121452021 814131133 91 97 68 68 77 71
SW22313SW1215-Nov-2003121522125 817144133 94103 69 83 83 67
SW22376SW1215-Sep-20031214922271319151146 97107 75 97 92 89
SW22382SW1215-Jul-20031214725271721151155106111 92 99101105
SW22398SW1215-Feb-20031214522231119137141 97107 77 77 94 83
SW22402SW1215-May-20041315724271423151148103115 81 93103 88
SW22410SW1215-May-20031214522281517156150 97103 77107 87 97
SW22423SW1215-Aug-20031215022261218147143 97105 75 90 89 84
SW22447SW1215-Jun-20031214824281621156152103111 85105 99 98
SW22451SW1215-Jun-20031214820291720163155 91109 67115 96103
SW22468SW1215-Mar-20041215425282119156164106107 89103 90115
SW22479SW1215-Mar-20041215427251420144148113109101 83 94 90
SW22484SW1215-Oct-20031215024251317144146103103 85 86 85 89
SW22509SW1215-Jun-2004131571519 611126128 78 91 52 59 64 61
SW22525SW1215-Apr-20041215519251515144150 89 99 63 83 76 93
SW22533SW1215-Jun-2004131571522 910134136 78 89 52 66 62 69
SW22558SW1215-May-2004121551723 810137133 84 89 57 72 63 67
SW22561SW1215-Apr-2004121541510 5 4 96124 78 73 53 28 51 59
SW22586SW1215-Sep-20031214718261613147152 86 95 63 92 74100
SW22594SW1215-Oct-20031214821261516147150 94101 71 90 82 95
SW22605SW1215-Jun-20011114316231316137146 81101 59 79 85 93
SW22618SW1215-Sep-2002121461110 1 4 96100 69 73 51 33 52 38
SW22626SW1215-Sep-20021214621281420156148 94109 72107 97 94
SW22644SW1215-Mar-20041215324271419151148103107 83 95 90 90
SW22659SW1215-Jun-20041315720271620151152 91109 64 93 92 94
SW22671SW1215-May-20041215525292620163176106109 89114 94134
SW22704SW1215-Mar-20041315623241124140141100117 76 75107 76
SW22712SW1215-Sep-20001214716241113140141 81 95 58 81 74 83
SW22766SW1215-Mar-20041215314221014134138 76 97 52 68 73 74
SW22781SW1215-Apr-20041215513241012140138 74 93 51 77 68 74
SW22850SW1215-Sep-2003121521818 8 8123133 86 84 59 58 57 67
SW22869SW1215-Aug-20031215026261120147141110109 98 90 96 81
SW22897SW1215-Apr-2004121541723 8 9137133 84 86 57 72 59 67
SW22929SW1215-Jun-20001214514241411140148 76 91 54 81 68 94
SW22957SW1215-Jul-20031214419231218137143 89105 66 77 90 86
SW22962SW1215-Oct-200413158 611 6 6 99128 57 79 40 30 53 61
SW23008SW1215-Aug-20021214825241216140143106101 90 79 82 84
SW23029SW1215-Dec-20031215514282013156162 76 95 52103 70112
SW23041SW1215-Jun-20001214717191011126138 84 91 61 63 68 78
SW23057SW1215-Sep-20011215024291716163155103101 85115 82103
SW23062SW1215-Jul-20001214626251115144141110 99 99 88 80 83
SW23073SW1215-Feb-20031214522251518144150 97105 77 88 90 97
SW23085SW1215-Aug-20031215022231218137143 97105 75 74 89 84
SW23090SW1215-Aug-20041315719281412156148 89 93 62101 66 88
SW23109SW1215-Aug-20041315712251110144141 71 89 49 81 62 76
SW23125SW1215-Apr-2004121532124 813140133 94 95 69 77 70 67
SW23133SW1215-Jul-20041315726291318163146110105 94112 85 85
SW23140SW1215-Aug-20041215518 5 215 75110 86 99 59 19 76 45
SW23158SW1215-Sep-20031214427271423151148113115104 99107 94
SW23172SW1215-Nov-20031215318251118144141 86105 59 83 87 78
SW23250SW1215-Nov-20031215114201110128141 76 89 53 64 65 81
SW23269SW1215-May-20021215521291718163155 94105 69114 87101
SW23303SW1215-Apr-20041215225271218151143106105 89 95 87 82
SW23346SW1215-Aug-2002121461218 8 5123133 71 76 52 60 54 71
SW23352SW1215-Mar-20041215423271516151150100101 78 95 80 93
SW23367SW1215-Jan-2002121452022 9 9134136 91 86 68 72 63 75
SW23380SW1215-Oct-20041215523281616156152100101 78103 80 96
SW23395SW1215-Sep-20041215524261418147148103105 83 88 87 90
SW23449SW1215-Aug-20041315825291721163155106111 87112 96 99
SW23454SW1215-Jan-2004121532421 815131133103 99 83 65 76 67
SW23476SW1215-Jun-2004121512023 914137136 91 97 67 74 75 73
SW23482SW1215-Jan-2004121481922 912134136 89 93 65 70 70 73
SW23519SW1215-Jul-20041315626261320147146110109 94 86 92 85
SW23527SW1215-Jan-20031114312221113134141 71 95 52 74 76 85
SW23531SW1215-Mar-20041215317241319140146 84107 57 77 90 87
SW23543SW1215-Oct-2004131572021 912131136 91 93 64 63 66 69
SW23555SW1215-Jun-20041215119261520147150 89109 65 90 96 95
SW23570SW1215-Feb-200312145 918 7 8123131 64 84 48 60 61 68
SW23592SW1215-Dec-2003121472022 815134133 91 99 68 72 80 71
SW23607SW1215-Jun-2004121552120 818128133 94105 69 62 87 67
SW23630SW1215-Apr-20041215525221119134141106107 89 68 90 78
SW23642SW1215-Nov-20011214512231111137141 71 91 52 77 68 83
SW23656SW1215-Dec-20031315626231122137141110113 94 70100 76
SW23689SW1215-Jul-20041215421271415151148 94 99 69 95 76 90
SW23702SW1215-May-20041215126261320147146110109 98 90 96 89
SW23710SW1215-Aug-2004121552521 820131133106109 89 65 94 67
SW23735SW1215-Jul-20041215419251121144141 89111 63 83 98 78
SW23747SW1215-Nov-20041315827281624156152113117100101107 94
SW23751SW1215-Sep-20041315622241021140138 97111 71 75 96 72
SW23768SW1215-Sep-20041315621241017140138 94103 67 75 81 72
SW23784SW1215-May-20041215124291518163150103105 85115 89 95
SW23796SW1215-Jan-20051315717261415147148 84 99 56 86 74 88
SW23838SW1215-Nov-20041315723231518137150100105 76 70 85 91
SW23845SW1215-Sep-20041315726271319151146110107 94 93 89 85
SW23866SW1215-Jun-20041215219201113128141 89 95 63 62 70 78
