EAEA4001518110000000000000000000010000000000000   1     000       0       00 0
EAEA40056181100000010   000000000100000   00000   2     000       0       00  
EAEA40108180001000000   000000000100010   110000  1   101 0       0       00 0
EAEA40129180000000000   000000011000010   00000001    10000       0       00 0
EAEA40141181100000000110010000000100000  00 000   1     000       0       00 0
EAEA4015718111000000000000000000010001000000000   2   1  00       0       00 0
EAEA40185181100000000   000000000101010   00000   1 2 1 000       0       00 0
EAEA4023518010000111100000000011011011 1000000112 22 21 110       0         1 
EAEA40247181100000000100000001000101100 0000000   1 22  000       0       00 0
EAEA40251180100000000000000001000010010100000001   1  1 000       0       00 0
EAEA4030418110000000000000000000010011000000000   1  11 000       0       00 0
EAEA40312181111110000   000001010100010   00000 2 2   1      1   1        00 0
EAEA40353181100000000   000010000000010   0000        1 000       0       00 0
EAEA40399180110100000   000000000100000   000001  2      0        0       00 0
EAEA40414180111001000   000000001110010   000010 111  1   0       0        1 0
EAEA40422180110000000   000000000101010   000000  0 0 1  00       0       00 0
EAEA40436180100000000   000000000100000   000000  2     000       0       01 0
EAEA40450181110000000110000001000100010  000000   2   1  10       0       00 0
EAEA40475180001000000   000011000100000   0000 1  0    10 0       0       00 0
EAEA40497180001000000110001002000000000  000 100       10 0       0       00 0
EAEA4050518111000000000000000000000000000000000          00       0       00 0
EAEA40518181100000000111000000000100010   00000   2   1 000       0       00 0
EAEA40526180000000000   000000000000010   000000      10000       0       00 0
EAEA40560180110110000   000001000100010   000001  2   1  0  1    1        00 0
EAEA406191801000000000000011010001000 000000  00  1     010       0       00 0
EAEA40631180100100111   11000000101000      0000 2 0    01        0       1 1 
EAEA40643181100000000   000000000100010   00000   2   1 000       0       00 0
EAEA40655181000000000   000001000000000   00001        1000       0       10 0
EAEA4066418110000000000000000000010001000000000   2   1 000       0       00 0
EAEA40692180000000000   000000000000110   000001     111000       0       00 0
EAEA40724180100000000   000000000000010   000000      1 000       0       00 0
EAEA40739180110001000   000000000110000   000000  11     10       0        0 0
EAEA40746181100000000   000000000000010   00000       0 000       0       00 0
EAEA40752180000000000   000000000000100   010001     2 1000       0       10 0
EAEA40767180011000000   000001000000000   000011       1  1       0       10 0
EAEA40778181100001000   000011000100010   0000    1   1 000       0        0 0
EAEA40780181100000000   000001000100000   00000   2      00       0       00 0
EAEA4082118110000000000000000000010001000000000   1   1 000       0       00 0
EAEA408491811000000000000000100001000100000000    1   1 000       0       00 0
EAEA40865180110000000   000000001111110   000001 222211  00       0       00 0
EAEA40876180100000000   010010000100010   0 00 0  2   0 000       0       00 0
EAEA40882180000000000   000000000000100   000001     1 1000       0       00 0
EAEA4090918111001000000000000000010000000000000   2      00  1   1        01 0
EAEA4091718110000000111000001000010001   00000    2   1 000       0       00 0
EAEA40925181010000000   000000000100110   00000   1  210 00       0       00 0
EAEA40958180100000000000000000000100000000000000  1     000       0       00 0
EAEA40972180000000000   000013100000000   1100 0       1110       0       10 1
EAEA40986180100000000000000000001100010000000000 22   1 000       0       00 1
EAEA40994181100000000100010000000100010 000 000   2   1 000       0       00 0
EAEA41010181110000000111010000000100010   0 000   2   1  00       0       00 0
EAEA4104718110000000000000000000010001000000000   2   1 000       0       00 0
EAEA410511800000000000000100000001000000000 0000  1    0000       0       11 0
EAEA4107918110000100111100001211111111    0000  1122221 111       0        0 0
EAEA4108418110000100110000000000010101  0000000   1 1 1 100       0        0 0
EAEA41096181110000000   000000000100010   00000   2   1  00       0       00 0
EAEA41111181000000000   000000000000110   00000      010000       0       00 0
EAEA41124181111110000   000000000000010   00000       1       1  1        00 0
EAEA41152180000000000000000000000000000000000000       0000       0       00 0
EAEA41178180000000000   000001000000010   000000      11000       0       00 0
EAEA41195181000000000   000000000000010   00000       10000       0       00 0
EAEA4120718110000000000000000000000001000000000       1 000       0       00 0
EAEA4124218110000000000000000000010001000000000   2   1 100       0       00 0
EAEA41274181100000000   000000011100010   00000 112   1 000       0       00 0
EAEA41289180100000000   000000010000010   0000011     1 000       0       00 0
EAEA41325181100000000   000000001100010   00000  11   1 000       0       00 0
EAEA41333181011000001   00001000010011    0000    2  211  0       0       00 0
EAEA41361180100000000000000000000100010000000000  1   1 000       0       00 0
EAEA41372180110000000   000000000100010   000000  2   0  00       0       10 0
EAEA41386181110000000   000001001000010   00000  0    1  00       0       00 0
EAEA4139418110000000000000000000010001000000000   2   1 000       0       00 0
EAEA4141918010011000111101000001010100    0 00012 2 2   00    1  1        11 0
EAEA41431181100001000   0000000100100 0   00000 2  2    000       0        0 0
EAEA41443181100000000   00000         0   0000          000       0       00 0
EAEA41455181100000000100000010010100010 000000  1 1   1 100       0       00 0
EAEA43011180100000000000000000000000010000000000      1 000       0       00 0
EAEA43024181100000000   000011000100110   0000    1  21 000       0       00 0
EAEA43039180110010010100000000001111010 00000001 1212 1  101     1        00  
EAEA43052181100000000100010000000100010 000 000   2   1 000       0       00 0
EAEA43067181110000000   000000000110010   00000   22  1  00       0       00 0
EAEA430781800000000000000000000100000000000000111      1000       0       10 0
EAEA4309518111100100100000000001110001 00000000 112   1   0       0        0 0
EAEA4313818110000100000000000000011001000000000   11  1 000       0        0 0
EAEA43145181100000000   000000000100010   00000   1   1 000       0       00 0
EAEA43153180100000000   000000000100100   000001  2  2  000       0       00 0
EAEA43166180100000010   000000000101000   000001  1 1   000       0       00  
EAEA43177181100000000   000000000000010   00000       1 000       0       00 0
EAEA43181181111000000   000012000100010   0000    1   1   0       0       00 0
EAEA43206180110010000100000000000100010 00000000  2   1  00  1   1        00 0
EAEA4323118110000010000000000301011001000000000 1 11  1 000       0       1 10
EAEA43255180100000000   000000000100000   000000  1     000       0       00 0
EAEA43270181110000000   000000000000010   00001       1  00       0       00 0
EAEA43292181111000001   00000100010001    00000   1   1   0       0       00 0
EAEA43334180010000000000000000000000010000000000      10 00       0       00 0
EAEA43357181100000000   000000010000010   00000 1     1 000       0       00 0
EAEA43373180011000000000000001000000010000001001      10  0       0       00 0
EAEA43390180000000000   000101000000000   000 01       1000       0       00 0
EAEA43426181110000000   000001000100010   00000   1   0  00       0       00 0
EAEA43459180000000000   000000000000010   000000      10000       0       00 0
EAEA43548181101000000100000000000100010 0000000   1   1 0 0       0       00 0
EAEA4355018110000100110001000001011001  000 000 0 11  1 000       0        0 0
EAEA43583181100000000   000000000111010   00000   212 1 000       0       00 0
EAEA43602180010000000000000002000010010000000001   1  11 11       1   1  100 0
EAEA4362318110000000000000000000000001000000101       1 000       0       10 0
EAEA43635181100000000   000010000100010   0000    1   1 000       0       00 0
EAEA43651180000000000000000000001100000000000001 11    0000       0       00 0
EAEA4368418110100000110000000000010001  0000000   1   1 0 0       0       01 0
EAEA43707180100000000110000000001101010  0000000 12 2 1 000       0       00 0
EAEA43715181100000000   000000001100010   00000  22   1 000       0       00 0
EAEA43742180100000000   010000000100000   0 0001  1     000       0       00 0
EAEA4377418110000000000000000000110001000000000  12   1 000       0       00 0
EAEA43789181100000000   000010000000010   0000        1 000       0       00 0
EAEA4381718110100100000000000000111000000000000  010    0 0       0        1 0
EAEA43825181100010000110100001000100000  0 0000   1     1011     1        00 0
EAEA4384018100000000000000000000100001000000000  1    10000       0       00 0
EAEA43858180010000000   000000000000000   000000       0 00       0       00 0
EAEA4386118011011000111100000000000001    000000      1  0   1   1        00 0
EAEA43886181101000000   000001001101010   00000  12 1 1 0 0       0       00 0
EAEA43913181101000000100000011000100010 000000    1   1 0 0       0       00 0
EAEA439211811000000000000000100001000100000000    2   1 000       0       00 0
EAEA43937180100000000   000000000000010   000001      1 000       0       01 0
EAEA439651811110000000000000100100011100000000  1   111   0       0       00 0
EAEA43982181100000000110000000000100010  000001   2   1 000       0       00 0
EAEA43998181100000000   100000011111110    0000 1220221 000       0       00 0
EAEA44017180010110000   00000 010100000   0000111 2    1 0  1    1        00 0
EAEA44025180100000000   000000000101010   000001  1 2 1 000       0       00 0
EAEA440331800000000000000100000011000100000 0011 12   11000       0       00 0
EAEA44040180101000000000000000000101010000000000  2 2 1 0 0       0       00 0
EAEA44058180110000000   000010010100110   0000 01 2  20  00       0       10 0
EAEA440721811000010000000000100001100100000000    22  1 000       0        0 0
EAEA4408618110000000100000000100010001 00000000   2   1 000       0       00 0
EAEA44094180000000000   000002000000000   000000       0000       0       00 0
EAEA4412618010000000111101000000010000    0 0001  2     000       0       00 0
EAEA4414418111100000111000000001010001   000000 2 2   1   0       0       00 0
EAEA44160181100000000   000000010101010   00000 1 2 1 1 000       0       00 0
EAEA44171180000000000100000000001000010 00000001 2    10000       0       00 0
EAEA44200180110000000   000000000100000   000000  2      00       0       10 0
EAEA4421318010000000111101000000110001    0 0001 22   1 000       0       00 0
EAEA44221181100000000   000000000100010   00000   1   0 000       0       00 0
EAEA4424918110000000100000000000110001 00000000  01   1 000       0       00 0
EAEA44254180000000000   000000000000000   000000       0000       0       00 0
EAEA44265181100000000100000000000100010 0000000   1   1 000       0       00 0
EAEA44298181100000000   000000000000000   00000         000       0       00 0
EAEA44302180100000000100000000000100010 00000000  2   1 000       0       00 0
EAEA44310181100000000100110001000000010 00  000       1 000       0       00 0
EAEA4435118110000000110000000000010101  0000000   2 2 1 000       0       00 0
EAEA44368181100000000   00000 000000010   00000       0 000       0       00 0
EAEA44379180010000000   000001001100010   000000 21   11 00       0       00 0
EAEA4439618010000000110000000000000001  00000000      1 000       0       00 0
EAEA44453180100000000   0000000000000 0   000000        000       0       00 0
EAEA44481181100001001   00000000111001    00000  112  1 000       0        1 0
EAEA44515181100000000   000000000000000   00000         000       0       00 0
EAEA45034180000000000   000000000101010   000000  0 1 10000       0       00 0
EAEA45041181100001000   000000000111110   00000   12221 000       0        0 0
EAEA45057181110111000110000000111111110  000000 1111221  0    1  1         1 1
EAEA450621801000000000000100000011000100000 0000 22   1 000       0       00 0
EAEA45085180100000000   000000000100010   000001  2   1 000       0       00 0
EAEA4515818100000000000000000100010101000000000   2 2 10000       0       11 0
EAEA4517218110000000000000000000110001000000000  01   1 100       0       00 0
EAEA45194180100000000000000000000100000000000001  2     000       0       00 0
EAEA45201181100000000   000001000000000   00000         000       0       00 0
EAEA45236180110010000   000001000100010   000000  1   1  00   1  1        00 0
EAEA4524818100000000000000000010010010000000000   1  1 1000       0       00 0
EAEA45275180100000000   010000000000000   0 0000        000       0       00 0
EAEA45283181100001000   000001110010010   00000 1  1  0 000       0        0 0
EAEA45303180000000000   000000000000010   000000      00000       0       00 0
EAEA45311180100000000100000000010100010 100000012 2   0 000       0       00 0
EAEA4532418100000000000000000000010001000000000   1   10000       0       10 0
EAEA4534618010000000100000000110010011 000000000  1  11 000       0       10 0
EAEA45352181100000000    00000010000010    0000 1     1 000       0       00 0
EAEA45367181110000000   000010010110010   0000  2 11  1  10       0       00 0
EAEA45395180100000000000000001000110010000000001  22  1 000       0       00 0
EAEA4540018010000000111000000100010100   0000001  2 1   000       0       00 0
EAEA45437181100000000100000000010100010 0000000 0 2   1 000       0       00 0
EAEA4545418010000000110000000200010000  00000001  1     000       0       00 0
EAEA45476180100000010   000001000101010   000001  2 2 1 000       0       00  
EAEA45498180000000000   010000000000010   0 0000      10000       0       00 0
EAEA4550618110000000000000000000010101000000000   1 2 1 000       0       00 0
EAEA4552718111000000000000000000010001000000000   1   1  00       0       00 0
EAEA4553118010000000111000000000010001   0000000  2   1 000       0       00 0
EAEA45555180001000000100000002000100001 00000000  1    10 0       0       00 0
EAEA4557018010000000000100000000010000110 000011  2     000       0       00 0
EAEA45588180100000000   000000000100000   000001  2     000       0       00 0
EAEA4559218011000100100010000001011001 100 100011 22  1  00       0        0 0
EAEA4562818110000000110000000000010001  0000000   2   1 000       0       00 0
EAEA4563018110000000110000000000010101  0000000   2 2 1 000       0       00 0
EAEA456421811010010000110000030100110100  00001 1  21 1 0 0       0        0 0
EAEA45663181101000000000000010 101000100000000  1 2   1 0 0       0       00 0
EAEA4567418110000000000000000000010001000000000   2   1 000       0       00 0
EAEA4570218110000001000000000000110010000000000  11  1  010       0       01  
EAEA45735181110000000   000010000100010   0000    2   1  00       0       00 0
EAEA4574718110000000000000000000000000000000000         000       0       00 0
EAEA4575118110000000100001000000010101 0000 000   2 2 1 000       0       10 0
EAEA45768181100000000   000000010101010   00000 1 1 1 1 000       0       00 0
EAEA45796181101110000   000010010000010   0000  2     1 0   1   01        00 0
EAEA45812181100000010   000000010110010   00000 1 12  1 000       0       00  
EAEA4584518110000000111000000001010101   000000 2 2 1 1 000       0       00 0
EAEA4586618100000000000000000000100101000000000  2  2 10000       0       00 0
EAEA45899180110001000   000001000010010   000000   0  1  00       0        1 0
EAEA459181801000000000000000100000100100000000 0   1  1 110       0       00 0
EAEA4594418110000000000000000000010101000000000   1 2 1 000       0       00 0
MWMW0001318111100000111011000000010001   0  000   0   1   0       0       00 0
MWMW00150181100000000   000000000101010   00000   2 2 1 000       0       00 0
MWMW0017518100000000000000000001101101000000000 22 22 10000       0       00 0
MWMW0018318100000000000000000000000001000000000       10000       0       00 0
MWMW00197181110000000100000000000100010 0000000   2   1  00       0       00 0
MWMW00217180100000000   000003000100000   000000  2     000       0       00 0
MWMW00225180110000000   000000001000000   000000 2       00       0       00 0
MWMW00258180010000000   0000110001000 0   0000 0  2    0 00       0       00 0
MWMW00272180111011010   000010000100010   0000 0  1   1   1  1   1         0  
MWMW00286181100000000   000000000110010   00000   10  1 000       0       00 0
MWMW0030618110000110000000000000001000000000000    2    000       0         00
MWMW0031918111000000000000000001100001000000000 22    1  00       0       00 0
MWMW00327181111000000   000000000000010   00000       1   0       0       00 0
MWMW00331181000000000   000010001101010   0000   00 2 10000       0       00 0
MWMW00355181100000000   000000000100010   00000   1   1 000       0       00 0
MWMW0036418100000000000000000000111001000000000  112  11000       0       00 0
MWMW0039218000000000101100000001000001 1  0000001     10000       0       00 0
MWMW0040818110000000100000000000000001 00000000       1 000       0       00 0
MWMW00416180000000000   000000000000000   000000       0000       0       00 0
MWMW0042918111100000000000000000010001000000000   0   1   0       0       00 0
MWMW0044118110100100000000000201011001100000000 0 20  1 0 0       0        0 0
MWMW00457180110000000   000000000100010   000000  2   1  00       0       00 0
MWMW00462181100001000100000000000100011 0000000   1   1 000       0        0 0
MWMW004731801100111000000000100101100100000000 11 11  1  00   1  1          00
MWMW00485181100000000111000000000101011   00000   1 1 1 000       0       00 0
MWMW005391801100000000110100000001000100  0 0000  2   1  00       0       00 0
MWMW0054618110000000110100000000000001  0 00000       1 000       0       00 0
MWMW0055218110000010000000000000110001000100000  11   0 100       0       1 11
MWMW0056718111100000111100000001100001    00000 22    1   0       0       00 0
MWMW00578180000000000   000000000000000   000000       0000       0       00 0
MWMW00580180000000010   000000001110000   000000 111   0000       0       00  
MWMW0059518110000000000000000000010001000000000   1   1 000       0       00 0
MWMW0060418000000000100000000000000000 000000000       0000       0       00 0
MWMW0061218110000000100000001000110011 0000000   22  21 000       0       00 0
MWMW00638181110001000   000010011111010   0000  10111 1  00       0        0 0
MWMW00645181110000000   000000010100010   00000 1 1   1  00       0       00 0
MWMW0065318110000000000000000000010001000010000   1   1 000       0       00 0
MWMW00677181110000000   000000001100010   00000  12   1  00       0       00 0
MWMW0069918110011000110010001000010001  00 000    2   1 10 1     1        00 0
MWMW00718180000000000   000000000000000   000000       0000       0       10 0
MWMW0072618110000000000000000000010001000000000   1   1 000       0       00 0
MWMW0077118110000000000000000000110101100000000  22 2 1 000       0       00 0
MWMW0082818110000000111100000000010001    00000   1   1 000       0       00 0
MWMW00830180010000000   000000000100000   000000  2    0 00       0       00 0
MWMW00856181111000000   000000001000110   00000  1   11   0       0       00 0
MWMW00863180110000000   000003000100010   000011  2   1  00       0       00 0
MWMW00874180000000000100000000000000000 00000000       0000       0       01 0
MWMW00889181110001000   000000011100010   00100 122   0  00       0        0 0
MWMW0089118110000000110001000000010001  000 000   1   1 000       0       00 0
MWMW00947181110100000   110000000110000     000   11     1        0       00 0
MWMW0095118110000000000000000000000001000000000       1 000       0       00 0
MWMW00968180000000000000000000000000010000000000      10000       0       00 0
MWMW0101718110000000000000000000000001000000000       1 000       0       00 0
MWMW01033181000000000   000000100000000   10100        1000       0       00 0
MWMW0108618110000000110000001000010101  000000    2 1 1 000       0       10 0
MWMW01094180110000000   000000000000010   000000      1  00       0       00 0
MWMW01118180100001010   110000000001000     0000    1   000       0        0  
MWMW01144180111000000   000003100100010   000001  2   1   0       0       00 0
MWMW0116018000000000100000000000100001 100000000 1    10000       0       00 0
MWMW01171180100000000   000000000100010   000000  1   1 000       0       00 0
MWMW0119318110000000000000000000000001000000000       1 000       0       00 0
MWMW01200180100000000000000000001101010000000000 20 2 0 100       0       00 0
MWMW01249181100000010   000000010110010   00000 1 12  1 000       0       00  
MWMW0127618110000000000000000001110001000000000 122   1 000       0       10 0
MWMW0130218110                                          0                     
MWMW0132318110000000000000000000000000000000000         000       0       00 0
MWMW01335181110010000   000000000100000   00000   2      000001000        00 0
MWMW01347181110000000   000000001100000   00000  11      00       0       00 0
MWMW01351181100000000   000000010010010   00000 1  1  1 000       0       00 0
MWMW0136818100000000000000000000000000000000000        0000       0       00 0
MWMW01396180111110000   000001000100000   000000  2        0 1            00 0
MWMW01404180100000000   000000001000000   000010 1      000       0       00 0
MWMW01420181100000100110110000000000010  1  000       1 000       0       1 11
MWMW01438181100000000   000010000100010   0000    1   1 000       0       00 0
MWMW0145318011000000000000000001100000000000000002       00       0       00 0
MWMW0152818110000110100000000000011001 00000000   21  1 000       0         10
MWMW01542180000000000   000000011000000   00000011     0000       0       00 0
MWMW01591181100000000   000000001100010   00000  11   1 000       0       00 0
MWMW01608181101000000   000000000100010   00000   2   1 0 0       0       00 0
MWMW01629180000000000   000000000000010   000000      00000       0       10 0
MWMW01657180000000000   000010011111101   0100 0112111 0011       1       01 1
MWMW0167318110100000000000000200010001000000000   1   1 0 0       0       00 0
MWMW01685181100001000100000000010100000 0000000 2 2     010       0        0 0
MWMW01690181110000000   000000001100010   00000  11   1  00       0       00 0
MWMW0170118111100000110000000001111001  0000000 0222  1   0       0       00 0
MWMW0176918110000000000000000000000001000000000       1 000       0       00 0
MWMW01775181111000000111000000000100000   00000   2       0       0       00 0
MWMW0182418110100000100000000000010101 00000000   2 2 1 0 0       0       00 0
MWMW01839180110000000   000000000000000   000000         00       0       00 0
MWMW01846181110010000   000000000000010   00000       1  000001001        00 0
MWMW01852181111000000   000001000100010   00000   1   1   1       0       01 0
MWMW0189518110000000000000000000010101000000000   1 2 1 000       0       00 0
MWMW01906180100000000000000000000000010000000000      1 000       0       00 0
MWMW019271811110010100000000100111110110000000  21110 1   1       0        1  
MWMW0194318110000000111100001001010001    0000  1 2   1 000       0       00 0
MWMW01970180011100000   000010000100010   0000 1  1   10          0       00 0
MWMW01988181101100000110010000000100010  00 000   2   1 0         0       10 0
MWMW01992180100000000000000000000100010000000001  2   1 000       0       00 0
MWMW02008181000000000   000000001100010   01000  22   10000       0       01 0
MWMW02016180000000000   000000000000000   000000       0000       0       00 0
MWMW02041180000000000   000000011000000   00000011     0000       0       00 0
MWMW0205718110000000100000000000110111 00000000  12 221 000       0       00 0
MWMW02090181100000000110000000000100010  000000   2   0 000       0       00 0
MWMW0211718110100100100000000001111100 00000000 22222   0 0       0        0 0
MWMW02125181111000000   000002001101010   00000  22 1 1   0       0       00 0
MWMW0215818110000000000000000000000000000000000         000       0       00 0
MWMW0216118111000000100000001000011111 0000000    21111  00       0       00 0
MWMW02172181101000000   000010000100010   0000    1   1 0 0       0       00 0
MWMW0218618110000000000000000000110001000000000  22   1 000       0       00 0
MWMW0222218110000000000000000000010001000000000   2   1 000       0       00 0
MWMW022361811100001000000110011001100111110  00   11  1  00       0       1 11
MWMW0226918110000000000101000000110010001 0 000  22  1  000       0       11 1
MWMW02275181111000000100000000001100010 0000010  22   1   0       0       00 0
MWMW02311181100000000100010000000101110 000 000   2 111 000       0       00 0
MWMW0233918111000000000000000000111001000000000  222  1  00       0       00 0
MWMW0236718110000000100000000001010001 00000000 1 1   1 000       0       00 0
MWMW02378181000000000   000001000101010   00000   1 1 00000       0       00 0
MWMW02380181110101100   000001011111011   00000 22221 1  0        0         10
MWMW02400181100000000   000000000110010   00000   11  1 000       0       00 0
MWMW02476180000000000   000000000000000   000000       0000       0       00 0
MWMW02531181100000000   000000000100000   00000   1     000       0       00 0
MWMW02543181100000000   000000000000010   00000       1 000       0       00 0
MWMW0257018110000000000000000100000001000000000       1 000       0       00 0
MWMW02588180010000000   000001000100000   000001  1    1 00       0       00 0
MWMW0259218111000100110000000001011101  0000001 1 221 1  00       0        0 0
MWMW0261518110000000110000000301011101  0000000 1 112 1 000       0       00 0
MWMW0266318111100000111100000000001001    00000    1  1   0       0       00 0
MWMW02674180111001000   000000011110010   0000001111  1   0       0        0 0
MWMW0268918111000000111100100100110001    00 00  12   1  00       0       10 0
MWMW0271018110000100100000000000010101 00000000   1 2 1 000       0        0 0
MWMW0272318110000000000000000000110011000000000  22  21 000       0       00 0
MWMW02735181110000000   000000000100000   00000   1      00       0       00 0
MWMW02747181100000000   000000000000000   00000         010       0       00 0
MWMW02751180100000000111000000001100010   000000 22   1 000       0       00 0
MWMW02779181110000000   000000010111010   00000 1 111 1  00       0       00 0
MWMW02784181100000010   000012111111110   0000  1111111 000       0       10  
MWMW02838181111000000110000000000110010  000000   22  1   0       0       00 0
MWMW0285318011010100111101000110011101    0 0001  221 1  0        0        0 0
MWMW02881181110000000   000000000100010   00000   1   1  00       0       00 0
MWMW028991801101100000000000000111111100000000002222221  0    1  1        00 0
MWMW0292618010000000100000000000000001 000000000      0 000       0       00 0
MWMW0293218110000000110000001000011101  000000    222 1 000       0       00 0
MWMW02971181110000000   000000000100010   00000   1   1  00       0       00 0
MWMW0300518110010100111100000001111001    00000 1222  1 00        0        0 0
MWMW03026181110000000   000010001100110   0000   12  21  10       0       00 0
MWMW0306018110000000000000000000110001000000000  12   1 000       0       00 0
MWMW0307118110000000110000000000010001  0000000   1   1 000       0       00 0
MWMW0320418110000000111000000000010001   000000   1   1 000       0       00 0
NWNW30020181110000001   00000001010010    00000 0 2  2   00       0       00 0
NWNW30045181100101100110000101011111110  0000 0 1111121 00        0         10
NWNW3005318000000000110001000200000000  000 0001       0000       0       00 0
NWNW3007718100000000000000000000100001000000000  0    10000       0       00 0
NWNW30081181100000000   000001001101000   00000  12 2   000       0       00 0
NWNW30099180000000000000000000001011100000000000 1 121 0000       0       00 0
NWNW301131800010010000000000000101100100000000001 12  100 0       0        0 0
NWNW3012118111110111110000001310111101  000000   1112 1           0         1 
NWNW3014918110000000000000000000010001000000000   0   1 000       0       00 0
NWNW30154180110000000   000000001110110   000000 022 21  00       0       00 0
NWNW30182180100000000000000000000000010000000000      0 000       0       00 0
NWNW30205181100000010   000000011111010   00000 02200 1 100       0       00  
NWNW3021818110000000000000000000110011000000000  12  21 000       0       00 0
NWNW30226180100000000   000000010000000   0000001       000       0       00 0
NWNW3024418111000000100000000000010001 00000000   1   1  00       0       00 0
NWNW3025918000000000000100000200000000000 000001       1000       0       10 0
NWNW3026018110000000000000000000010001000000000   2   1 100       0       00 0
NWNW30271181100000000   000101000100010   000 1   1   1 000       0       00 0
NWNW30287181100000000   000000001100110   00000  22  11 000       0       00 0
NWNW30293180010000000   001000001000000   00 000 1     0 00       0       00 0
NWNW30315181100000000   000010000100010   0000    2   1 000       0       00 0
NWNW3032818111100100100000001000111001 0000000   111  1   1       1   1  1 0 0
NWNW30330181110000010   000010000101010   0000    2 1 1  00       0       00  
NWNW30356180110110000   100002000100000    00000  2      0 0 1            00 0
NWNW30363181100001000   000010001010100   0000   1 1 2  000       0        0 0
NWNW30374181100000000   000000011100010   00000 112   1 100       0       00 0
NWNW30389181100000000   000010011100010   0000  111   1 000       0       00 0
NWNW30391180 10000000000000100000100100000000 00  2  2   00       0       10 0
NWNW30409180000000000   000001011001000   00000011  2  0000       0       00 0
NWNW30417180100000000   000000000100010   000001  2   1 010       0       00 0
NWNW30425181010010000   000000000100000   00000   0    1 00   1  1        00 0
NWNW304331800000000000100100030001000100 00 0000  1   10000       0       00 0
NWNW30486180100000000   000000001100000   000000 12     000       0       00 0
NWNW30494180000000000   000001000000000   000000       0000       0       01 0
NWNW305021801000000000000000110111000100000000 1121   1 000       0       00 0
NWNW30523181100000000   000000000101010   00000   1 2 1 100       0       00 0
NWNW30535180100000000   000000011100010   000000122   1 000       0       00 0
NWNW305471811000100000000000100000000100000000        1 000 1   1         00 0
NWNW3055118110000000000000000200010001000000000   1   1 000       0       01 0
NWNW3056818110000000110001000001010000  000 001 2 2     000       0       00 0
NWNW30579181010001000   000000010010010   00000 1  1  10 00       0        0 0
NWNW30584181111001000   000000000110000   00000   11      0       0        0 0
NWNW30603180100000000   000000000000000   000000        000       0       00 0
NWNW30611181000000000   000000000000010   00000       10000       0       00 0
NWNW30624180100000000111000003000100001   000011  2     000       0       00 0
NWNW3063918110000000000000000000000000000000000         000       0       00 0
NWNW30646181111000000   000000001101110   00000  22 221   0       0       00 0
NWNW30652181100000000   000000000100010   00000   1   0 000       0       00 0
NWNW30667181100000000   000000000100010   00000   2   1 000       0       00 0
NWNW30678181110001000   000002000110010   00000   11  1  00       0        0 0
NWNW3068018111100000111001000100011001   00 000   11  1   0       0       00 0
NWNW30706181100000000   0000000011010 0   00000  11 1   000       0       00 0
NWNW307191811100100000000000110001010100000000    1 1 1  00   1  1        00 0
NWNW3072718110000000100000001000010001 1000000    2   1 000       0       00 0
NWNW3074318100000000111100001101101001    0000  21 0  10000       0       00 0
NWNW3076418110000100111100111001010011    00    1 1  11 000       0        0 0
NWNW30770181110000000   000000000000010   00000       1  00       0       00 0
NWNW30788181101000000110000000001111010  000000  0211 1 0 0       0       00 0
NWNW30808180100000000   000000000100010   000000  2   1 000       0       00 0
NWNW3081618110000000100000000000110001 10000000  12   1 000       0       00 0
NWNW30829180100000000   000000010100010   0000002 2   1 000       0       00 0
NWNW30834180100000000   000011110000011   0000 10     1 000       0       00 0
NWNW30873181100000000   000000000100010   00000   2   1 000       0       00 0
NWNW3088518110000000000000000000010001000000000   2   1 000       0       00 0
NWNW30890180100000000000000000000011010000000000   20 1 000       0       00 0
NWNW3090118011100100110000000000011101  00000001  222 1   0       0        1 0
NWNW30922181100000000100000000001100010 1000000  22   1 000       0       00 0
NWNW3093618000000000000000110000000100000000  00    1  0000       0       00 0
NWNW3095018110000000000000111200000100000000        1   000       0       10 0
NWNW3096918110000000100000000100110101 00000001  11 1 1 000       0       10 0
NWNW3099718110000100111000001000111111   10100   122121 000       0        1 0
NWNW3100518010000000111100000001011001    0000011 21  1 000       0       00 0
NWNW31018181100000000   010001000000000   0 000         000       0       00 0
NWNW31026181111010000   100000000100000    0000   2       0   1  1        00 0
NWNW31032181101000000   000010000101010   0000    1 2 1 0 0       0       00 0
NWNW31044181101000000100010000000100010 000 000   2   1 0 0       0       00 0
NWNW3106018111100000000000000000010001000000000   1   1   1       11     100 0
NWNW3107118011011000110000000000110001  00000001 12   0  0                00 0
NWNW31087181100000000   000010001000010   0000   1    1 000       0       00 0
NWNW3110618110000000110000000000010000  0000000   1     000       0       10 0
NWNW31119181100000000   000000000000000   00000         000       0       00 0
NWNW31127180111111010   001110010110010   00   11 12  1     1    1         0  
NWNW3113118110000001111000111100011001   000      12  1 000       0       00  
NWNW31143180000000000   000011010000000   0000 02      1000       0       00 0
NWNW3115518110000000000000000000010011000000000   2  21 000       0       00 0
NWNW31164181110000000   100000000101010    0000   1 1 1  00       0       00 0
NWNW31170181101000000   000000000000010   00000       0 1 0       0       00 0
NWNW311881801101110100000000110101101000000010 10 11 2   0    1  1         0  
NWNW31192181100000000   000010010110000   0000  2 11    000       0       00 0
NWNW3121218110000000000000110000110001000000  0  11   1 000       0       00 0
NWNW31220180100000000   000010000100010   0000 0  1   1 000       0       00 0
NWNW31245180000001000   000000000011010   000000   22 10000       0        0 0
NWNW31253181100000000   010000000100010   0 000   2   1 000       0       00 0
NWNW3127718011100100100000000000011001 000000000  11  1   0       0        0 0
NWNW3129918110000000000000000000000000000010000         000       0       00 0
NWNW3130118110100000100000000000010001 00000000   2   1 0 0       0       00 0
NWNW31322181000000000   000000001001010   00000  1  2 10000       0       00 0
NWNW313361810100000000110001000000000100  000 0       10 00       0       00 0
NWNW3134818110010000111100111301010001    00    1 1   1 00        0       00 0
NWNW31350180001000000000000002000110000000000001  10   10 0       0       10 0
NWNW31369180101000000000000103100100011000000 11  0   1 0 0       0       00 0
NWNW31375181100000000   000000000100010   00000   2   0 000       0       00 0
NWNW31397181011000000   000012000100010   0000    0   10  0       0       00 0
NWNW31403180100001000   001103000110000   11  11  10    111       0        1 1
NWNW3142418110000000110000000000110001  0000000  21   1 000       0       00 0
NWNW31439181110000000   000001000100010   00000   2   1  00       0       00 0
NWNW3144618110000000110000000   110001  0000001  11   1 110       0       10 0
NWNW31467181100000000   000000000100010   00000   2   1 000       0       00 0
NWNW31478181110000000   000000000101010   00000   2 2 1  00       0       00 0
NWNW3148018010000000111000000000000001   0000001      1 000       0       00 0
NWNW3149518110000000100000000000010010 00000000   1  1  000       0       00 0
NWNW32033181100000000   000000000100010   00000   1   1 000       0       00 0
NWNW32058180000000000000000000000001010000000000    2 10000       0       00 0
NWNW32061181100000000   000012000000110   0000       11 000       0       00 1
NWNW32072181110000000   000000000000000   00000          00       0       00 0
NWNW32086181110000000   000003000100010   00000   1   0  00       0       00 0
NWNW3209418110000000110000000100110100  0000000  22 1   000       0       00 0
NWNW32118180110000000   000000000100010   000001  1   1  00       0       00 0
NWNW3214418110000000000000000000000001000000000       1 000       0       00 0
NWNW3216018111100000000000000000110101000000000  12 1 1   1       0       00 0
NWNW3217118111100100100001001001111101 1000 00  21122 1   1       1   1  1 1 0
NWNW3220018111000000110000000000010001  0000000   2   1  00       0       00 0
NWNW32213181010000000   000000000000010   00000       10 00       0       00 0
NWNW32249181111000000   000000000000010   00000       1   0       0       00 0
NWNW32265181100000000   000000000100010   00000   1   1 000       0       00 0
NWNW32276180000000000   000000000000000   000000       0000       0       00 0
NWNW3229818111000000000000000000010001000000000   2   1  00       0       00 0
NWNW32302181100000000   000000010100010   00000 1 1   1 000       0       00 0
NWNW32335180110000000000000000001100000000000000 22      00       0       00 0
NWNW32347181100000000   000000000100010   00000   1   1 000       0       00 0
NWNW32368181110000000   000000000100010   00000   1   1  10       0       00 0
NWNW3238418110100000100000000000110001 00000000  12   1 0 0       0       00 0
NWNW3241218100000000110000000200010000  0000001   1    0010       0       10 0
NWNW3243818110100100110001001000011101  000 00    211 1 0 0       0        0 0
NWNW32445181110000000   000000001101010   00000  22 2 1  00       0       00 0
NWNW32453181100001010   000010010110010   0000  1 21  0 000       0        0  
NWNW3246618111111110100001000100111001 0000 000  122  1       1  1          10
NWNW32481181110110000   000000000100010   00000   0   1  0 1     1        00 0
NWNW32507180010000000   000003100000001   000001       1 10       0       10 0
NWNW32515181110000000100000001010100011 0000001 1 1   1  00       0       00 0
NWNW32528181110110000   000000000000000   00000          0    1  1        00 0
NWNW325301800000000000000000000100000000000000002      0000       0       00 0
NWNW3255618111000110110000000000111101  0000000  1101 1  00       0         10
NWNW32591181110000000   000010000100010   0000    0   1  00       1       00 0
NWNW326081811000010000000000100101100100000000  1 11  1 000       0        0 0
NWNW3262918010000100111000000200011001   0000000  12  1 000       0        0 0
NWNW3264118010000000100000000300010001 000000000  1   1 000       0       10 0
NWNW32673181100000000   0000000011110 0   00000  0010   000       0       00 0
NWNW3268518111000000000000000000110101000000000  11 2 1  00       0       00 0
NWNW32701180000000000   000000000000000   000000       0000       0       00 0
NWNW32750180111000000   000000000100010   000000  2   1   1       0       00 0
NWNW327691811000000000000000100001000100000000    2   1 000       0       00 0
NWNW3277518110000000101000000000010001 0 000000   1   1 000       0       00 0
NWNW3278318110100100111000001000111110   00000   02222  0 0       0        0 0
NWNW3279718110000100110000000000001001  0000000    2  0 000       0        0 0
NWNW3280318111000000100000000200110001 00000000  21   1  00       0       00 0
NWNW32811181100000000   000000010100000   00001 1 1     000       0       00 0
NWNW32824181110100000   000000000100010   00000   2   1  0        0       00 0
NWNW32839181100000010   000000000010000   00000    1    000       0       00  
NWNW3284618110000000100001000000010001 0000 000   2   1 000       0       00 0
NWNW3286718110000100110001000100111101  000 000  1221 1 000       0        0 0
NWNW32878181100000000   000000000100010   00000   2   1 000       0       00 0
NWNW32895181111000000   000000001101111   00000  11 111   0       0       00 0
NWNW32906181101000000   000000000100010   00000   2   1 0 0       0       00 0
NWNW32919181000000000   000000000000000   00000        0000       0       00 0
NWNW3294318110100101110000110000111101  0000  0  1211 1 0 0       0        0  
NWNW32955180100000000000000000000000000000000000        000       0       00 0
NWNW33006180100001010100000002000110010 00000001  22  1 000       0        0  
NWNW33027181100000000   000010001100010   0000   22   1 000       0       00 0
NWNW33031181111100000   000000001100110   00000  12  11           1   1  100 0
NWNW33043180000000000   000000000000000   000000       0000       0       00 0
NWNW3306418010100000110001011310010000  000 1  1  1     0 1       0       10 0
NWNW330701810000000100110000020101100011  11111 2 22   1000       0       10  
NWNW3308818111100000110000001001110001  000000  101   1   1       0       10 0
NWNW33107181100000000111000000000100010   00000   2   1 100       0       00 0
NWNW33115181110000000   000000000101010   00000   2 2 1  11       0       00 0
NWNW334681811000000000110100000001000000  0 000   2     000       0       00 0
NWNW3448918110000000100000000000010001 00000000   2   1 000       0       00 0
NWNW345041800000000000000000120010000000000000 1 2     1000       0       00 0
SOSO1003418110000000100000000000010101 00000000   2 2 1 000       0       00 0
SOSO1004118110000000100000000100011000 00000000   11    000       0       00 0
SOSO10125180100000000   000001000100010   000000  0   1 000       0       00 0
SOSO1013318110000101000000000000011101000000000   211 1 000       0        0  
SOSO10201180000000000   100001000000000    00011       1000       0       00 0
SOSO10222180111000000000000001000100010000000001  2   1   0       0       10 0
SOSO10236181000000000   00000 000000010   00000       10000       0       00 0
SOSO10248181100000000   000000000000000   00000         000       0       00 0
SOSO1025018110100100100000000300011001 10000000   22  1 1 1       0        1 0
SOSO10275181100000010   000000000100010   00000   2   1 000       0       00  
SOSO10303180100000000000000000000000010000000000      1 000       0       00 0
SOSO1031118010000000110000000001010001  000000011 1   1 000       0       00 0
SOSO10346181100000000100000000000100010 0000000   2   1 000       0       00 0
SOSO10367181100000000111110011010100000     00  1 2     000       0       00 0
SOSO10378181100000000   000000000100000   00000   1     000       0       00 0
SOSO10395180100000000   000100000101010   000 00  1 1 1 000       0       00 0
SOSO10400181101000000   000000000100110   00000   2  21 0 0       0       00 0
SOSO10413180100000000111000003000100010   000000  1   1 000       0       00 0
SOSO1042118110000000100000000000010011 00000000   1  21 000       0       10 0
SOSO1043718110100000110000000 00010000  0000000   1     0 0       0       00 0
SOSO1044918111000000000000000001000001000000000 1     1  00       0       00 0
SOSO1045418100000000100000000100010001 00000000   1   11000       0       10 1
SOSO1047618110110000100000000000110001 00000000  22   1 0         0       00 0
SOSO104981811010010000000100000001100100000 000   21  1 0 0       0        1 0
SOSO1051918110001000111101000101010011    0 000 1 2  21 100   1  1        00 0
SOSO1053118110000000000000000000000001000000000       1 000       0       00 0
SOSO10543180010000000000000000000100010000000000  1   10 00       0       10 0
SOSO105551811010000010001 000001110001 000  000 112   1 0 0       0       00 0
SOSO10570181100000000   000001001001110   00000  2  121 000       0       00 0
SOSO10592180100000000   000002001100000   000000 11     000       0       00 0
SOSO1060718110100000000000000001010001000000000 1 2   1 0 0       0       00 0
SOSO10615181100000000   000000000100010   00000   0   1 000       0       00 0
SOSO10628180000000000   000000000100000   000010  2    0000       0       00 0
SOSO10630180110000000100000010000100110 000000 0  2  21  00       0       00 0
SOSO10642180101000000   000010000101010   0000 1  2 2 1 0 0       0       00 0
SOSO10656180000000000000000000000000010000000000      10000       0       10 0
SOSO10674180111000000110010000010100000  00 00011 1       0       0       00 0
SOSO1068918110000000100000000100110010 00000000  22  2  000       0       00 0
SOSO10723180100000000100000001000100010 00000001  1   1 000       0       00 0
SOSO10735181000000100   000001000000000   00000        0000       0       1 00
SOSO10779180111110000   000000000100000   000000  2          1   1        00 0
SOSO10784180000000000   000000000000100   000000     2 0000       0       00 0
SOSO10796180000000000   000000010000000   0000001      0000       0       00 0
SOSO1080418110000000000000000000000000000000000         000       0       00 0
SOSO1083818110000000000000000001010011000000000 1 1  11 000       0       00 0
SOSO1084518010000000110000000000010001  00000000  1   1 000       0       00 0
SOSO10853181110000000   000011010100010   0000  1 1   1  00       0       00 0
SOSO1088118110000100100000000000011001 00000000   21  1 000       0        0 0
SOSO1090518010000000100000000010010001 000000010  2   1 000       0       00 0
SOSO10918180000000000   000000000000000   000000       0000       0       00 0
SOSO10959180100000000   000001001100010   000000 00   1 000       0       00 0
SOSO10993180100000000000000001001100000000000000 11     100       0       00 0
SOSO11001180000000000   000000000000100   000000     2 0000       0       00 0
SOSO1105018110000000110001000100010001  000 000   2   1 000       0       00 0
SOSO11102181100000000   010000000100010   0 000   1   1 100       0       00 0
SOSO11110181100000000   0000010000000 0   00000         000       0       00 0
SOSO11123181111001010   110111001100010     0    22   1   1       0        1  
SOSO1113518110000000000000000000000001000000000       0 100       0       00 0
SOSO11147181100000000   000012000100010   0000    2   1 100       0       00 0
SOSO1115118111000000110000000000010000  0000000   2      00       0       10 0
SOSO11196181011000000   000003000000010   00000       11  0       0       00 0
SOSO1120818110000000000000000000010001000000000   1   1 000       0       00 0
SOSO11216181010000000   000000000100000   00000   0    0 00       0       00 0
SOSO11229181111000 0000000000200010001000000000   1   1   0       1   1  10  0
SOSO11234181100000000   000000000101010   00000   2 1 1 000       0       00 0
SOSO11241180111000000000000002001110010000000001 121  1   0       0       00 0
SOSO1125718010000100100000000001011001 0000000001 12  1 000       0        0 0
SOSO11262181110000000   000010000100000   0000    1      00       0       00 0
SOSO1127318111000000100000000000010000 00000000   1      00       0       00 0
SOSO11290180000000000   000000000000010   000000      11000       0       00 0
SOSO1130518110000100110000001000111011  000000   220 21 000       0        0 0
SOSO11318181111000000   000001000101110   00000   1 111   0       0       00 0
SOSO11326181100000010   000010000100010   0000    2   1 000       0       00  
SOSO11344181000000000   000003000001110   00000     0111000       0       00 0
SOSO11359181111000000   000010001100010   0000   12   1   1       1   1  100 0
SOSO11387180100000001111010001 1010001    0 00011 2   1 000       0       00 0
SOSO11393181110000000   000001000100010   00000   1   1  00       0       00 0
SOSO11407180001000000111000002001100010   000000 12   100 0       0       00 0
SOSO1141518110000000110000000000010001  0000000   1   1 000       0       00 0
SOSO11430180000000000   000000000000110   000000     110000       0       00 0
SOSO11442181100000000   000001000100010   00000   1   1 000       0       00 0
SOSO1147418110000000000000000000010001000000000   2   1 000       0       00 0
SOSO11491181101001000   000002000111010   00001   000 1 0 1       0        1 0
SOSO1150418110100000100000000100010101 00000001   2 2 1 0 0       0       00 0
SOSO115201811110100000000000100111000000000000  112       0   1 1         00 0
SOSO11538181110000000   000001001010110   00000  2 2 01  00       0       10 0
SOSO11553181100000000   000000000000000   00000         000       0       00 0
SOSO1157718110000000100000000100010001 00000000   2   1 000       0       00 0
SOSO1158118110000000100000000200110001 00000000  22   1 000       0       00 0
SOSO11599181100000000   000000000111010   00000   212 1 000       0       00 0
SOSO11600181110110100   001100010111110   01  0 0 10011  1 1   1          0 10
SOSO11613181000000000   000000000000000   00000        0000       0       00 0
SOSO116211801101111000101100020001100100 1  0000  21  1  0 00 1  1          00
SOSO11637180100000000110110000000101010  0  0001  2 2 1 100       0       00 0
SOSO11649180100000000000000000000000010000000001      1 000       0       00 0
SOSO11654181100000000   000000000100000   00000   0     000       0       00 0
SOSO11665180100000000000000000000100000000000000  2     000       0       00 0
SOSO11676181101110100   001110010110000   00    1 11    0     1  1        1 11
SOSO11682180011000000   000000000000010   000000      10  0       0       00 0
SOSO11717180100000000   000000000100010   000000  0   1 000       0       00 0
SOSO1175818011100000110000000100010100  10000000  1 1     0       0       00 0
SOSO11772180100110000111000000010100001   0000010 1     10    1  1        00 0
SOSO1178618111000000000000000000010001000000000   2   1  00       0       00 0
SOSO11794180100000000   000002000100110   001101  1  21 000       0       01 0
SOSO11806180100000000   000000000000010   000000      1 000       0       00 0
SOSO1181918110000000100000000000010001 00000000   2   1 000       0       00 0
SOSO1187018110000000000000000000010101000000000   2 2 1 000       0       00 0
SOSO1188818110000000100000000000010111 00000000   1 221 000       0       00 0
SOSO1189218111000000000000000000010001000000000   2   1  00       0       00 0
SOSO11903180100000010100000000000100000 00000000  1     000       0       10  
SOSO1191118010000000000000000 000000000000000000        000       0       00 0
SOSO11924181100000001   00000100010001    00000   1   1 000       0       00 0
SOSO1193918111000111111110000201111100     0000 00221    00       0         0 
SOSO1194618110000000000000000000010001000000000   1   1 000       0       00 0
SOSO11952181100000000   000000000100010   00000   0   1 000       0       00 0
SOSO11967180111000000   000000000000000   000000          0       0       00 0
SOSO1197818110000000000000000100110001100000000  01   1 000       0       00 0
SOSO1198018110000111110001000000011000  000 000   21    000       0         0 
SOSO1199518100000000000000000000010001000000000   2   10000       0       00 0
SOSO1201318110000000110000000000010101  0000000   2 2 1 000       0       00 0
SOSO12037180100000000000000000000000110000000000     21 000       0       00 0
SOSO1205418110000000110000000000010101  0000000   2 2 1 000       0       00 0
SOSO12076181000000000   000000001000010   00000  2    10000       0       00 0
SOSO1208218110000000000000000200010001000000000   1   1 000       0       00 0
SOSO12098180100000000   000000000100010   000000  2   1 000       0       00 0
SOSO12114181100000000   000000000100000   00000   2     000       0       00 0
SOSO12122180000000000000000000000000110000000011     111000       0       00 0
SOSO12150180000000000   000000000000000   000000       0000       0       00 0
SOSO1216918110011000111100000001111101    00000 22211 1 00    1           00 0
SOSO12175181000000000   000010000000000   0000         0000       0       00 0
SOSO12197181110010000   000000000100110   00000   2  21  00 1  1          00 0
SOSO12209180100000000   000000000100000   000000  2     000       0       00 0
SOSO122171811000000000000000100001000000000000    2     000       0       00 0
SOSO12225180000000000000000000001100000000000001 11    1000       0       00 0
SOSO1224018001100000100000001200111111 0000000 0 1211211  0       0       00 0
SOSO1226118111000000111000000000010001   000000   1   1  00       0       00 0
SOSO1227218111100000100000000001010001 00000000 1 2   1   0       0       00 0
SOSO12294181100000000   000010001100110   0000   12  11 000       0       00 0
SOSO1230618110000000110000000000010000  0000000   1     000       0       00 0
SOSO1231918110000000000000000000010001000000000   1   1 000       0       00 0
SOSO12327181111100000   000000000100000   00000   2               1   1  100 0
SOSO1233118110000000000000000000010011000000000   2  21 000       0       00 0
SOSO1234318110000000000000000000010001000000000   1   1 000       0       00 0
SOSO1235518000000000100000000000000001 000000000      11000       0       00 0
SOSO1236418110000000000000000100111101000000000  1111 1 000       0       00 0
SOSO12370181100000000   000010010111010   0000  2 112 0 000       0       00 0
SOSO12392180100000000000000000000100000000000000  2     000       0       00 0
SOSO1241618110000000000000000000010101000000000   0 2 1 000       0       00 0
SOSO1243418111000100000000000000000000000000000          00       0        0 0
SOSO12441181000000000   000000000000000   00000        0000       0       00 0
SOSO12462180100000000111010000010100000   0 00111 1     000       0       00 0
SOSO12473181110001001   00000000011001    00000   10  1  00       1  1     0 0
SOSO1249018111100100110000000001011001  0000000 0 20  1   0       0        0 0
SOSO1250318110100000000000000200010001110000000   0   1 0 0       0       00 0
SOSO12524181100000000   000001000000000   00000         000       0       00 0
SOSO1253918110000000111100000001010000    00000 2 2     101       0       00 0
SOSO1255218110000000110000000000010001  0000000   2   1 000       0       00 0
SOSO125671800000000000000000030100000110000000102     11010       0       10 0
SOSO12578180100000000111000000000100000   000001  2     000       0       00 0
SOSO1258018111010000110100000200010001  0 00000   2   1  0        0       00 0
SOSO12595180000000000   000000000000000   000000       0000       0       00 0
SWSW2001018110000100000000000000010000000000000   1     000       0        1 0
SWSW200351801111000000000000110111000100000000 0111   1           0       00 0
SWSW20051180000000000   000000000000000   000000       0000       0       00 0
SWSW20068180011000000000000002100100011000000001  1   11  0       0       00 1
SWSW2007918010000000111000000300010001   0000011  2   0 010       0       10 1
SWSW2009618110100100000000000001010001000000000 0 1   1 0 0       0        1 0
SWSW2010318010100000110000000000010000  00000000  2     0 0       0       00 0
SWSW2011118110000000000000000000010001000000000   1   1 000       0       00 0
SWSW20146181100000000   000010000100010   0000    1   1 000       0       00 0
SWSW2017818100000000000000000000010001000000000   1   10000       0       00 0
SWSW2018018110000000000000000000010001000000000   1   1 000       0       00 0
SWSW201951811000000000100000000001000110 000000   2   1 000       0       00 0
SWSW2022818110000000000000000300010101000000000   1 1 1 000       0       00 0
SWSW20230180100001010   000002000110010   000001  12  0 100       0        1  
SWSW20242181100000000   000000010000010   00000 0     1 000       0       00 0
SWSW2026318                 1                                                 
SWSW2027418110100000000000000201111001000000000 0111  1 0 0       0       00 0
SWSW20309181100001000100000000000110010 0000000   10  1 000       0        0 0
SWSW2034018100000000000000000000000001000000000       00000       0       00 0
SWSW20361181110000000   000000000100000   00000   2      10       0       00 0
SWSW2037218110000000110000000101011001  0000000 1 11  1 100       0       00 0
SWSW204191800000000000000100020000011000000 0001    22 1000       0       00 0
SWSW20427180101001000   000000000110010   000000  22  1 0 0       0        0 0
SWSW20431180110000000   000013100101010   0010 1  0 2 1  11       0       00 1
SWSW20443180110000000000000000001001010000000001 1  2 1  00       0       00 0
SWSW2046418110000000000000000000110001000000000  22   1 000       0       00 0
SWSW2048818110000100000000000000010001000000000   2   1 100       0        0 0
SWSW20500181101000000111000010000100011   0000    2   1 0 0       0       00 0
SWSW20513181000000000   000000000000010   00000       10000       0       00 0
SWSW2058218110000000110001000000010001  000 000   2   1 000       0       00 0
SWSW2059818110100000000000000101010010000000000 0 1  1  0 0       0       00 0
SWSW20614180000000000   000001001010000   000000 1 1   0000       0       00 0
SWSW20622180100001000   000000010010000   0000012  2    000       0        0 0
SWSW20636180000000000000000000000000000000000000       0000       0       00 0
SWSW2066918111000  00   000000000100010   00000   2   1  00       0          1
SWSW20697180000000000000000000000000000000000000       1100       0       00 0
SWSW20708180110000000100000003000000000 00000001         00       1   1  111 0
SWSW2071618000000001000100100000000000000 00 000       0000       0       11  
SWSW2072918000000010000100001001000001000 0000 02     10000       0       0 00
SWSW207411811000000000000000100001011100000000    2 211 000       0       00 0
SWSW2075718110000000000000000000111001000000000  222  1 100       0       00 0
SWSW2076218111110100000000000001111101000000000 11221 1           0        0 0
SWSW20773181100000000   000000011000010   00000 11    1 000       0       00 0
SWSW20790181100000000101000000000100110 0 00000   2  21 000       0       00 0
SWSW20818181100000000   000010010100110   0000  0 0  20 000       0       00 0
SWSW20826180000001010100000002000010000 00000001   2   0000       0        1  
SWSW20859180100000000   000000000000000   000000        011       1       10 0
SWSW2086018111000000110000000101111100  0010000 21222    00       0       00 0
SWSW2088718010000000101100000111110000 0  000011022     100       0       00 0
SWSW2089318110000000000000000000000000000000000         000       0       00 0
SWSW20904180100000000000000000000001010000000000    2 1 000       0       00 0
SWSW20920181100000000   100000010000110    0000 1    21 000       0       00 0
SWSW209381811110010000000000100001111100000000    11121   0       0        0 0
SWSW20945181110000000   000000000100000   00000   2      00       0       00 0
SWSW2095318110100000000000000200010001110000000   1   1 0 0       0       00 0
SWSW20966181000000000   000000000100010   00000   1   11000       0       00 0
SWSW20981181100001000   000010010110010   0000  2 22  1 100       0        0 0
SWSW21007180000000000   000000000000000   000000       0000       0       10 0
SWSW21015180000000000   000001000100000   000001  1    0000       0       00 0
SWSW2102818110000000000000000000010001000000000   1   1 100       0       00 0
SWSW21042180000000000   000000000001000   000000    0  0000       0       00 0
SWSW21074181110101000   000013010110110   0000  1 12 11  0        0        0 0
SWSW2108918111000110110000001001111101  000000  22222 1  10       0         10
SWSW2115718111011101100000001100111110 0001000   12111   1   1   1         0  
SWSW211621801000000000110000010101000010  0000111 2     000       0       00 0
SWSW21185181100000001   00000001010001    00001 1 1   1 000       0       00 0
SWSW21190180011100000000000003000000000000000011       1          1       00 0
SWSW21202181000001000   001011010010110   00 0  1  1 211000       0        0 0
SWSW21210181100000000   000010011100110   0000  222  21 000       0       00 0
SWSW21247180100000000000000000001100010000000000 22   1 000       0       00 0
SWSW21251181100000000100000000000100010 0000000   2   1 000       0       00 0
SWSW21268180100000000111000001000100010   000001  2   1 010       0       00 0
SWSW21284180000000000   000002000000000   000001       1000       0       00 0
SWSW2129618110000000000000000001111000000000000 1111    000       0       00 0
SWSW2130418010000000100000000300010001 000000001  2   0 000       0       00 0
SWSW21312181110000000   000003000111010   00101   112 1  00       0       00 1
SWSW21345180110010011   11000200011100      0001  222    00 1    1        10  
SWSW21353181110000000   000000000110010   00000   11  1  00       0       00 0
SWSW2136618110000000000000000001010001000000000 2 2   1 000       0       00 0
SWSW21377180001000000   000000010100010   0000001 0   100 0       0       00 0
SWSW21381180000000000   000001000000000   000000       0100       0       00 0
SWSW21401181000001000   000001100110010   00000   11  10000       0        1 0
SWSW2143618110000000000000000000010000000000000   1     000       0       00 0
SWSW21448181110000000100000000000100010 0000000   1   1  10       0       00 0
SWSW21450180100000000   000000011111010   00000001212 1 100       0       00 1
SWSW21469181110000010   000000011010000   00000 21 1     00       0       00  
SWSW2148318110000000000000000000010001000000000   2   1 000       0       00 0
SWSW2152618100000000000100001000100001000 0000   1    10000       0       00 0
SWSW2153218110000000100000000000000101 00000000     1 1 000       0       00 0
SWSW215441800000000000000000100010110100000000 0 1 11 10000       0       00 0
SWSW21559181110000000   000000000100010   00000   1   1  00       0       00 0
SWSW2157118110000000000100000000010001000 00000   1   1 110       0       00 0
SWSW21606180100000000   000000000111110   000001  12111 000       0       10 0
SWSW21619181100000000   000000000100000   00000   2     000       0       00 0
SWSW21627180000000000   000000000000000   000000       0000       0       00 0
SWSW2164318111000000000000000000010011000000000   2  11  00       0       00 0
SWSW216551801010000100000100000001010000000 0000  2 1   0 0       0       00  
SWSW2168818111000000110000000000010001  0000000   2   1  00       0       00 0
SWSW2172418110000000000000000000010101000000000   2 2 1 000       0       00 0
SWSW217391800000000000000000100000010110000000 0    1 10100       0       11 1
SWSW21746180111001000   100001010100000    000101 1       0       0        0 0
SWSW21752180110000000   000000010100010   0000001 2   1  00       0       00 0
SWSW2177818110000000110000000000010001  1000001   2   1 110       0       00 0
SWSW2178018110100000100000000000110001 00000000  12   1 0 0       0       00 0
SWSW2180018011000000100000000000010001 000000000  1   1  00       0       00 0
SWSW21837180000000000   000001000001000   000011    2  1000       0       00 0
SWSW21898181100000000   000000011100010   00000 212   1 000       0       00 0
SWSW21909181000000001   00000000000000    00000        0000       0       00 0
SWSW2191718110000111000000000201011111111011111 1 11111 110       0         0 
SWSW2193318110000001000000000000111000000000001  111    000       0       00  
SWSW21961181010011000   000000000100010   00000   1   10 00   1  1         0 0
SWSW2198618110000000100000000000010001 00000000   2   1 000       0       00 0
SWSW22019180101101100000000000000110010000000000  22  1 0         0         01
SWSW22031180000100000000000001001101111000000000 12 201100        0       00 0
SWSW2204318111110000110000000300011001  0000000   22  1           0       00 0
SWSW22070180010000000   000002000000000   000010       0 00       0       00 0
SWSW22128181100000000   000000000000010   00000       1 000       0       00 0
SWSW2214218001000000100000010200010001 000000 00  1   00 00       0       10 0
SWSW2218918010000100110000000000011001  00000001  11  1 000       0        0 0
SWSW22191180100000100   000000000100010   000000  2   1 000       0       0 01
SWSW22211181100000000111000010000100010   0000    1   0 000       0       00 0
SWSW2222418100000000000000000000110001000000000  22   10000       0       00 0
SWSW2224618010000000101100000001110001 0  000001112   1 000       0       00 0
SWSW22252181000000001   00000200101111    00000  1 22211000       0       00 0
SWSW22267180000001000   000000000011000   001110   01  0000       0        0 0
SWSW22295180000000000   000001010000000   0000002      1000       0       10 0
SWSW22300181110101010   000001000110010   00000   10  1  1        0        0  
SWSW2231318110000100110000000000011011  0000000   22 21 000       0        0 0
SWSW22349180000000000   000000000000010   000000      10000       0       00 0
SWSW2237618100100100000000000000111111000000000  02111100 0       0        0 0
SWSW2238218100000000100000000000000001 00000000       10000       0       00 0
SWSW22398181110000010   000000000100010   00000   1   1  00       0       00  
SWSW2240218110000000000000000000010001000000000   2   1 000       0       00 0
SWSW2241018100000000000000000000010000000000000   1    0000       0       00 0
SWSW2244718110000000100001000000010001 0000 001   1   1 000       0       00 0
SWSW2245118110110000110001001100010001  000 00    1   1 0         0       00 0
SWSW22468180100000000   000002000100010   000000  1   1 000       0       00 0
SWSW2247918110100000110001000000010001  000 000   2   1 0 0       0       00 0
SWSW2248418110000100100000000000111101 00000000  1212 1 000       0        0 0
SWSW22509181000000000   000000010000010   00000 1     10000       0       10 0
SWSW22517181100000000   000011011010010   0000  11 1  1 000       0       00 0
SWSW22525180101000000000000000000110010000000000  20  1 0 0       0       00 0
SWSW22533181110001000   000000000100010   00000   1   1  00       0        0 0
SWSW22558181101110000   000000000000000   00000         0                 00 0
SWSW22561181100000001   00000101111010    00000 1111 1  000       0       00 0
SWSW22586181100000000   000000000100010   00000   2   1 000       0       00 0
SWSW22594181100000000   000000001001010   00000  2  2 1 000       0       00 0
SWSW226051800000000000000000100000000100000000 1      11000       0       00 0
SWSW2262618111110000100000000100010000 00000000   2               1   1  110 0
SWSW2264418110000000100000000000010001 00000000   1   1 000       0       00 0
SWSW22659181000000000   000010010010010   0000  2  1  11000       0       00 0
SWSW2267118110000000111001000100010001   00 000   1   1 000       0       00 0
SWSW22704181100000000   000000001100000   00000  22     000       0       00 0
SWSW22712180100000000   000000010100000   0000001 1     000       0       00 0
SWSW22720180000000000000000000000001010000000001    2 10000       0       00 0
SWSW2274518110000000110000000000010001  0000000   2   1 000       0       00 0
SWSW22753181100000000   000000001000100   00000  0   2  000       0       00 0
SWSW2276618110000000100000000001010001 00000000 2 2   1 100       0       00 0
SWSW2278118111100101000000000000011001000000000   01  1   1       0        0  
SWSW227991800100000000000000100100000000000000 01      0 00       0       00 0
SWSW228011800                                  0       0                      
SWSW22850181110000000   000010000000010   0000           11       0       00 0
SWSW2286918100000000000000000100100011100000001  1   111000       0       00 0
SWSW2287518111100100000000000201111101100011000 12222 1   1       0        1 0
SWSW22897180000000000   000001001011010   000011 1 02 10000       0       10 0
SWSW22934181110000000   000013001100000   0000   01      00       0       11 1
SWSW22957181100000000   000000001100010   00000  22   1 000       0       00 0
SWSW22962181111111100101001010011111010 0 11 0  21111 1       1  1          11
SWSW22973180000000000   000000000000000   000010       0000       0       00 0
SWSW22985180000000000000000000000000000000000000       0000       0       00 0
SWSW2299018010000000100000000001010101 0000000102 2 1 1 000       0       10 0
SWSW23016180000000000   000000000000000   000000       0000       0       00 0
SWSW2302918110000000000000000200110001000000000  22   1 010       0       00 0
SWSW23034181100000000   000000000100100   00000   1  1  000       0       00 0
SWSW23041180000001100   110001000011000     0000   11  0000       0         01
SWSW23062181100000000   000000000101010   00000   2 2 1 000       0       00 1
SWSW2307318010000110111101000000011000    0 0001  10    000       0         10
SWSW2308518000000000110000001000100101  100000 0 1  2 10000       0       00 0
SWSW2309018110000100100000000000011001 00000000   11  1 000       0        0 0
SWSW23109180111001100000000000001111010000000000 0211 1   0       0         00
SWSW2312518111100          011  000001       0        1   0       0           
SWSW2313318110010101111100000100011011    00000   22 11 00        0        0  
SWSW231401801000000000000000000101000100000000002 2   1 000       0       00 0
SWSW2315818010000000111100000201010011    0000011 2  01 000       0       10 0
SWSW231721810000000000000000100110000000000000  22     0000       0       00 0
SWSW23194180000000000   000000000001010   100000    1 10000       0       00 0
SWSW232011811000000000000000120001000000000000    1     000       0       00 0
SWSW2326918111000000111000000000010001   000000   1   1  00       0       00 0
SWSW23303181100000000110000000000100010  000000   2   1 000       0       00 0
SWSW2333918110000100000000000100111100000000000  0212   000       0        0 0
SWSW23346181100000000   000000000111010   00000   110 1 010       0       00 0
SWSW2336718010000001111100000001011001    0000012 21  1 000       0       00  
SWSW23395181100000000   000000000101110   00000   1 221 000       0       00 0
SWSW2340018110000000000000000100000000000000000         000       0       00 0
SWSW2341318100000000000000000100000001000000000       11000       0       00 0
SWSW23437181010000000   000000000101010   00000   0 1 10 00       0       00 0
SWSW2344918101000101100000000000011001 10000000   11  10 00       0        1  
SWSW2345418110000000000000000000000000000000000         000       0       00 0
SWSW23465180000000000000000000000000000000000001       1000       0       00 0
SWSW23476181100000000100000000011100010 0000000 122   1 000       0       00 0
SWSW23482180100000000   000000000000000   000000        100       0       00 0
SWSW23498180001100000   000010001101010   0000 0 01 2 100         0       00 0
SWSW23519181100000000   000000000000010   00000       1 000       0       00 0
SWSW23531181110011000   000000001111000   00000  2222    00   1  1         0 0
SWSW23543181100000001   00000000110101    00000  22 2 1 000       0       00 0
SWSW23555181111000000   000001001101010   00000  22 2 1   0       0       00 0
SWSW23564180100000000   000000000101010   010011  1 1 1 000       0       00 0
SWSW2358818110000000101100000000010111 0  00000   2 211 000       0       00 0
SWSW23630180100000000   000000000101010   000000  2 2 1 000       0       00 0
SWSW2364218110000000000000000110010001010000000   1   1 100       0       00 0
SWSW2366318111000000000000000000110001000000000  12   1  00       0       00 0
SWSW2368918100000100000000000200011001000000000   11  11000       0        0 0
SWSW23691180110000000000000000000100110000000001  1  11  00       0       00 0
SWSW23702181100000000   000001000000010   00000       1 000       0       00 0
SWSW2371018100000000000000000000010101000000000   0 1 10100       0       00 0
SWSW2373518011100000110000000311110001  00000001221   0   0       0       00 0
SWSW23747181110000000   000000000100010   00000   1   1  00       0       00 0
SWSW23751180110000000000000000001100010000000000 12   1  00       0       00 0
SWSW23768180100000000000000000000100010000000001  2   1 100       0       00 0
SWSW2380418010100000100000000010110110 000000001 22 21  0 1       0       00 0
SWSW23812181100000000   000000000100010   00000   2   1 000       0       00 0
SWSW23820180000000000   000000000000000   000000       0000       0       00 0
SWSW2383818110000100111000000000011000   000000   22    000       0        1 0
SWSW23845180100000000   000000000000010   000000      1 000       0       00 0
